# Binary systems ID's begin with a '2'
ID Gmag (G_BPmag-G_RPmag) e_Gmag e_(G_BPmag-G_RPmag) M_ini1 M_ini2
10 18.997372866751725 0.919962239827293 0.0037829594287248306 0.0381336129385139 1.1594016790052544 -99.0
21 18.409115638354013 0.9281122915918703 0.0032988284963458153 0.02331469958476958 1.173316046691081 1.0713124631912705
12 19.134605424026468 0.8816360058240665 0.0039476120448001415 0.04311996626470247 1.1470944537401537 -99.0
23 19.060442576793406 0.9629289865022729 0.0038555990565465785 0.04033614204363262 1.1292087841615952 0.8899260649170044
14 16.524210604359162 1.4884833898784167 0.0028260755488891016 0.00838758581701557 1.2145133361972749 -99.0
25 18.710371255842418 1.0036957144902992 0.003508447128733237 0.029765155116125534 1.1754315097910768 0.9768208775032021
26 15.38122153045522 1.5710971748196447 0.002775998938535625 0.006718191838778568 1.2244370525039667 1.0323163701266789
27 16.169294435806258 1.3900303874635844 0.002803566467347698 0.00764417883483135 1.2226479924351175 1.0350184128176285
28 18.74124076779458 0.9771993128686711 0.003534046944974868 0.030548946578715597 1.1503979114847038 1.0481379853047914
29 16.06866142130727 1.4262562856714682 0.002798607748690031 0.007479155156535091 1.220192535519354 1.022499707848956
210 19.0999268779506 0.9833753384729744 0.0039036660544215563 0.041791217408810116 1.1356336034734333 0.9228841461794893
211 18.54300747909166 0.9597807305322827 0.003383617532664614 0.025931393093887666 1.1641675850897721 1.0759309367156338
212 18.625625815997857 0.9211115010208324 0.003442413897143709 0.027739703710615453 1.1470307133436795 1.0672649341728422
213 16.556191461215164 1.4369229779246717 0.0028285613853051487 0.008469207825657127 1.2136214780291426 1.0711462316856173
214 18.734438995212173 1.1243970165564356 0.0035283325431977684 0.030374055220382112 1.1913764953837633 0.9698548382033628
115 18.715405327147707 1.2849858904222966 0.0035125636480295578 0.02989124332834118 1.1988778216180214 -99.0
216 16.761214129223287 1.3785035227907505 0.002846716492899584 0.009063002394721117 1.2119233083931695 1.171121495651506
217 18.643057825899835 0.8992192577172979 0.0034555061769976137 0.028141726569813195 1.1510889024167976 1.0260784965018386
218 18.627593533055148 0.9890787638171288 0.003443879400554666 0.02778471589799407 1.1805805377863052 0.957941140462566
219 19.03931940636742 0.970755485526753 0.0038307160473478362 0.03958215503072541 1.122510496181404 0.9178808117489292
220 18.47371428844995 1.0087213596965976 0.003338203359327537 0.024531251513631114 1.1843674961960502 1.0461598390012692
221 18.44576438782939 1.0020891130603182 0.0033208283995098628 0.02399473269356045 1.1844404456784043 1.066666478958186
222 18.571328354284134 1.001659785882943 0.0034031826221754373 0.026533660137562996 1.1629120691349653 0.9463490543127184
123 19.063787456707775 0.872255325760326 0.003859591787771934 0.04045707970751529 1.1513345204868888 -99.0
224 18.664143729592528 0.9243984522666114 0.0034716766450380685 0.0286379648490745 1.143407105841571 1.0896356585924798
225 18.66375193998132 0.9679503098768067 0.0034713728076665147 0.028628643782091283 1.15284292393809 1.0550363494707935
126 18.3792377988251 1.3342819619405302 0.0032815281851245478 0.022779364154586604 1.2025675272287892 -99.0
227 18.696495416482595 0.9377629002821118 0.003497215934996327 0.029421041838973816 1.1758011538732285 0.980659399085544
128 19.071146645741774 0.9311959155198661 0.0038684274286642124 0.04072466062011236 1.1511399870220784 -99.0
229 18.67859446380598 0.9717510690642471 0.0034829739184369986 0.028984458031507378 1.1576722423646832 0.9691211044754203
230 18.559529684045735 0.9476874518556329 0.0033949586762035034 0.026280570985161733 1.1633457042286015 0.9745950887181208
231 18.51927527055996 1.1639958674980055 0.003367678382585706 0.025440333297544936 1.195544178365805 0.9202932954423857
232 18.764226945935523 1.189934946332483 0.0035536729503587257 0.03114932065304228 1.188745203248016 0.9766137254548228
233 19.090274817270117 0.9224003682010935 0.003891725400014193 0.041429923070502694 1.1356993188785345 0.925148344612814
234 16.01414933139333 1.4178385550084442 0.0027961389869628848 0.007396790146059949 1.2241987029765917 1.114147299848372
235 18.606721760097706 0.9210343952910567 0.0034284926688329873 0.027311977936821358 1.145924947314176 1.1284448938472287
236 19.014527753490338 0.975299705748298 0.003802228602011312 0.0387183150948769 1.1312882639991007 1.0013183670421657
237 19.096728718700184 1.0815335401350938 0.0038996957446412917 0.04167109813958018 1.1148686292573051 0.9957711129229312
138 19.051048210954054 0.9457884722076945 0.00384446220761388 0.039998744245060565 1.153586207262817 -99.0
239 18.506255597458384 1.0217521129391482 0.003359106533115928 0.025176092669041493 1.1814032407851094 0.8924473798440031
240 18.77131915459907 0.9663608869846974 0.0035598277094445606 0.03133750897981316 1.1478638430236898 0.8929450314805928
141 18.805099252521007 1.2806686857845744 0.003589800483894714 0.03225335663922633 1.1971925606499416 -99.0
142 18.978646411777873 0.9395029966791947 0.003762329745484567 0.03750726823913497 1.1618244886210962 -99.0
243 18.471059201338655 0.9215960787853669 0.003336530130563572 0.024479604920070702 1.1640310964145613 1.1137853153341186
244 17.303838290474946 1.3203866688942514 0.002919643219258665 0.011418157578383114 1.2095487953846658 0.9884902604052376
145 18.879164809472908 0.9864086682902103 0.003659485642999138 0.034378958448629066 1.1761787382391646 -99.0
246 18.785119704662588 0.9128415160067278 0.0035719404659361686 0.03170774551523013 1.1497719010245808 1.0516827395997617
247 17.945014968902775 1.2652411323165378 0.0030841788462895735 0.01663041013447316 1.2042864509232596 0.9605230862665866
148 18.915808244634643 0.9551980978737851 0.0036960848294796695 0.035493378611259147 1.1697518575064227 -99.0
149 19.121954542802182 0.9682685381700766 0.003931388789026546 0.042629612060952414 1.1485111258188636 -99.0
250 18.635845146970194 1.2333615290869226 0.0034500591102514955 0.02797449145513419 1.1948674560018706 0.9513983390718826
151 18.95960180292901 1.1614952331205448 0.003741774370893009 0.03688280243598238 1.1884457706867644 -99.0
152 19.093192646772486 0.9442533631693139 0.0038953219183705465 0.041538756471843956 1.1500400555985824 -99.0
253 18.623093797463174 1.2443360680583944 0.0034405327067093656 0.027681919749814564 1.1969605611979792 0.9629936906312374
254 18.97527463712374 0.9756044241936658 0.0037586595370008025 0.037395796304319065 1.1328602728976336 1.0175047577159508
255 16.58276582110121 1.45464697052412 0.002830693501964331 0.008539150018731815 1.2130801262044486 1.0235496880172583
256 19.06745107922218 0.9973865653670266 0.0038639816282642504 0.04059003068703831 1.1294674690627295 0.9095125709083363
157 18.91041336823129 1.1141867282080091 0.0036906048535686018 0.035326599871893384 1.1866409494420342 -99.0
258 19.0695653087456 0.902927837884875 0.0038665228873120856 0.040666988303050225 1.114077554870304 1.0417838947523343
259 17.968037784321474 1.2817728842208653 0.0030924769952445264 0.016890806746394246 1.2048211217369469 0.9918286992988065
260 16.149449735689675 1.390651963256889 0.0028025453664783507 0.007610240060864531 1.2229910346487858 0.9604356167170285
161 19.070544880981398 0.9193869400569339 0.0038677022866298203 0.04070270259534063 1.1510816745237684 -99.0
162 18.948586481624552 1.2283121588054449 0.003730077352639972 0.03652727952998773 1.1938719080867763 -99.0
263 18.659668272124552 0.9636025688663399 0.003468213540227933 0.028531717421751826 1.154939696349924 1.0192705197496672
264 16.338173984234633 1.483183273958362 0.0028132044652371155 0.007963529876318858 1.214852801431997 1.0717292975830626
265 18.629687764182744 0.9604020132091045 0.003445442563282329 0.02783272452132793 1.1587592043270447 1.0212374007598304
266 18.683102112331827 0.9526738438544908 0.0034865342369857777 0.029093621775440122 1.1680020766978825 0.9936794220707179
167 18.864802287233747 0.9684230177898749 0.003645532082700469 0.03395373387363621 1.179167667396733 -99.0
268 18.684581048578323 1.028510880068285 0.0034877061515407996 0.029129550677087453 1.1723384803634507 0.8671586685104208
169 18.899100447907458 0.9762256445910092 0.003679216938047372 0.03497992510066838 1.1727651891611268 -99.0
270 18.60100084128303 0.9840236223545806 0.0034243355775302377 0.02718420204435358 1.1855397405861168 1.0034146204032062
171 16.22859722885139 1.4154555370005064 0.002806751994866648 0.007749922677755856 1.2213731802805932 -99.0
272 18.991738567458338 0.8312070937678155 0.0037767084293081525 0.03794386383395538 1.124016361668538 0.9499502666030541
273 18.723617147573723 0.9613288133297269 0.0035193270720713086 0.030098361814909276 1.1668036389303875 0.8993498620062973
174 18.91217333110069 0.9010719770512892 0.0036923890602321863 0.03538090395457814 1.1694800804514198 -99.0
275 17.144515330950526 1.3882727774033436 0.0028936341048677715 0.010582697525380356 1.2109356407605636 0.8970976400817697
276 19.03045321578134 0.9515616227974056 0.0038204401575541464 0.03927063267139913 1.1220918772450814 0.9426815140557873
277 18.604455776608347 0.9581432536294612 0.0034268430160338645 0.02726127560450005 1.164293580113048 1.040986914379987
278 18.727233201481315 0.9944626779531702 0.0035223244594819107 0.030190134410114096 1.1672620038082904 0.9097813923058193
179 18.871044528107277 0.9507854239648106 0.0036515699194644073 0.03413775653878038 1.1770357278261534 -99.0
180 19.14838556529906 0.9138979157960678 0.003965538244207052 0.04366156349060351 1.1463536415582578 -99.0
281 19.09717332294356 0.9818181788204733 0.0039002468695646195 0.041687772818624826 1.1156069639102082 0.9528259337345356
182 16.213863031860306 1.4125463318564702 0.002805941322543474 0.007723031273001516 1.2197656539822193 -99.0
283 18.613167382268298 1.1315879794425157 0.0034332073293797754 0.027456863544024296 1.1931406294867868 1.0693689606376702
184 19.032987165707723 0.9118233135764668 0.0038233669336738664 0.03935936939183197 1.1552246104556951 -99.0
285 15.741431648242866 1.9876835065536453 0.0027857577608820304 0.0070486952039402195 1.2187299092270703 1.118747202297436
186 19.063167833305137 0.9766496338411158 0.0038588510608665557 0.04043464446868617 1.1525211955183505 -99.0
287 19.097796303947906 1.0026282750482476 0.003901019554343172 0.041711150550381264 1.115506992595565 0.9586407576821483
288 19.15668371359746 0.9152591306728154 0.003976462857625624 0.04399150809878612 1.0951895627929722 0.955719493091106
289 18.647730302724177 1.0872858963329863 0.0034590576461610073 0.028250742579831803 1.186586822026737 0.987857445954975
190 16.577134069569702 1.4699493736300233 0.0028302365157454957 0.00852416398485537 1.2142534039040849 -99.0
291 18.68372151482525 0.9233447005974278 0.0034870248253466296 0.029108662584826972 1.1523910128293426 1.0745665240866669
292 18.9572073901694 0.8589588363621047 0.003739219892496256 0.036805171486386665 1.1326405670844204 1.018918268434474
293 18.715674254640174 0.9306975594488552 0.0035127841907590628 0.029897997938093487 1.1451513605268697 0.9888940807554005
294 17.561738784437054 1.2867458860654917 0.0029725247957323882 0.013105312313448435 1.2070016611076815 1.1899221791545949
295 18.688743245658856 0.959090211772346 0.0034910143859464343 0.029230966344602392 1.1484282756395754 0.9384658696472413
296 18.48023669345991 0.9478857099238958 0.003342334249481678 0.02465873860067122 1.1786437028740222 0.8548796647520647
197 19.095461865108003 0.9444815878207803 0.0038981268262159147 0.0416236280900594 1.1499885577639335 -99.0
298 18.66965075631478 0.932778073945597 0.003475961079699838 0.028769389532770452 1.1434003069389447 1.0875726280267384
299 18.589427632831395 0.9065907946466928 0.0034160042913178954 0.026928053761519015 1.1463234368100081 1.1065194882201423
2100 18.671795746164918 1.013105217718458 0.0034776367972595467 0.028820785743671598 1.1777273229381913 0.9817286919689088
2101 19.075543136426877 0.9533575324614194 0.0038737396785854077 0.040885507980227165 1.1141671354795666 1.036573445396524
2102 17.913283215237186 1.309797770650471 0.003073075637715404 0.016281685645788167 1.203025137548875 1.180258729711665
2103 16.527931501571533 1.463420859597007 0.0028263603632267126 0.008396941902410247 1.214385556995256 0.9128303865120679
2104 19.096879273185927 0.9835746513067068 0.0038998823400624395 0.04167674374417147 1.134934069300953 0.9315416128929915
2105 19.027011577620634 0.8780227659880837 0.003816477821413088 0.03915048739569309 1.1097245131568878 1.0863238089775384
2106 19.045352325905338 0.9382606231868404 0.0038377648173941715 0.03979579360024977 1.1364729121574226 0.951802196740686
2107 18.413587142865286 0.9118696309189755 0.0033014661573278013 0.02339627390545492 1.1733508914629325 1.0705104989381908
2108 18.980631830292776 0.9587339672866446 0.0037644971707732795 0.0375730918538779 1.1243213422089064 0.991464790437485
2109 18.861618230368688 0.9302137286147939 0.00364246797557557 0.033860331175300115 1.1383195125784693 1.0445552590375686
1110 18.805804855027635 1.2622588417585758 0.0035904383259002153 0.03227283584358874 1.1971264658025336 -99.0
2111 18.96871215108569 0.9173037348726981 0.003751554527214352 0.037179967965073016 1.1105909027282415 1.0929531263928087
1112 19.062816627495547 0.9566734718525253 0.003858431433648026 0.04042193454411287 1.1523473810121072 -99.0
2113 18.57690546498064 0.9891178405039222 0.0034071067306872893 0.026654389719809206 1.1809223828904805 0.9095224738234611
2114 18.71123648977661 0.9571368698077136 0.003509153061413185 0.029786779145078733 1.166569916511408 0.9141382131272984
1115 16.224215029216044 1.4214005754891248 0.0028065095339946918 0.007741881158153883 1.220243509726859 -99.0
2116 18.591721151206087 0.9415951997824252 0.0034176470552178535 0.026978568624483522 1.1467069733926474 1.085346889611857
2117 16.03519179996722 1.4188945196004532 0.0027970747311904425 0.007428026217700917 1.2242263226951122 0.9202170293222245
1118 18.869084512424017 0.9769697948539163 0.0036496696865266492 0.03407984473649533 1.178290322821738 -99.0
2119 18.640885490686653 1.0010891051596056 0.003453861133280864 0.028091224723342405 1.1630782646258937 0.8894440958601211
1120 19.021192576164783 0.8870466749698378 0.003809811950473186 0.038948336067474186 1.1562281364385745 -99.0
2121 19.027564381862664 0.9430309711563377 0.003817113266116241 0.03916975613195417 1.1219690052693578 0.9499609537260157
1122 18.913779638108732 0.971759288739637 0.003694020465855315 0.03543055471355025 1.1702568824854391 -99.0
2123 15.126310898760476 1.6474774960495224 0.002771065177884705 0.0065494160470920965 1.224852127577619 0.9643265126493455
2124 18.687535112406735 0.9759384323685241 0.003490052589999901 0.029201483375539766 1.1689841112678179 0.9440428516062077
2125 19.042473618981525 1.0022762929045292 0.003834395634797756 0.039693683433217046 1.1309309436474075 0.9924872553196293
2126 18.099866650090696 1.2375820109852598 0.0031441915377935733 0.01850952054099053 1.2019696932517527 1.02300111636502
1127 19.060395635424392 0.93858349550683 0.003855543126228462 0.04033444785263905 1.1524257855504727 -99.0
2128 19.16659492781015 0.9595872028673109 0.003989640426272974 0.04438938038582874 1.0872332400819835 1.050595477810837
2129 16.547830732071766 1.4308793725161895 0.00282790317917337 0.008447603847918744 1.2133935441755235 1.1119275419359473
2130 18.9134553252821 0.9183948264839196 0.0036936908568991683 0.03542052348705829 1.126136830317182 1.0673315877531786
2131 19.041005238462866 0.928466326707885 0.0038326811125388993 0.039641717614159654 1.1365295564236448 0.9537538526521082
2132 15.472140173688858 1.6530723391354383 0.0027781152536576004 0.006790199644925174 1.2164628074908164 0.899769560839976
2133 18.61541063456524 0.9141028710996065 0.0034348558963291 0.027507518399393964 1.1744709550927805 1.03217908870945
2134 19.22699508833275 0.9570791193900449 0.004073077564135443 0.046905752660933234 1.0938641959997368 0.9299315009922824
2135 18.42555025142438 0.9283688214381338 0.00330858611556648 0.02361641321370791 1.1625880055807878 1.0573076789026572
2136 18.783546276936352 0.9755780604390935 0.00357055030440702 0.03166526235348954 1.1479181510731908 0.8759367801153533
2137 18.74881365007226 0.9018159424040233 0.003540458909080082 0.030745141956899938 1.1498407209342532 1.0753302235676458
2138 18.73049219422314 0.9554687184699445 0.0035250359516996984 0.03027314447088786 1.1669522189846293 0.8899487355705056
2139 18.466763538030573 1.133881839272538 0.0033338331850080232 0.02439635059214755 1.195146446339147 1.0961646536578795
1140 19.322799266267175 0.9266108789997207 0.00421714407387077 0.05123972753365393 1.130782986377416 -99.0
1141 18.887281507410407 1.0057992967307707 0.003667467756986167 0.034622120184841614 1.1751951370152443 -99.0
1142 18.20004990138645 1.325212133288081 0.0031887378381164236 0.019898724687291452 1.2043320812877891 -99.0
2143 18.19043720983088 1.2146275283292902 0.003184250869965399 0.019758994442511536 1.2007548250500713 1.1296083078873074
2144 19.188755482221207 0.9367010304475283 0.004019621059054006 0.045294124732491434 1.0864763563079516 1.0513170741305753
2145 18.95445857379778 0.9697324158086758 0.003736295475660973 0.036716290744168656 1.1321272983014858 1.0220549571308486
1146 18.97432978625338 1.2019588047862282 0.0037576334600063345 0.03736463003926859 1.1897078088026158 -99.0
1147 19.29008389865858 0.8983410263470222 0.004166258226405928 0.04971042980590418 1.1352666666088291 -99.0
2148 18.915868582863574 0.9349121399821011 0.0036961463007487085 0.03549524927767552 1.142464744874616 0.9748672637463461
2149 19.04654450816534 1.008610963507985 0.003839163203483635 0.03983817187351326 1.1213168856668705 0.9577967972574216
1150 19.26087423705353 0.9540925210107174 0.004122324088519249 0.04838874571274992 1.1386169566282072 -99.0
1151 16.22534091264948 1.4090114341156508 0.002806571717708185 0.007743943666729657 1.2207388128267775 -99.0
2152 16.009825209026094 1.421225647563103 0.0027959493237437413 0.007390456421950333 1.2241937594037073 1.1754283360852746
2153 16.811080934047343 1.450748427651468 0.002851776140584672 0.009227832118559126 1.2123003176825389 0.8748872822305879
2154 18.937810784867384 0.8944336944110101 0.003718769037221448 0.03618345113224715 1.1429890119931578 0.9627710105686142
2155 18.76978472853137 0.9251866636941407 0.0035584920931272662 0.03129667471106305 1.1596211070041897 0.8884165568198434
2156 17.64728714522945 1.32910198486615 0.0029935911150812226 0.013773850089595942 1.2081703608418155 0.9693241076180454
2157 18.68908169591941 1.0075778815917695 0.0034912840522557977 0.02923923251249251 1.1517055749635654 0.9445340104307215
2158 18.561966552575765 1.2423649714264269 0.0033966486287976575 0.026332586513654305 1.1965610056279228 0.9588678147202544
2159 17.3651772787483 1.3053807832002724 0.0029309158554008384 0.01177900130547669 1.209185268684338 1.14790892043684
1160 18.892535365194114 1.0673176033523015 0.0036726720393274307 0.034780626039732226 1.1861115924862202 -99.0
1161 18.960172036022374 1.208268967642432 0.003742383701250568 0.036901319191327275 1.1932281066238306 -99.0
1162 18.863162978830147 1.0286469892411816 0.003643953210538805 0.03390560654881469 1.182856767989788 -99.0
2163 16.18604466557083 1.3953849056923224 0.0028044455905540527 0.007673381542866346 1.2204520344766434 0.9867243974011244
1164 19.053471241613348 0.8588207931898875 0.003847323830064776 0.040085448575531035 1.1523432902883526 -99.0
2165 19.123550186510137 1.0042314630853548 0.003933422782621843 0.04269110120888208 1.0948762101751943 0.9765118284060128
2166 19.17980051415987 0.9921509762429102 0.0040074193265913 0.044925982758325274 1.116793902024593 0.885350536669942
2167 19.03012194182047 0.8615997441555321 0.0038200581211676812 0.03925904920575449 1.1133712174323769 1.0682245914349886
2168 18.685688626713052 0.9734578165357937 0.0034885850307823426 0.02915649450088912 1.1660831177785922 0.9421049369551869
2169 17.592541558568783 1.282408586913093 0.0029798861073324925 0.013339131816246618 1.2074735174044926 1.073403409327727
2170 18.953800977292197 1.0222070927511544 0.00373559716014766 0.03669506593648068 1.1447363962660058 0.8900202209843464
2171 19.248647888814926 0.9585756946811008 0.0041043431859078845 0.047847460939796166 1.073646042338896 1.0514686073166188
1172 18.954039117712934 1.1450330715053787 0.003735849989006396 0.03670275054296429 1.1882321877818076 -99.0
2173 17.955703272626135 1.2474888112015359 0.0030880055217096638 0.016750515371222893 1.2048151959250446 0.9967599832969845
1174 19.004675474466236 0.9475050648311764 0.003791118313272077 0.03838122463299393 1.1588726123894753 -99.0
2175 19.185177882291992 0.9150234527999102 0.004014732143022597 0.045146632503801305 1.1197819016493784 0.8227961574313887
2176 18.755330648582053 1.0883409809270597 0.0035460191188835108 0.030915236738933538 1.1856799087257044 0.8690980760884686
2177 19.043440627691876 0.9981357347539801 0.0038355262314291785 0.0397279495915002 1.1225993784014525 0.9126150645776286
2178 19.08352617894886 0.9610325722830803 0.00388345044354296 0.04117947784554483 1.1082897680174166 1.0040859829018207
1179 18.871703430920217 0.9752407992056008 0.003652209631563364 0.03415725169016216 1.1775540630262733 -99.0
2180 18.39177678681836 1.296584228403929 0.003288720578474263 0.023001985540095082 1.2012702180942105 0.8555860284164362
1181 18.954563503857873 1.0509725409696933 0.003736406949114311 0.0367196788598615 1.190580388730663 -99.0
2182 16.09571110900658 1.3890457862614345 0.00279988796897604 0.007521811572593481 1.223692014572262 1.1569451087239944
2183 18.797250798467665 0.9958371990024102 0.0035827385041014796 0.032037659728067484 1.1494297840022765 1.0183208613258645
1184 18.864468241385445 1.0430012659756762 0.0036452101246203326 0.03394392012301858 1.1817604453893313 -99.0
2185 18.6880736606953 0.9706768869981236 0.003490481173296251 0.029214621342604774 1.1661213677764335 0.9404854571671907
1186 18.975213979963588 1.2013003059081473 0.00375859363377031 0.037393794574905805 1.1899224751965036 -99.0
2187 18.615982391495425 1.2571213626685611 0.0034352767216919836 0.02752044834936891 1.1969697043479266 0.9699861574285804
2188 18.73000516593705 1.07504123394607 0.0035246301340688935 0.030260721254957615 1.1852270379775092 0.8785016841075527
1189 18.883171529074158 1.0400386215909638 0.003663417156313252 0.03449873331051173 1.1765080845832718 -99.0
2190 19.107005479406947 0.9954836713649533 0.003912502747097037 0.042058522103869546 1.1157583519033345 0.9441759444347511
2191 18.979996371931488 1.0102969313048475 0.00376380295159354 0.03755200922203805 1.1276288276582378 0.9583413153076582
2192 19.134850809885663 0.9701822862590315 0.003947928926111272 0.04312954215381611 1.1029454821213505 0.9119768485648337
1193 19.232709827393755 0.8666279985918549 0.004081258282553775 0.0471522158363668 1.140654558123515 -99.0
2194 19.006008326606068 0.9354776131153025 0.003792614427627153 0.03842662352137939 1.1130468706629946 1.0718671430059723
1195 18.912150313213893 0.9389853851358183 0.0036923657033122487 0.03538019308352077 1.1700162991841032 -99.0
1196 18.857497165617957 0.9608348016632882 0.003638517817102802 0.03373990504126574 1.180897116738709 -99.0
2197 19.084640776917624 0.889096183061293 0.0038848129598918106 0.04122071872898422 1.1153182161930195 0.9696209228443529
1198 17.548563168385602 1.3811182263124666 0.0029694502854534744 0.013007586791200232 1.2091881609496933 -99.0
1199 19.089972057667996 0.8906994718852418 0.003891352868839691 0.04141864941058513 1.150008843758927 -99.0
2200 18.993098850311547 1.0067828343128478 0.003778214109956243 0.037989571903357354 1.1333807973452275 1.014155884624398
2201 18.64462483155277 0.9861060373811492 0.00345669522838706 0.028178227544379167 1.1778535669984362 0.9579342615343375
2202 18.64353286550156 0.9170694002567152 0.0034558664261731477 0.028152785533212064 1.1655867695416509 0.9631199953316381
2203 18.8236558380088 0.9594717327415214 0.0036067382835304135 0.03277047580604673 1.1502003286574758 0.9966781054339138
1204 19.229180610722583 0.8750418113028919 0.0040762001876199615 0.046999834277747184 1.141074338557964 -99.0
1205 18.88706882552409 0.9166987507305424 0.003667257705043045 0.03461572211203181 1.1737055330972843 -99.0
2206 19.376224336029747 0.9055334117435196 0.00430421812558896 0.05385299028015313 1.0972173332781106 0.847874381456107
2207 19.048617727011088 0.9388595643834511 0.003841599317914916 0.039911994782557095 1.1232495325298317 0.8740972680986869
1208 19.381369046142186 0.9377917208951033 0.004312872195096091 0.05411247468089924 1.1209860936947915 -99.0
2209 19.3948583915641 0.8976998413099164 0.00433579334766155 0.05479953942875237 1.0450275154614164 0.8751106736177007
2210 19.205867504317833 0.9801848488750373 0.0040432690561987535 0.046007317329956374 1.0860612487499426 1.0517128285336048
2211 19.093789754222886 0.9871980760187178 0.0038960593154518733 0.04156106941831967 1.1153116587224585 0.9700023376230814
2212 16.171010109707996 1.3895536892725011 0.0028036557817793053 0.007647146396986298 1.2212472831755377 1.1455900229873834
2213 18.695481307012297 0.9175282402790406 0.003496401708459852 0.02939608874195969 1.1548690787630573 1.0088190287102365
2214 18.413626315896842 1.1919641200618605 0.0033014893212975553 0.023396990240443935 1.198845959532167 1.06842655150872
2215 18.865269453158483 1.0136945679950362 0.003645982539201049 0.033967464267026494 1.1544007415729505 0.9381556699730669
2216 19.338871020497745 1.0384119063462713 0.004242810545947521 0.05201049476062567 1.0818070523050278 1.0073659664832857
1217 19.171482446489854 0.9473766641484659 0.003996190949604465 0.04458711453123128 1.1450842914579609 -99.0
2218 18.965805560806324 0.9666007579239704 0.0037484237497062414 0.03708485015836365 1.11068747880626 1.0924229076099357
2219 18.50943044820011 1.0266058736436405 0.0033611856496971377 0.02524019480465628 1.187697269902862 1.0842173478373651
1220 19.096846740041357 0.9477178237582613 0.003899842016296576 0.04167552371633547 1.1499389764941401 -99.0
2221 18.703123368342666 1.0138952036180762 0.0035025595863351186 0.029584785375620516 1.1759486423754302 0.9821909745284756
2222 18.025320185008184 1.2956952469315939 0.003114044034126338 0.01756670801951416 1.2045323997182928 0.8981181973172876
2223 18.565527240171747 1.0074382980248322 0.0033991259771926703 0.02640883020255743 1.1801915831448027 0.9862244008040822
2224 18.297364258726414 1.2926606248396577 0.003236891979187881 0.021395706619837165 1.2022521816113594 0.8568859016108802
2225 19.399979868666826 0.9538673132650413 0.004344583873308592 0.05506295833625968 1.0364019381436775 0.9615456086654219
1226 17.539115654140094 1.3579180700106408 0.0029672725770220855 0.012938341687051375 1.2092099785253534 -99.0
2227 18.69249183290736 0.9506880597397795 0.0034940066632330124 0.029322684572588457 1.1484169524403964 0.9340646454797964
2228 19.198630649165572 0.9498112218322038 0.004033214556019074 0.045704134478458724 1.0862040276152671 1.05157670630812
2229 19.408269847027515 0.9535858485857791 0.004358916584083033 0.0554923634388563 1.0488721893335133 0.9996035490528739
1230 19.423360716649327 0.9055059407889593 0.00438534017592527 0.05628371246001938 1.114991151672389 -99.0
2231 17.998516171029365 1.2048148304053061 0.0031037855455762907 0.017245365995801065 1.2032195562964623 1.1137044808333503
2232 19.120455584963622 0.8986616990649683 0.003929481242210067 0.04257194263863041 1.1039334474524654 0.9363289276164897
2233 19.40408998699401 1.0193816337015933 0.00435167385387987 0.055275386949724246 1.0650695155718268 0.9785372633301141
2234 19.16177444109573 0.9776781469707244 0.003983213621874827 0.04419535068789152 1.1011345795738738 0.9939277015632147
2235 19.348171943640047 0.9731396286884659 0.004257869439355716 0.052462531823718565 1.0966041136283322 0.8618577743112863
2236 19.197527760335547 0.926270292980258 0.004031689170156503 0.045658131932090486 1.0861733928416981 1.0516059128265074
1237 19.34914652018642 0.8375699456619248 0.004259456150900455 0.05251015382897849 1.1244788059347375 -99.0
2238 18.708417829031834 1.1125072829875111 0.003506855785022109 0.02971640710525371 1.1885546599494476 1.0218299018476489
2239 19.387193930457332 1.0285484685089503 0.004322728792677019 0.05440796392406662 1.045156854334322 0.8914811400996752
1240 19.365025536492144 0.9517165080044571 0.004285546205390734 0.05329298349290328 1.1232856088627339 -99.0
2241 18.441668079485872 0.954487076360157 0.00331832585070757 0.023917417061822092 1.1639618274606427 1.1329966763066577
2242 17.96037033724412 1.2716490441070645 0.003089690391469725 0.016803384247277176 1.2051885837492662 0.9426753946539433
2243 17.72805586272897 1.3412566130709629 0.0030153542636903613 0.0144626679963852 1.2072590726092187 0.9330608150343321
2244 19.139501609845496 1.0319322342304162 0.003953950732869624 0.04331150187031222 1.1032005833945684 0.9088773368023026
2245 19.26989769516504 1.0345147532752057 0.004135748162245671 0.048792717550911656 1.0640975664925678 1.0153897261467264
1246 18.224128986787978 1.3120581168852097 0.003200184602809289 0.020254999807842695 1.2040601445809067 -99.0
2247 18.70998343721941 0.955258795748964 0.003508130927421218 0.029755469088542458 1.1499293702547375 1.10579137056564
2248 16.18034515172543 1.3900499282558236 0.002804144663873552 0.00766338712270926 1.2203505127119596 1.1058242083202505
2249 19.413482193559908 0.9983911761366571 0.004367994436965388 0.055764275355517805 1.0801861075659924 0.9179366811856192
2250 19.222854459532805 0.9917559287340413 0.0040671817608260155 0.04672809985311196 1.1007460564945106 0.9125571333426068
2251 19.27918725466498 0.9275314130452521 0.004149705861664254 0.049212624786806575 1.083317293745733 1.0415540544146933
1252 18.907104210780183 0.9302777754699283 0.0036872593078243763 0.03522476664455124 1.1705882777570276 -99.0
2253 19.201726003688766 0.8899593519833225 0.0040375054323494065 0.04583352991876333 1.0859419011534286 1.0518266119034811
2254 16.403885575519066 1.457847047884455 0.002817457656126346 0.008103939325917174 1.2146171039165534 1.1708670892955664
2255 19.048091460240524 0.9496540543685977 0.00384098041539746 0.03989324030474734 1.1231560699538377 0.8796343743376519
2256 18.4992232453881 0.9466554914743512 0.0033545266310078398 0.025034864696985945 1.173766561436819 1.0609437133797566
2257 18.972300386654847 0.9322218923353968 0.0037554331454799335 0.03729779407220133 1.1127011712621053 1.0757494936709575
2258 16.089363053207656 1.425620249536559 0.002799584148098727 0.0075116917175397395 1.2241084283209271 1.060016055107757
1259 19.32279974284581 1.0202954423631534 0.004217144828358103 0.051239750196841585 1.1322242923683807 -99.0
2260 17.072080702906536 1.3973585908453205 0.0028832143924021826 0.010246734889854225 1.2111776004782582 0.9759499831935109
2261 17.400046990560238 1.3278262300773624 0.0029376659809297553 0.011994746042124292 1.2092528819889263 1.0997317442023695
1262 19.422803588272593 0.8739842472028017 0.004384356965600104 0.0562542735349244 1.114734618461144 -99.0
2263 18.83265563200537 0.9739140966658247 0.0036150763868655943 0.03302493009815309 1.1546150190667328 0.9710059289836075
2264 18.53323969626584 1.165152274085032 0.0033770075920681814 0.025727796583787987 1.1955036970211943 0.934322115848619
2265 18.718612067243857 1.0433854462284355 0.0035151976282357333 0.02997191101449634 1.1827421130403848 0.901235484275132
1266 18.860191395480808 0.9961739342841323 0.003641098317454367 0.033818577020060074 1.183550389190549 -99.0
2267 18.917867035182233 0.9680969652198658 0.003698184552066824 0.03555727439479583 1.125502068095281 1.0903082777868451
1268 18.749977233801882 1.2474820658859742 0.0035414487859577208 0.03077542630559208 1.1982539920119886 -99.0
2269 18.60060876367318 0.9220220751315271 0.003424051617425642 0.027175473150733473 1.1468078083328737 1.079714922071074
2270 19.040852515072185 0.9334454563484064 0.0038325029449364813 0.039636317354394615 1.1134096979699877 1.0677924387023023
2271 17.500979596521113 1.2478252836940256 0.0029587050574307796 0.012665711858859712 1.2077217851036544 1.1244604657992834
2272 17.933433669170675 1.2816608803313816 0.003080082160417953 0.016501784453967237 1.2043024869737944 0.953538754918995
1273 19.0442464597813 0.9756265865127287 0.0038364692903594963 0.03975653104060665 1.1546775547153292 -99.0
2274 18.822293743780843 0.8814502416195786 0.0036054834011567446 0.03273217414407761 1.1392964007876578 1.0675576069648862
2275 18.729299997366294 0.9377599766713083 0.0035240429297117536 0.030242744939725653 1.1684985795734324 0.9369015844116654
2276 18.637809906996065 0.8752736789246444 0.003451538696398124 0.028019921331377054 1.1435624035331446 1.0841631764896094
2277 19.50574606598771 0.9599184554737017 0.004537462735050909 0.06083238288287395 1.0600155742078805 0.8831743430618095
2278 19.261147042425037 0.9426718073907828 0.004122728016858253 0.04840090286863509 1.084053662313918 1.0463251686423805
2279 19.403156006293187 0.9350138586375697 0.004350059958707294 0.05522703419250205 1.0651104000501674 0.9769870857025242
2280 18.890267607283743 0.9631640832124572 0.0036704220467086916 0.03471210170422413 1.1423546789910901 0.9880044657871139
2281 19.418534350652067 1.0456134977210862 0.004376842351573984 0.056029256339141416 1.0449412586983176 0.8641931248759254
2282 16.14993375450634 1.393806570393339 0.0028025700112208874 0.007611059443570081 1.218985978805629 1.0958404587289043
2283 19.02582799121382 0.9720427124787506 0.0038151185756658155 0.03910926952860741 1.1311245080120325 0.9972711656717959
2284 19.571292246383123 0.9949394392299206 0.004668571653192597 0.06474347758714334 1.050918728018239 0.897264555468266
2285 18.971808698358178 0.9794676776851124 0.003754900774939932 0.03728162232266709 1.1327241454490904 1.0183805543313744
2286 18.917678828199012 0.9571847807087688 0.0036979924087128134 0.03555142753532291 1.126289041585068 1.061821948078381
2287 18.97772203319616 0.9438737797541797 0.0037613222166564715 0.03747666867120058 1.1105133709888817 1.0933787885787334
2288 19.12071297118877 1.0252715927510847 0.003929808567091776 0.04258183860120706 1.1351794713442773 0.9147070446123997
1289 19.079310105470775 0.9474175661670369 0.003878311448465294 0.04102391658395643 1.1504552916461366 -99.0
1290 18.29584464112855 1.294852415434016 0.0032361003508011113 0.021371134060428898 1.2032996175833937 -99.0
1291 18.79789402956366 1.2892209812917705 0.0035833150227841857 0.03205527060484915 1.197381663088197 -99.0
2292 19.49367258919467 0.991839114277185 0.00451431158184263 0.06014089725662035 1.0548959202927568 0.9606688636253536
1293 19.4606534133916 0.9564258335699922 0.0044525212418655225 0.05829399781924892 1.109862210301359 -99.0
2294 17.002159159904306 1.3549095143664405 0.002873902666857813 0.009945812194169637 1.2110320128437186 1.182914108604893
1295 19.264251633823104 0.9250212973819255 0.0041273332374359775 0.048539500120924395 1.1380392504930505 -99.0
2296 19.301789620527444 0.9813677522557445 0.004184258621673537 0.05025158795344053 1.0934090696557632 0.8975397774651747
2297 19.434942941549927 0.9560439882214797 0.00440591524069194 0.056899643681992816 1.0368937111399634 0.9251683613508318
2298 19.623771732720584 1.1565848189678773 0.004780464362994014 0.06807505381129568 1.0395479639273162 0.9195268593805213
1299 18.868968419538497 0.979226178667089 0.0036495572611087014 0.034076418327673885 1.1783840926997005 -99.0
1300 19.29231862855037 0.9505982075979994 0.004169677063919858 0.049813228260994505 1.1354780082941973 -99.0
2301 19.494962354810443 0.9879131740588449 0.004516770316373795 0.06021434818202148 1.0549141102250268 0.9589624338786101
2302 19.166175023144135 0.9685648078057445 0.003989079262744241 0.044372439659909335 1.0872716198930858 1.0505588873442504
1303 19.27897592508412 0.9033104101442184 0.004149386772234854 0.049203026605142634 1.1364042072670337 -99.0
2304 19.511312608960036 0.9846556106601391 0.0045482391029610224 0.06115416397179468 1.0602994331404432 0.8731475331359915
1305 19.598370998192017 0.8805660636087149 0.004725512458084062 0.0664395740386 1.0972645412809845 -99.0
2306 18.99249538270376 0.8683541506282391 0.0037775458651640092 0.037969286187599094 1.1370100441789912 0.9758316169101867
2307 19.564036407141337 0.9350556458625323 0.004653595767062187 0.06429714471814618 1.0135243920782935 0.9495585989333962
2308 17.07210202087722 1.4066426661429696 0.002883217340297625 0.01024683005040146 1.2111557421409949 1.0025911499395144
2309 19.711116984208914 0.9970815102213223 0.004981393233836904 0.0740442077823918 1.0149100671890998 0.8991541059840489
2310 16.95481821921555 1.3585312663494424 0.002867986788579722 0.009754271076683143 1.2112465965582897 1.1783800973655518
1311 19.489151533711148 0.9720704749328825 0.0045057199758375965 0.05988421234881346 1.1037701212170505 -99.0
2312 19.10636347363139 1.0063904500033027 0.003911698491516028 0.04203419635275566 1.1350244862593093 0.9253390139310916
1313 19.545528240954212 0.9231302385946897 0.004615924118590156 0.0631739381975396 1.1001163708495079 -99.0
2314 19.847468154634363 0.9935988549731378 0.005335642439664161 0.08453024854294312 1.0281582905914721 0.8455186094146656
2315 18.40850127166289 0.9138362285356725 0.0032984670895375157 0.023303521531334415 1.1732678047746192 1.0670239921457574
2316 19.14355191298912 0.9397336080899272 0.003959219792423 0.04347069381759716 1.11634794707002 0.9106834312435178
2317 19.169387137249092 0.95744220506459 0.003993378452909015 0.04450222027298587 1.11998569284912 0.8407194335323289
1318 19.41957358704495 0.8941848784824916 0.004378668392994776 0.056083938052893356 1.1153817156253303 -99.0
2319 19.325657904970218 0.9141481171830215 0.004221676691426628 0.05137587145412375 1.0989618611357026 0.8679048034498176
1320 19.366201249276155 0.8986004551603083 0.004287495864346285 0.05335146691145538 1.1225740883693 -99.0
2321 19.30206465562519 0.9997164810185072 0.004184684305327716 0.05026438312344888 1.045911216893598 0.9746412304139592
2322 19.286305792761464 0.9657700606426463 0.004160497019095144 0.04953718373416816 1.073133459913056 1.02580840820114
2323 19.310156532150696 0.9858631735441375 0.004197265370799902 0.05064249323801469 1.082322406766289 1.0351079354090116
2324 19.056234647904006 0.9937832167581452 0.0038505966195797017 0.04018460263335906 1.12871327987997 0.8524086159347638
2325 18.739384928379476 1.1684956640876023 0.0035324836121258456 0.030501103984510648 1.191375653595055 0.9701473099351899
1326 19.46168067849679 0.8632994650164267 0.0044544104906110715 0.058350496126009704 1.1080487515999176 -99.0
2327 19.73426097760689 1.0569808657012068 0.005037897113595339 0.07571988279235281 1.020982985825721 0.819811448559463
1328 19.764975597763474 0.8679485810066645 0.005115104977919494 0.07800757898883348 1.0697608901845355 -99.0
1329 18.792494598614244 1.2374605058599275 0.003578488034124014 0.03190780970427695 1.197372179435348 -99.0
2330 19.53808065614269 0.915652220124793 0.004600977061255353 0.0627280957782284 1.0538300735666226 0.8460599862359705
2331 18.749446475548584 0.9192074344356149 0.00354099710777197 0.030761607777713265 1.1547774452545219 0.9952571550203739
2332 18.66688729411002 0.9356896978871789 0.003473807927721604 0.028703344666180318 1.150924468556117 1.0386735635881985
1333 19.65409359423257 0.9467635865222394 0.00484807333552259 0.07008543893611185 1.0892983812431847 -99.0
2334 19.47528426139987 1.076973990892438 0.004479628166273198 0.05910445813351347 1.0900683645256541 0.8733015776229397
1335 18.550462695377075 1.3012141599064708 0.003388709808048821 0.02608819994675457 1.2005034115573647 -99.0
2336 19.650590139850166 0.9494976690934523 0.004840147711225307 0.06984986719352397 1.0400706759654001 0.8679961376208274
2337 19.48936258289313 0.9740457931556163 0.004506120108519936 0.059896167635036336 1.0376716975006521 0.8938537249831806
2338 19.476160409065876 0.923695642497285 0.004481265099008067 0.05915338809385111 1.0919520522573645 0.8252902663314722
2339 19.51374181079149 0.8541550970281409 0.004552962239955724 0.06129517826213477 1.0612286237411583 0.8403255343561188
1340 18.89496500945427 0.9408089598353648 0.0036750887906072077 0.03485422353904999 1.1728324331869742 -99.0
2341 18.427909791881223 1.2448190198105042 0.003310001344357304 0.023660160131750436 1.1985681123699603 1.0753095242901458
2342 19.09065284953164 0.9396267295998878 0.0038921907221215607 0.04144400464652495 1.1154119434507168 0.9641692839962765
2343 18.748872168800144 1.1335664402228538 0.003540508661988339 0.030746664127080922 1.187347197194597 0.874651243757832
1344 19.736435437908984 1.03611944663819 0.005043279008170275 0.07587942347781645 1.0766166684239442 -99.0
1345 19.183820061919914 0.8580825930237685 0.004012881587746505 0.04509079925145247 1.143934335401555 -99.0
2346 19.071582788671332 0.9375781420378086 0.003868953287628595 0.040740583890165834 1.1139801600443129 1.0474488574325518
1347 19.793884568405257 0.9149494035823389 0.005190158389981204 0.0802293184063709 1.065165889531057 -99.0
1348 18.951547404054917 1.2187393583821404 0.00373320781301737 0.03662244003360373 1.1878438956401498 -99.0
2349 19.737674999601072 0.9557937128735925 0.005046352660721513 0.07597053374572331 1.021813671395096 0.8196487777848868
1350 19.22804442588397 0.865778506096909 0.004074575910653585 0.04695089720927103 1.1411066764888402 -99.0
1351 19.668101188010418 0.9648011019996552 0.0048800639901243345 0.07103602391222359 1.0872975070600284 -99.0
2352 19.402969855619418 1.115210607412 0.0043497384901097814 0.0552174027295024 1.0753157877176045 0.9224598054994069
1353 19.609785077025485 0.9739551341273274 0.004750018698784742 0.06716909359011054 1.0965441191360787 -99.0
2354 19.116280374184427 0.9287572368201478 0.00392418424275516 0.04241178792357249 1.104679604089005 0.9642784312779947
1355 19.638515095129915 0.6757473310014926 0.004813060488943597 0.06904455873799814 1.0887566917726057 -99.0
2356 16.235345385643367 1.498356331733607 0.0028071276186932043 0.0077623784950339465 1.2151443360635013 0.8901928450814409
1357 19.607870663858346 0.8202170707097775 0.004745887242411444 0.06704612404546878 1.0951357895529414 -99.0
2358 18.77265950287717 0.9257994759500129 0.003560996211701746 0.031373232368503194 1.1609024580936367 0.9488333690005853
1359 19.460832657876608 0.9585172698953704 0.004452850739976536 0.05830385165031039 1.1098577272946941 -99.0
1360 19.760438346151663 0.9210050406994263 0.005103537286755862 0.0776649668420987 1.0711485753565881 -99.0
1361 19.843532852464694 1.12348052742077 0.005324668096410303 0.08420607010953332 1.0559354464504676 -99.0
1362 19.248802468923664 0.8498600400369524 0.004104569038892688 0.047854261179395514 1.1389273231293175 -99.0
2363 19.131263301515915 0.934474889804019 0.003943304538718322 0.04298978955399594 1.1028573918885336 0.9188678068554363
2364 18.519726357443542 1.1231676921808182 0.003367977539770176 0.025449553301546426 1.1898728498801847 1.1346573547708778
1365 18.99529367173812 0.8605532089181531 0.0037806482136421246 0.038063459982938586 1.158958320944018 -99.0
1366 19.786506268808658 0.856279721315529 0.005170778932634679 0.0796558418589665 1.0658698458380564 -99.0
2367 19.33004983684841 0.9568009109876595 0.004228667879764067 0.05158583784696261 1.088798877446521 0.9543325876661822
2368 18.677760517677275 0.9349902741292202 0.00348231713827383 0.02896431862212942 1.1576489084951345 0.971393116742085
1369 19.620040304175667 0.935766880586763 0.0047722967545112596 0.06783205309219666 1.0945146438523836 -99.0
2370 18.412337356792662 1.2190096205879306 0.0033007276439747132 0.023373435252703793 1.1985520768360451 1.0827690555594258
2371 18.484300422244228 1.0831365992321476 0.003344922760080013 0.02473861141343533 1.190562777599639 1.1453885854257317
2372 19.546011101347375 0.9387488395223538 0.004616897371983097 0.06320296482508252 1.0237515114037044 0.9288907540929312
1373 19.112696150962883 0.8979555232942844 0.003919656086289411 0.04227486216864476 1.1487014410817853 -99.0
1374 19.256327297777567 0.9237140672908655 0.004115609222143139 0.04818663073476833 1.13881080261419 -99.0
1375 19.596490075905432 0.9631388665441291 0.00472150308056394 0.06632019454780635 1.0982887163090653 -99.0
1376 19.822287718477863 1.0916492653426229 0.005266223193270253 0.08247893370853791 1.0608259461008565 -99.0
2377 19.67827233862533 0.967032889286124 0.004903599013930768 0.07173508412048582 1.0404053989994626 0.8349980080999182
2378 18.844426902746076 0.92348611714873 0.003626105604663834 0.03336139737435897 1.1544847199618546 0.9510301523934759
1379 19.695270975666777 0.9703138708163218 0.004943515567662956 0.07292020861398907 1.0829661237958417 -99.0
2380 19.80000956401599 1.15057328494183 0.0052063640520287014 0.08070877249657708 0.9911359702582622 0.9101699932119094
2381 19.46551727738866 0.9948891448868316 0.004461485015747172 0.05856204453956469 1.0783548426547749 0.859727413375718
2382 19.287798210146143 0.9564393796720844 0.004162769979220523 0.049605536738139555 1.0830820301316098 1.0400297232236342
1383 19.390771677900165 0.9945119641295778 0.004328813791372079 0.05459035762514087 1.1203231300029655 -99.0
2384 19.44961963643514 0.9535551927269902 0.004432360961664012 0.05769098505570354 1.0793062159827724 0.8726445314599862
2385 19.333772399658354 0.9228809690469157 0.0042346196462994 0.05176456407912436 1.0888502751781262 0.9506729172627142
2386 19.21655089879221 0.9708136183820941 0.004058256794332093 0.04645912714104561 1.1007751401487402 0.9186482862143307
2387 18.559112706607678 1.006712816189724 0.003394669951714796 0.02627168384663249 1.1801533376616273 0.9890054627637906
2388 18.478260682985944 1.0011813030108005 0.0033410796831279893 0.024620023120788675 1.1785221072643581 0.8471842265551806
2389 19.512793440491393 0.9179480701615611 0.004551116829067253 0.06124008285714504 1.0542496036246496 0.9015009362432377
2390 19.72147073432693 0.9822792118619007 0.00500649592246688 0.07478880457134997 1.0409388402219328 0.7824095670320101
2391 18.570402034098237 0.9891245992853995 0.003402533146939209 0.026513676225528623 1.1849644726080202 1.0549364870220015
2392 19.10328612624902 0.9298767305587164 0.003907851182612512 0.04191782259339079 1.1157920808959894 0.9422599369854863
2393 19.52061031573357 1.0084398933846246 0.004566384229367754 0.06169584641523401 1.0381274539486995 0.9067011307018861
1394 19.366806921949568 0.9761840015843793 0.004288501207571465 0.05338162307441684 1.1233086198223345 -99.0
2395 19.128178751289365 0.9206094234479726 0.0039393428188293665 0.04287005050222082 1.1203796602589935 0.8753685580817899
2396 19.585356252559237 0.9737393776876632 0.004697936755639963 0.06561835972955793 1.0589828658708902 0.8317511772427781
2397 18.52763048522428 0.9895586914774425 0.003373243283177315 0.025611821433329886 1.1796415000592666 0.954083975367649
1398 19.64256659418115 0.9564780711312759 0.004822109508945878 0.06931362252041808 1.0912105789968363 -99.0
2399 19.961120064738466 0.939786908259818 0.005673635699534489 0.09449532614235676 0.9771971427737494 0.8882449261431294
2400 19.103538312715163 0.9346571166131118 0.003908165984712559 0.041927345187387444 1.1350715967370921 0.9221072374380227
2401 19.942317641765097 1.0402365159229103 0.005614807248471505 0.09276345104917091 0.9775306803613318 0.884467200565405
2402 19.70327512062358 0.9541737095683533 0.004962567097850685 0.07348562365504194 1.040732688733807 0.8027326784221643
1403 19.769544982974505 0.8582998698328844 0.0051268121908432315 0.07835427298010743 1.0688627456021276 -99.0
2404 19.005730239906 0.9435728151648203 0.003792302099509384 0.03841714623101637 1.1239809578603004 0.9451310337459999
2405 19.544709223658447 0.8955880644456655 0.004614274470842704 0.06312473753884464 1.038642057927066 0.9212074007126778
2406 16.16367680766614 1.3860791562735686 0.002803275183993596 0.007634499516604894 1.2226892733839527 1.130368231026766
1407 18.77547608790689 1.273735689649999 0.0035634572173997197 0.031448465098693354 1.1978420928388067 -99.0
1408 19.246562978033996 0.8344722417175703 0.004101300668613309 0.047755850073356115 1.1390166122569605 -99.0
2409 19.909421695326632 1.1418715127689978 0.005514721604970156 0.08981455653063916 0.9890967115300503 0.9145026492997457
1410 19.709802506121864 0.9665870434999116 0.004978226370973797 0.07395025462531311 1.0804300089095373 -99.0
2411 20.000271462534418 0.9690980962744598 0.005800044373306614 0.09821326212569671 0.9818526578795355 0.7124177017864954
1412 19.066912543302227 0.9520906527495699 0.0038633352489481493 0.04057045538124421 1.1518381983031618 -99.0
1413 19.49061325103665 0.8716655672733421 0.0045084931551609584 0.05996706858741164 1.10176539029172 -99.0
1414 19.244820485286578 0.8909926669193409 0.004098763108663815 0.0476794389049304 1.1396692252072684 -99.0
1415 18.923337940283687 0.8869248135727127 0.003703787034404385 0.035727740652911406 1.167786220090262 -99.0
2416 19.064601050382414 0.9663920689894029 0.0038605651510894195 0.04048656039413234 1.12947385077698 0.9099957668113516
1417 19.91291550409937 1.041767184879405 0.005525183017194761 0.0901229345224157 1.0452943953668536 -99.0
2418 19.740486332321222 0.977095381730045 0.005053339034155293 0.07617761280961621 0.9945210830985907 0.916878394509151
2419 19.073002329528197 0.9384511293320843 0.003870666553821375 0.04079246089915596 1.1140815707544907 1.041550311152646
1420 20.009766603835278 1.0806978430417606 0.005831517672357632 0.09913823945384216 1.034224432716485 -99.0
2421 19.7997754583724 1.046519166207314 0.005205742671493091 0.0806903903166988 0.991029176229785 0.9043385354235862
1422 20.25752448935199 0.8198285477798071 0.006778355857110561 0.1268460069672625 0.9983185132602479 -99.0
1423 18.384329190073156 1.3457383645778564 0.0032844368448915425 0.02286940473427288 1.2025331511237691 -99.0
1424 19.720354471493877 0.898065978620519 0.005003775981556349 0.07470813749107665 1.0778098880853206 -99.0
2425 19.456061775463592 1.0142422537850366 0.004444102385931282 0.0580422078742454 1.0791726306151241 0.870830797652801
1426 17.96155647991 1.3674034405487412 0.0030901199632215183 0.016816862351617057 1.206484585309902 -99.0
2427 18.695347857930884 0.9548238044329692 0.003496294629024887 0.029392807084494557 1.1759952796089326 0.9826752729008387
2428 18.6622008327927 0.9555979306493461 0.003470171171044552 0.02859177904926749 1.1588440927231278 1.000979010351084
1429 19.368575870192856 0.9330675218131936 0.004291441226193532 0.05346980819333113 1.1226256037504423 -99.0
2430 18.75236272265121 1.0209323556955932 0.003543482059356804 0.030837628853275123 1.147741577486491 0.9312362794464242
2431 19.464482393534233 0.9132933011121185 0.004459573837501873 0.058504897436122236 1.0903128349140987 0.8670705321457256
2432 18.59685174000985 0.8770980962956815 0.003421336718741323 0.027092012011017887 1.1550285350919214 1.0324187645019345
1433 20.110655469153336 1.114094803892116 0.0061867078867696365 0.10955830378473448 1.0226581340070717 -99.0
2434 20.108520871807304 1.1203160787612905 0.006178783874392437 0.1093262006642357 0.9699437579010697 0.8644480830111719
1435 20.287206112647816 1.178380068430883 0.0069097896691260995 0.13067584057847306 0.9968895098904462 -99.0
1436 19.22009605008122 0.9083111559097379 0.004063268736602993 0.04661017928251132 1.1420793716812028 -99.0
2437 19.97366041888989 1.264319128600535 0.005713542892142017 0.09566958218318868 0.9802329102718511 0.8262789966905033
1438 19.482822289564986 0.9808842800106294 0.004493762631188955 0.0595269098180979 1.1053286250230607 -99.0
2439 18.99875964878887 0.9130557892431774 0.0037845038597113063 0.038180488883683715 1.1240313722270132 0.9519935320088997
2440 20.01990655487756 0.9586180254921273 0.005865487646455034 0.10013627864429422 0.9526128535537233 0.9267848650665482
2441 18.60448641427405 1.0704621153367153 0.003426865293490602 0.02726196033005337 1.1896680616221165 1.071133198877326
2442 20.101266904505323 1.082424838938924 0.006151992341294359 0.10854132914064987 0.9742268895119645 0.9115769704804967
2443 18.515490988459256 0.8993676457194691 0.0033651744255913437 0.02536315628777549 1.1709260133481907 1.0693571881957837
2444 18.909751141425755 0.8916369328764664 0.003689934384661212 0.03530619270106264 1.1253894759247407 1.0943838123940781
2445 18.60150589179471 0.9508137483406282 0.0034247015354170905 0.027195451376789817 1.1629993160361676 0.916475913589704
1446 18.968330392488365 1.163895450962003 0.0037511427608300286 0.03716745837786688 1.1903806340799141 -99.0
2447 18.695784976984168 0.9153203642214297 0.003496645430690937 0.029403558031332842 1.150723960375362 1.0369343196113918
2448 19.85955625688237 1.1100292613839862 0.005369646448639364 0.08553445777463883 1.0020558203281085 0.9116722641122058
2449 20.049097024856678 1.0552445340975205 0.005965387999872047 0.10306950251584181 0.9516811846923972 0.8670237808212796
1450 20.275396385064422 0.9809527793933279 0.006856988062917735 0.12913769770173886 0.9970806852794611 -99.0
2451 18.688626970466707 0.9295886143796732 0.003490921764416774 0.029228127166485318 1.1439244522671792 1.0130510519875642
2452 18.97380396497753 0.8996333509617502 0.0037570628900281625 0.03734729902639648 1.1105068059939345 1.0934148314964196
1453 19.68319668718257 1.0644015190613252 0.004915086954568552 0.0720762278062159 1.0859893228371873 -99.0
2454 18.533644720120186 1.0080516416940046 0.0033772802875756025 0.02573619729249891 1.1822583178806527 1.058696047649942
1455 19.72824809908546 0.8938415238241473 0.005023080767815784 0.07528061008667422 1.0763978948737625 -99.0
1456 20.07462826680333 0.8309639195128131 0.0060553925350960575 0.1057098593317332 1.0257587256110405 -99.0
1457 19.92284099092847 0.8686972675998812 0.005555119522889443 0.09100520312251946 1.04254409197698 -99.0
2458 19.722522126588252 1.0228565961222964 0.005009060805819719 0.07486487036954438 1.0046738853439003 0.869372117241142
1459 18.943913025031403 0.9692666681975192 0.003725156684961293 0.03637768160019774 1.1662287007082521 -99.0
2460 18.57698876279717 0.9551553052117949 0.0034071655196844185 0.02665619826535877 1.1586256631518492 1.0531066477662652
1461 19.39901014077616 0.9142633534931066 0.004342915683484011 0.05501297229404522 1.1183600056501226 -99.0
2462 20.063127599261797 1.0719115213867934 0.006014541363332992 0.10451172392218411 0.9529501264462265 0.921295663157672
1463 18.868843056981696 1.0598817255215993 0.003649435874730168 0.03407271879982278 1.1841899486500571 -99.0
1464 18.88662929549849 0.9361747254219105 0.00366682376338049 0.03460250433703964 1.1741100254956065 -99.0
1465 19.89414784762334 0.9832500422187367 0.005469449560661916 0.08847964252161054 1.0473322985859805 -99.0
2466 18.315325549189748 1.278914803368379 0.003246348107763035 0.021689138066197884 1.2016246740729593 0.88641479484346
2467 17.911277504733125 1.2431416063515888 0.003072386563189729 0.016260031762590506 1.2046810654888347 1.01970825796458
1468 20.26668628877997 0.9462348571407013 0.00681847549167504 0.12801543453432881 0.9980032441382533 -99.0
2469 15.852467780716296 1.43343443472728 0.0027896183661237574 0.00717850407425575 1.2236339514687529 1.108579067201002
2470 19.651144572830813 1.0220489630908816 0.004841399964555113 0.06988708942562856 1.0198319340606241 0.8535278723027001
2471 19.415075841464457 0.9744217251113405 0.004370780189339719 0.05584770883444336 1.0347220363620668 1.0152931746796847
1472 19.83306831623979 0.9744016153378364 0.005295712298501958 0.08335052867024659 1.0562075098950447 -99.0
1473 20.35419347214888 1.001248488675934 0.007222416181283704 0.1397712550860646 0.9868568286055415 -99.0
2474 19.387668600049196 1.0295443396706596 0.004323534750095425 0.05443212315022603 1.0350397879802857 1.020719530322124
2475 19.677412553374914 0.8998879829490228 0.004901599509195664 0.0716757017119294 1.0089809908257914 1.0019039107457846
2476 20.37328849819843 1.198757679645016 0.007315765811633339 0.14248342121260948 0.9330931653808161 0.8549384434991862
2477 19.949423966298596 1.052197121324105 0.005636900581035186 0.09341398807766878 1.0010806744486207 0.8304271530302667
1478 18.930836328763096 1.2708386101824636 0.0037115198960397224 0.035962978950836166 1.1945699103813723 -99.0
1479 17.664244113228918 1.3633539437741524 0.0029980036238169616 0.013913654009363351 1.2085103870929685 -99.0
1480 19.046734326413215 0.9725547299381949 0.003839386020022079 0.03984492420857405 1.1543782794497153 -99.0
2481 18.710622792483335 0.996034840663027 0.0035086522858758244 0.029771439522107403 1.1664677633894391 0.9206017618205701
1482 20.462220709086196 0.9424592634600732 0.007776892257926453 0.15585749827539236 0.9718811849978884 -99.0
2483 18.324235186044902 0.9473061180947631 0.003251107492591098 0.02183676231782946 1.1623112493788441 1.1442121025259409
2484 19.298478846847242 0.8749890181132732 0.004179144333634639 0.05009785422098352 1.0824147009519796 1.0357059322838182
1485 19.811042589643836 0.8841476872956688 0.00523582814297077 0.08158024558112363 1.060322272935059 -99.0
2486 19.871049363533743 1.117042243612388 0.005402392243071664 0.08650114458663194 0.98544116264072 0.9267803630123835
2487 18.737795571073182 1.1924938305853974 0.003531147255847458 0.030460205288264056 1.1936373358707633 0.9295730859782011
1488 19.63629321125674 1.0618653737263577 0.004808114747652416 0.06889748718057594 1.0933406624819562 -99.0
2489 18.65854643701847 0.9254968380108325 0.0034673480935331845 0.028505163294994855 1.1436817240575152 1.0607267294396934
2490 19.182550361055807 0.9230453385187277 0.004011153590093118 0.045038661503363206 1.1075154137283565 0.9291714293297146
1491 16.213863401930364 1.4157088895605099 0.0028059413427426083 0.007723031943200155 1.2196969438420626 -99.0
1492 19.85982073581898 0.9965662567459362 0.0053703954202620145 0.08555657210562996 1.0522306545129316 -99.0
2493 19.342783356104224 0.9584511071649283 0.004249126430410052 0.0522001010285889 1.0354319371655722 1.0274163992670728
