# Binary systems ID's begin with a '2'
ID Gmag (G_BPmag-G_RPmag) e_Gmag e_(G_BPmag-G_RPmag) M_ini1 M_ini2
10 17.630124898121 0.975612482519396 0.0027275000060831113 0.011257428216205505 1.489541212476769 -99.0
21 17.322791624250726 0.9565121101179078 0.002645050509524658 0.009394990783727152 1.4821495153574635 1.3080072671830725
12 17.579034583156197 1.33789066562923 0.0027122983539926582 0.010907778294316649 1.5376672045666682 -99.0
13 18.349397645578723 0.8586264513239488 0.0030263565692582577 0.018579563721204933 1.3365717038648368 -99.0
14 17.445937802484256 0.9980492603294666 0.0026755903894700984 0.010074838957894416 1.5195721700146663 -99.0
25 15.801606881472118 1.4892563905195608 0.002441389576920003 0.005282742397807937 1.5817365856661427 1.1278512690481244
26 17.603217675638703 0.8994334765758626 0.0027194137081725874 0.011071105359491372 1.4234609664517992 1.0478422325377867
27 17.532383124576015 0.8932356867133198 0.002698968604827199 0.010603410950661672 1.408506252146913 1.2186549495059016
18 18.37837213905431 0.8789217842805165 0.0030425314935844843 0.018996185812630906 1.3281358832124626 -99.0
19 18.054772465770352 0.9001507021819645 0.0028821690464405367 0.014950709915746235 1.4004659521378586 -99.0
110 17.645731477585144 0.9716997468428347 0.0027322734695894085 0.011367765953740293 1.4861496554529947 -99.0
111 14.607464131205235 1.7644571695046245 0.002390770898936809 0.0044558419754114065 1.590958660849623 -99.0
212 17.621402880958243 0.862721093946685 0.0027248590422976047 0.011196493549098113 1.384403291267406 1.2497737375600824
213 18.281932733153294 0.9602777029509354 0.0029901660499271066 0.017654033393576556 1.248370462761416 1.0903584612943107
214 15.659255790123188 1.539806608813462 0.002432424141295231 0.005126770464242911 1.5465304106610436 1.4849203601930916
215 18.441513990116412 0.9669207952041503 0.0030791550504087432 0.019946042807667673 1.2254483456900078 0.963593721917997
216 18.31688520469578 0.9261573946611548 0.0030086630913394585 0.018125910890192845 1.2331672520552324 0.9861429421638394
117 18.012527086313085 0.8973418448700157 0.00286423178825332 0.014510887318088823 1.4044806373290155 -99.0
118 17.878528396726743 0.9326900579751412 0.002811318998831881 0.013230165177341699 1.4393499185257044 -99.0
219 16.982201269237038 0.9295031934295102 0.002575150874417722 0.007890129872652859 1.5274457924626805 1.397758563070155
220 18.92106830182996 1.0387707384254754 0.003429706838078859 0.029437175309548213 1.1220862652772376 1.0034787203401936
221 17.883514299951848 0.922552452930346 0.0028131843618675913 0.013274874014523132 1.3605113060936662 1.0838594903753036
122 16.001108897581545 1.5235150088094005 0.0024558746974281988 0.005541301627577868 1.561590436437905 -99.0
123 17.976575306260234 0.9020344398846228 0.002849453695117942 0.014150635820210849 1.4099710105176915 -99.0
224 18.06278731789614 0.9338426303678213 0.0028856435762407355 0.015036223742898609 1.267716609221439 1.2215080042168194
125 15.134562700387153 1.6659741102778316 0.002407175610795766 0.004707636085814975 1.588936920950329 -99.0
226 16.993676693048666 0.9515082994543924 0.002577198936109413 0.007933097887463278 1.5279570427308653 1.4230918055406647
127 18.049126861828924 0.9016976918980972 0.00287973542998832 0.014890875643748205 1.4008085343177126 -99.0
228 17.012582687403647 0.9392215816606603 0.002580615930076959 0.008004948617621155 1.4899379874695275 1.411472554735322
229 15.52092376699008 1.5911939350131614 0.0024246687045184597 0.00499464439259314 1.5516664361858112 1.3521327412171271
130 17.198323749208758 1.4837851194467042 0.0026171927652340484 0.00878618960846191 1.5407800546581758 -99.0
131 18.099671720132843 0.8584118503611428 0.0029019342732610463 0.015438514385268668 1.393214570997949 -99.0
232 17.431622006995063 0.8731587179257008 0.0026718779312602035 0.00999153670703663 1.4102415533779475 1.2862688005958445
233 17.351202867702323 0.9232480013550828 0.0026518223894616425 0.009544654589630847 1.4512845375844765 1.3731049217022073
234 17.640122209908686 0.88716066464656 0.0027305506945509137 0.0113279147288873 1.3841623535303162 1.2397621155087664
135 17.938753707917392 0.8948527255295751 0.0028343750266685364 0.013785072512720879 1.4200558074932852 -99.0
136 18.55167172210394 0.9278411197001732 0.00314782192164555 0.021750287182999664 1.2927536942906286 -99.0
137 18.1127377368821 0.8677750822774867 0.0029078256209090964 0.015584539075748763 1.389611005376091 -99.0
138 17.574008059432693 0.991485189923339 0.0027108372242916267 0.01087431243382576 1.4995748447070807 -99.0
239 18.4961148201539 0.9789665677706113 0.0031124071811641793 0.020816052881664434 1.2228049518727415 0.9046953332626101
240 17.91931202483118 0.8926460921918012 0.0028268060263356553 0.013602355467526802 1.3614219170323012 1.0122157926871895
241 17.737870474978802 0.896591471151981 0.0027617490417168327 0.012054646528719959 1.3576297959153456 1.2357619718142545
142 18.474984400820023 0.887007353712126 0.0030993598904926773 0.020473839953696383 1.3019711514845531 -99.0
143 18.67079288213362 0.9503324782003245 0.0032294818186147127 0.023932966830019383 1.257701012964307 -99.0
144 17.939807772139734 0.8822610223778676 0.0028347888886794625 0.013795078451221854 1.4187624945710964 -99.0
145 18.110385047319237 0.892561601395989 0.0029067600998594037 0.015558107702786334 1.3918375316173381 -99.0
146 14.546036186628793 1.8402157185672792 0.0023892845254872555 0.004434073889023673 1.5561384039825974 -99.0
247 18.859223489188953 1.0616620483363195 0.0033763016359628847 0.027949273568950557 1.1352258550124779 1.0191089589794549
148 17.68967665126033 0.97332718048618 0.0027460511228496534 0.011687656917162576 1.4765031372267097 -99.0
149 17.663666289218796 0.9791184066714904 0.0027378358403623666 0.011496661142787277 1.4827976872964919 -99.0
250 18.50070814954416 1.028902010612309 0.003115273760004941 0.020891383358271558 1.2229471103967287 0.9078628174043145
151 18.68598292772421 0.9178833323300127 0.003240486482394287 0.024230022836054035 1.252206293350093 -99.0
152 17.889185828241544 0.89049607889612 0.0028153156279642844 0.013325996594332427 1.4351984433067775 -99.0
253 17.684436930443585 0.8918016731125079 0.0027443819005964184 0.011648789585800637 1.4137488732420884 1.0255077184164234
254 15.50084092982415 1.6075208737065398 0.0024236148838282104 0.004976905401590767 1.547510245468711 1.2409413953591362
255 18.156526419001516 0.9642985362764748 0.002928041231462099 0.016087747297334705 1.2909031047432151 1.1738016124390511
156 18.159568954578315 0.8590267069021009 0.002929473303618351 0.016123518427176596 1.3731354089072652 -99.0
257 14.78266045120585 1.6891951696856886 0.002395450463808372 0.0045256153628468075 1.5902955733829882 1.3152879756133338
258 18.761895869206793 1.058242524360524 0.003297607718324073 0.02578253723651338 1.1594037200187164 0.8800844850208999
159 18.58524088600796 0.9098907841692557 0.0031700244153176588 0.022339876308217838 1.2828906240188103 -99.0
160 15.994148076083901 1.5292139144692438 0.002455327943442198 0.005531405395259602 1.5648883706236043 -99.0
161 18.19072297978396 0.8844111613229504 0.0029443466784723235 0.01649598654344593 1.3623311239537577 -99.0
162 13.80852772579249 1.9877008703149739 0.0023762696139103417 0.0042534061120783045 1.5922277301741035 -99.0
163 17.509519386847156 1.0060069081827485 0.0026926215368728466 0.010459235750037783 1.5068212541344506 -99.0
264 18.570385513493715 0.9758364046123281 0.0031601229074895588 0.02207657652642434 1.1883774169500245 0.9444437669473124
165 18.598967392276364 0.8958029310339145 0.003179282499567685 0.022586591272905132 1.277563841084904 -99.0
266 18.69071443877092 1.0245376962118928 0.0032439426925829342 0.024323456991331906 1.155875297079041 0.9285996032650004
167 17.665253498660068 0.9654985767535814 0.002738332097379023 0.011508177467897283 1.4817826013682243 -99.0
168 15.929959197872924 1.6077049133220747 0.0024504319883965064 0.005443253496299797 1.5504091137983342 -99.0
169 18.963182499672854 0.9439962173289607 0.003467672613428974 0.03050312990820271 1.1990075037938168 -99.0
170 17.940570016404752 0.8899567950522037 0.0028350883974341398 0.013802320652465252 1.4190532964565632 -99.0
271 17.867190527061197 0.9171008962706985 0.0028071057746483913 0.013129305728911186 1.3989811128515415 1.0806054031959318
272 17.82655361832593 0.894827591671223 0.0027923259570378526 0.012776857121077012 1.3744565089366099 1.0417397911593014
173 18.439385025589853 0.8592611812796065 0.003077888733797699 0.019913051773308293 1.3061036214444368 -99.0
174 18.194728982085426 0.8835292906590392 0.00294628721691253 0.016544709710021435 1.3606488883843062 -99.0
175 18.17098280695849 0.8721194591865377 0.002934877916975782 0.016258663747558275 1.3694494516103077 -99.0
176 18.16485604210316 0.8853899949386863 0.0029319704557764837 0.016185932501093472 1.3729374546965067 -99.0
177 15.611241739034769 1.6633155004576208 0.002429630975167251 0.005078872051604198 1.548729099704745 -99.0
278 17.822585981677662 0.8971602267484368 0.002790909404348771 0.012743189891263034 1.3598169480916076 1.17410952710585
279 18.29408771528802 0.9511440002707842 0.002996537856922766 0.017816306403529453 1.2050836778478293 1.085227753211277
180 18.695386076123533 0.9434514955118187 0.00324736848968374 0.024416133909891745 1.2504908276707154 -99.0
181 18.190549348001404 0.8586595475621324 0.0029442627154826822 0.016493879052326958 1.3605446665612886 -99.0
282 16.99948069812637 0.9502207737960415 0.0025782422393415315 0.00795501441588056 1.5268235443663267 1.328716784276211
183 18.427915670790014 0.8952161582262619 0.0030711050245140507 0.019736496285699165 1.3100347864864341 -99.0
184 18.08699083183341 0.8692034804352734 0.0028962772565572074 0.015298566776337352 1.3974202306333297 -99.0
285 17.99493998140347 0.9319913152036376 0.0028569475334734693 0.014333074813284167 1.3137077479403256 1.0971809601292855
186 18.19694178243079 0.8821693739881072 0.0029473618799514744 0.01657170492880847 1.3596571777300852 -99.0
187 18.171347395595177 0.9339139004685277 0.0029350513986454185 0.016263005556170107 1.373816822994058 -99.0
188 18.172224276951113 0.881292827125654 0.0029354688585115935 0.01627345449071208 1.3696185656042186 -99.0
189 17.627030448319655 0.9718656983820699 0.0027265608432706524 0.011235749939431827 1.4899887473244988 -99.0
190 18.46113269276577 0.8982419775268426 0.003090930098860059 0.020253314307496793 1.3040260904034233 -99.0
191 17.457972029440395 0.9879775191027432 0.0026787454348603935 0.01014577281584295 1.5169244167865508 -99.0
292 18.282457446680283 0.9674710376287163 0.0029904397882975116 0.017660998730046923 1.2389352455292526 0.9763502704365726
193 18.980100852662872 0.9508545472340125 0.003483301466549 0.03094386487954052 1.1956930522196103 -99.0
194 18.22445185348075 0.8619555839895566 0.002960888217036436 0.01691223910784654 1.3535817184502328 -99.0
295 18.392550359873017 0.9744973568164501 0.0030505891022128504 0.01920439514525011 1.2279610756274848 1.019580742647506
196 18.1493405048248 0.8901567095457659 0.002924673239636172 0.016003683725453417 1.379248106809295 -99.0
197 18.016656370408615 0.8781405714014938 0.002865957507279215 0.014553081145045482 1.4035150584633536 -99.0
198 18.906291000447062 0.9418106771020388 0.0034166961255412904 0.02907342946983027 1.204331315477695 -99.0
299 18.82553925253465 1.0088678746728248 0.0033483452063572516 0.02717594070562345 1.1206259242106238 1.076559673949066
2100 18.976930465598066 1.1001663140063236 0.0034803560140002736 0.030860717955676544 1.1168536298882532 1.052518297462784
1101 18.618733049069423 0.9093970468846163 0.003192800183449902 0.022947719941851238 1.2715353207502609 -99.0
2102 17.955380756031083 0.90873177020887 0.002840945696634917 0.013944116570411804 1.3116789848998782 1.1182718155957263
1103 18.59462778024147 0.8958728942852344 0.003176344178680213 0.022508234477365583 1.279035341895624 -99.0
2104 17.548075685216954 0.9002349480025799 0.0027033950497931266 0.010704247836196277 1.4297060512850128 1.3183446186847187
1105 18.834633327365793 0.9458356232490136 0.0033558161435348144 0.02738222140488064 1.212753274198597 -99.0
1106 17.710778512555247 0.9463127001264428 0.0027528474226738804 0.01184621849171431 1.4698025917833761 -99.0
1107 15.993792378692728 1.5264466297155643 0.0024553000889769483 0.005530901505379024 1.5646729768652123 -99.0
1108 18.776179373961195 0.933581750075837 0.0033087629769997908 0.026087755673871203 1.2270940101109558 -99.0
2109 15.39263769809077 1.5390714509192642 0.0024182292673597425 0.0048871006408854785 1.57824252896234 1.289833631302769
1110 17.413377288573816 0.9724231360745431 0.0026672099930246775 0.009887048634262038 1.5243176307508572 -99.0
2111 17.396385002518112 1.0022677527534796 0.0026629255163578324 0.009791395685397884 1.4998022830380164 1.092192026457585
1112 18.693336148424574 0.936045362162722 0.0032458636069647453 0.024375414882432223 1.2507975392276622 -99.0
1113 18.645922249363938 0.9169172862881846 0.0032117603443174523 0.023456024018399163 1.263422822372727 -99.0
1114 19.037969351483465 0.9352094441604331 0.0035384467405512477 0.032507714188031576 1.1833163918855862 -99.0
2115 18.2940000956213 0.9533686866812475 0.0029964916954403533 0.01781512973701257 1.2525443914928975 1.0947094619783546
1116 18.598222486999692 0.9121054236191479 0.0031787773778269865 0.02257311748217962 1.2785929579332072 -99.0
1117 17.643425830560112 0.9622338816901079 0.0027315643664034403 0.011351358946498573 1.4861551291056432 -99.0
1118 17.672027916661655 0.9595106026852025 0.0027404575417819253 0.011557532101278446 1.4799224183069093 -99.0
2119 16.988770323832732 0.9621576925858892 0.002576320893913111 0.00791466769819781 1.518291751982848 1.423287746862866
2120 17.417598656068115 0.8961397576076452 0.0026682837684837116 0.009911059042321261 1.4106089229958518 1.3005829001860008
1121 17.62590338310844 0.972566122747015 0.0027262193779023242 0.011227870527278366 1.490254547508096 -99.0
2122 18.725595175628126 1.0037020037535644 0.0032698444712186674 0.025025758172631512 1.1580659690920954 0.8904993993393853
1123 17.953480929004797 0.895238394114887 0.0028401903339094333 0.01392581287343651 1.4150074707245455 -99.0
1124 17.678780505724482 0.9639523683336358 0.0027425880463001102 0.01160705414793125 1.4786041553039062 -99.0
1125 18.134360003678506 0.8547910526424352 0.002917716138436044 0.015830323955900207 1.3819548328595417 -99.0
1126 17.243894213791144 1.4637542631837899 0.002627060254337209 0.009000536139169964 1.540565440734619 -99.0
1127 18.85585689930015 0.9319562813662455 0.003373472281533221 0.027870831652807432 1.2085739814436935 -99.0
1128 18.705620967069432 0.9297189938777188 0.0032549204450411837 0.024620661723083446 1.2470276246505172 -99.0
1129 18.153146907093078 0.884264231329012 0.0029264547773965293 0.016048138892584336 1.377451912755336 -99.0
2130 17.352977504355835 0.9599271597722239 0.0026522506922026364 0.009554141652050978 1.4795609530929004 1.3426168118365858
2131 18.022546772236907 0.9448158539184246 0.0028684294798917613 0.014613566044783796 1.3140053127727291 1.092911751843144
1132 18.238265969791538 0.8674599877776994 0.002967797634951125 0.017086723708222038 1.3521370724006379 -99.0
1133 18.705808610246404 0.9112500158268494 0.003255059499000191 0.02462443061119994 1.2462729879253942 -99.0
2134 17.330097740834326 0.9366931317390326 0.00264677673713849 0.009433081455161654 1.4557731868949788 1.216678068838719
1135 18.55463020679321 0.8971431316669694 0.003149753924742891 0.021801474107551174 1.291266273718032 -99.0
1136 18.082426862195657 0.8683147780225946 0.0028942557492027394 0.015248621507942275 1.398426674476624 -99.0
1137 17.70109951313038 0.9688224010174655 0.0027497153374452 0.011773083182781321 1.4734561549507643 -99.0
2138 15.750653972506555 1.4921129030044789 0.0024380583174647206 0.005224403730163535 1.5826266901353996 1.269370298898985
2139 17.48549674262558 0.9022569763903875 0.002686081058546618 0.010311185476491793 1.4345871073107557 1.1200518578783696
1140 15.911498026553138 1.5144763888944588 0.002449071434263321 0.005418908158453021 1.578762508775112 -99.0
1141 18.573556086881133 0.9117658087008856 0.0031622259600626967 0.022132451838752936 1.2867030943641993 -99.0
1142 17.634936521227072 0.9691697604196042 0.00272896512214713 0.01129126678059848 1.4882361163353381 -99.0
1143 18.846875837086923 0.9547402860039603 0.0033659629104669277 0.027662830865458544 1.21042223978394 -99.0
1144 18.2177137209083 0.8771516423073816 0.0029575465942894177 0.016827981920326744 1.3548528027807323 -99.0
1145 18.456747108294902 0.8653471624529444 0.0030882812524523373 0.020184114043044137 1.3039401791615741 -99.0
1146 18.795994712641154 0.9693676854408905 0.0033244588433846063 0.02651830340434832 1.2231241796644783 -99.0
2147 18.851011785704777 1.0345512516981028 0.003369414175057855 0.02775839226379357 1.1413699810184414 1.0420916542123737
1148 17.488037698227224 1.2954314667170461 0.0026867667247455 0.010326681282779006 1.536846103014171 -99.0
1149 18.37276201960375 0.887215659811405 0.003039369265204339 0.01891459415285293 1.3305953413385605 -99.0
2150 18.730323068338734 1.0095941920678695 0.003273413292985647 0.025122808097850488 1.1477050775906212 1.0835585494620037
2151 17.758694472109507 0.9129489654625148 0.002768728345176621 0.012218648498135289 1.4207243142221557 1.0448671188885434
1152 19.160190780250602 0.9016003756740822 0.0036639824533649676 0.03611633211931159 1.1577755817537732 -99.0
1153 17.916331161340086 0.878206406675901 0.0028256562671205854 0.013574646541438966 1.42677942972895 -99.0
1154 18.755775786283863 0.9554157789582255 0.0032928682658441314 0.02565305866461492 1.2335489755772495 -99.0
1155 18.737834384052196 0.9609594069984928 0.0032791119997666734 0.0252779192686992 1.2389310823550546 -99.0
1156 17.428106351696975 0.9759198831531274 0.00267097294715775 0.009971257177803276 1.5217742249861976 -99.0
1157 15.914085869145449 1.5182114733712084 0.0024492609012895595 0.005422294401141571 1.5786597464099503 -99.0
1158 18.956356521833037 0.960118125924409 0.003461428686922536 0.030327362528468262 1.2007873490911385 -99.0
2159 17.841659920617776 0.9229359994676787 0.00279776214277377 0.012906243185912773 1.3708241374461263 1.089442034655395
2160 18.31681285412056 0.9691103205580951 0.003008624246943558 0.018124917365461672 1.2338258290090178 0.9763263667341018
2161 15.838648516096196 1.4700585317932762 0.002443901175992296 0.005327015634885494 1.5774360131468759 1.1206134502390197
2162 18.63751276446312 1.0134365037614503 0.0032058503596390335 0.02329736210874349 1.2147790822155535 0.8944810438888723
1163 18.397663626039208 0.8918911710107644 0.003053518325282338 0.01928019531725672 1.321462912328919 -99.0
2164 17.639802332555366 0.8974008665964979 0.0027304526917533937 0.011325648731192486 1.398428135562216 1.336031578861768
2165 18.89783785925593 1.0551964070025193 0.00340932486793846 0.02886770510748494 1.1378904779824506 0.8638280631021437
2166 18.567865883761407 0.9789896135430524 0.0031584555644439192 0.022032296226432053 1.218715153327574 0.8842728223573516
1167 18.82400091161955 0.9443832142177137 0.00334708699183246 0.02714122759105421 1.2151526235357009 -99.0
1168 18.17553571741787 0.8897937294257372 0.002937048086097494 0.01631299458039415 1.368888976874076 -99.0
1169 17.486634806508956 0.9941990251812701 0.0026863879817837694 0.01031812110404641 1.5111873776422893 -99.0
1170 17.74169443325807 0.9301169519954066 0.0027630216551921276 0.012084512804365379 1.4613449373922784 -99.0
1171 18.553831203107087 0.9063336873675523 0.003149231677922422 0.021787635356457277 1.291737766105695 -99.0
1172 18.16517969315763 0.8679324921844372 0.0029321236755869592 0.016189763693484814 1.3715119354288658 -99.0
1173 19.124340863498453 1.0014737983561148 0.0036258335347166713 0.03501279830632728 1.1670563796778217 -99.0
1174 19.046402911147588 0.9644189369264183 0.0035467065170373627 0.032743102826453284 1.1822238759975372 -99.0
1175 19.014719236392203 0.9580561177298194 0.003515972430233348 0.031868744755204854 1.1886840259140614 -99.0
1176 17.72308503076321 0.934458735560381 0.002756866215703478 0.011940212732990098 1.466119306153213 -99.0
1177 15.622630004181774 1.6666638783332266 0.0024302834557591623 0.005090030288147133 1.5473962723704355 -99.0
2178 18.608936103143872 0.9239582464484971 0.0031860723985185388 0.022767852280417365 1.2119124559276135 0.9033659660451162
2179 17.057121212916062 0.951690680119846 0.0025888804666906223 0.008179557956057137 1.4889057669888521 1.4380110555232992
2180 18.098306114950486 0.8958863053484024 0.0029013222085848152 0.01542335991001842 1.319072985461156 1.1492524685885621
1181 19.065812719025608 0.9609373806934125 0.0035659371345998442 0.03329228112843507 1.1781080488554716 -99.0
1182 19.040786758179195 0.9781035806465307 0.0035411996721542507 0.032586134847165646 1.1837020306289847 -99.0
1183 17.763502407438928 0.9189258867355066 0.0027703569448520237 0.01225699088769176 1.4564684450518972 -99.0
2184 18.112085212894673 0.9035378588928556 0.0029075298879045804 0.015577202177370998 1.3164341113880669 1.0986055257803606
2185 17.735274152092696 0.9106849814994566 0.0027608872812796815 0.012034432019383767 1.4202213192000401 1.0677092706207638
2186 17.707278257348417 0.9006020647517605 0.002751711853064667 0.01181969034357267 1.4217187729947887 1.0428212002838355
1187 18.67467428304455 0.9206408876086888 0.003232280596072314 0.024008452193468203 1.2554864379613335 -99.0
1188 17.627460624725 0.98738131320816 0.002726691257338096 0.011238759631098955 1.4906727196364418 -99.0
1189 18.705648921488756 0.9069072908687682 0.0032549411594392356 0.024621223154917566 1.2461538746758656 -99.0
2190 17.849346024894423 0.8957601624653132 0.002800554314426667 0.012972812246206888 1.362211713972123 1.1127169994943196
2191 18.280384808999425 0.9537293775518195 0.002989359204914131 0.01763350620607667 1.2480855336162795 1.0898510281067586
2192 18.226414724500906 0.9485920486306255 0.002961865172997363 0.01693688848927381 1.2716607928583143 1.2029294474357286
2193 17.739647834656715 0.8777862714493723 0.002762340045468259 0.012068514357571652 1.3574147247615562 1.2062525198538712
1194 18.22305577744525 0.8995799890544555 0.002960194331586748 0.016894736205836997 1.3546615180873234 -99.0
1195 18.681057949478802 0.9338260397897771 0.0032369033174502815 0.024133226327682843 1.2541896276738431 -99.0
1196 15.653555881460944 1.6527038627969397 0.0024320867117438383 0.005120965943877936 1.5489557625586587 -99.0
1197 17.915591307674685 0.8862058276153028 0.0028253713353088394 0.013567781656960244 1.427626335718413 -99.0
1198 18.74261084600464 0.9373186596634648 0.003282754315299289 0.025377149040280052 1.2366765501967252 -99.0
2199 18.834177890564312 0.9960465979644191 0.00335544065359477 0.027371847050094444 1.1411102257700674 1.0444935131944375
2200 17.915422588920425 0.9143684333638762 0.002825306382946287 0.013566216860596579 1.3006710156896062 1.2354493923894247
1201 17.921750044467604 0.8564932734683888 0.0028277485172695208 0.013625078453587191 1.4232693377962686 -99.0
2202 19.158655282433 1.0430936410367546 0.003662325147288702 0.03606826912380002 1.1047150565968116 0.8817648020627115
1203 18.614703607811293 0.9238959582312711 0.0031900264599006908 0.02287353248218025 1.2735742972501214 -99.0
1204 18.20408550702622 0.8639565159970097 0.0029508447654935694 0.01665925507797426 1.3568213395256874 -99.0
2205 17.581795089226496 0.8904225163324928 0.002713103381851302 0.010926227435797773 1.407225178667061 1.101011929470045
1206 18.528974787998504 0.8660185062842974 0.003133156487836452 0.02136247808846898 1.294905146474994 -99.0
2207 18.18544530884161 0.9276895259602439 0.002941799949212136 0.016432087327953832 1.2903817970782967 1.1073660816960946
2208 17.855889430453693 0.9058909753196828 0.002802945428453143 0.013029880056699604 1.362162911038659 1.1065068542512078
2209 18.551788110692495 1.0151253174799444 0.0031478978383432214 0.021752298110759436 1.1906027546821498 0.9947174355401636
1210 18.927480654895053 0.916421894007286 0.00343540237358359 0.029596659148857923 1.2028432338394006 -99.0
1211 18.72740970534219 0.9249244295231437 0.0032712125049052226 0.025062952158576943 1.240585320442752 -99.0
2212 17.4985074490475 0.9128696857747485 0.0026896072245212064 0.01039093791064304 1.434259844302184 1.100957048624534
1213 17.85289126798473 0.9133066992584087 0.0028018482198357707 0.013003686483433495 1.443697359012109 -99.0
1214 19.061865357729683 1.0019988082367062 0.0035620011165779513 0.033179749121658844 1.1798457310025514 -99.0
2215 18.32411841044009 0.9856183646890591 0.0030125583167462224 0.018225593564753367 1.2547042614414472 1.0888519041095464
2216 18.127519271856382 0.9158263846718161 0.0029145678444119066 0.01575200120321436 1.2621544413927928 1.165758103532002
1217 19.171561251895287 0.913826885963006 0.00367632077805573 0.03647449680641734 1.1559643117628537 -99.0
1218 17.62008305945713 0.971121900462174 0.0027244610702146974 0.01118731806194469 1.4913745355749128 -99.0
2219 18.662211168968152 1.0277218040434088 0.0032233256335587146 0.023767083466242355 1.149228181105789 1.0940952481319601
1220 18.513020762389658 0.8940735840660313 0.0031230117937447277 0.021094986943223704 1.297377919006999 -99.0
2221 18.84250560302597 0.996625320190037 0.0033623289765039284 0.027562275352068934 1.1412869353206374 1.0428595465126869
1222 19.040672098238066 0.9854459333273276 0.00354108751063225 0.03258293914405522 1.1838921749432134 -99.0
2223 18.513854546258173 0.994784960103533 0.003123538656980699 0.021108863367955488 1.2088556838966684 0.9551073710034712
1224 17.48634189125722 0.9838381632367632 0.0026863089581135816 0.010316335272272109 1.5106580678705126 -99.0
1225 17.501905809680704 0.993976430094999 0.0026905345291532304 0.010411936692964717 1.507814899921423 -99.0
2226 17.897436987781752 0.9124406657903871 0.0028184342202233342 0.013400879831948834 1.3607123370870822 1.0577302393463284
2227 19.139092300948757 1.1210751003970645 0.00364139384212131 0.035462198550567064 1.0932043322160043 0.9519889359109409
1228 18.15543179219817 0.8566286729398442 0.002927526891023808 0.01607490376614284 1.374582754990866 -99.0
1229 17.47042240333225 1.4425815895731613 0.0026820428702711975 0.01022004343110654 1.5394846710759202 -99.0
1230 18.98298563144911 0.9545199316754513 0.0034859883074659496 0.03101974572146296 1.1951853366803835 -99.0
1231 18.31428896549728 0.903108039043836 0.003007270649837312 0.01809030305347791 1.3493822261022363 -99.0
1232 18.758862886531436 0.9236623255785187 0.0032952559419996167 0.02571827356254434 1.2314862545872596 -99.0
1233 15.824544818663936 1.6256060553886438 0.002442935777558555 0.005309969164602631 1.5464441499383526 -99.0
2234 17.85416582164991 0.9030478786075686 0.0028023143228296035 0.01301481229221901 1.3700262786346633 1.1036097234838844
1235 18.99192480347049 0.9638705732968269 0.00349435503286803 0.03125624447725549 1.1935642407584164 -99.0
1236 18.691270949151892 0.9148786393768727 0.003244350096256127 0.024334474960515915 1.2505812850596292 -99.0
2237 18.280567424587254 0.9645197135339504 0.002989454338211723 0.01763592627462128 1.2402969867987519 1.003307174390024
1238 17.720470454738187 0.9275499377410138 0.0027560089723511006 0.011920148488534565 1.4663675360750237 -99.0
2239 17.484898048152868 0.9256007761712032 0.002685919713435379 0.010307539989349825 1.446026487391055 1.3087180490550503
2240 17.64688207456318 0.9093976468711439 0.0027326278435452814 0.011375967459769907 1.4059680237678922 1.1211391769563166
1241 17.58319766734382 0.9984846091432529 0.0027135131124515466 0.010935620307852357 1.4983984660554281 -99.0
1242 19.09877923009952 0.9877695947474007 0.0035993166243669774 0.034249252645380215 1.171927561806305 -99.0
2243 15.88259481836245 1.4640845909061657 0.002446982691988297 0.005381664374922108 1.5628401249286294 1.4330001599352586
2244 18.56779799275609 1.0049382548686885 0.0031584106863155543 0.022031104609886203 1.1979391701468696 0.9951908966558335
2245 17.81032269501298 0.9010538315758203 0.0027865604144305116 0.012639952214938795 1.389913767244412 1.1998645255034264
2246 18.34755899119079 0.9569439802929305 0.003025343192738978 0.018553522028933758 1.2767516440351805 1.0590562760749753
1247 17.518982328108024 0.9924583625111737 0.0026952339088021854 0.010518516877328597 1.5041230903273282 -99.0
2248 19.23530372501271 1.0975207484485403 0.0037476837936357655 0.03855779179243912 1.1282012310627136 0.7993438828923424
2249 17.964417272655584 0.9015212582838316 0.002844554902596641 0.014031645050089865 1.3134188453074518 1.1013258905103076
1250 18.170559920497745 0.8918713419344714 0.002934676761190096 0.01625362962115695 1.3710803376851204 -99.0
2251 18.555504535401603 1.0080043848174791 0.003150325802036051 0.021816629881611146 1.1901669082100264 0.9848710195195391
2252 18.88750663812712 1.058953735777859 0.003400385742328452 0.02861857214532483 1.165148601293612 0.8353583367841442
2253 19.130866198974086 1.0656206232182535 0.00363269321842694 0.03521079231308306 1.0875568612232025 0.9067708998702777
2254 17.23453858402907 0.939685740353066 0.0026250039428857685 0.008955748158569147 1.4642104194376797 1.2841346439938295
2255 15.677714273505453 1.4631957518047625 0.0024335278709750278 0.00514579129985525 1.585718505183073 1.4088849357216437
1256 18.301964859582387 0.9094812219150243 0.0030007015729142912 0.017922503566215272 1.3505789133324264 -99.0
2257 19.19704416006019 1.0574230656654593 0.0037043987331428652 0.03729180853800884 1.0864351756983675 0.8660645725033072
1258 18.898317577343253 0.9445148201125272 0.003409741808108771 0.02887933456304799 1.204898841486779 -99.0
1259 19.506218226847366 0.998240319186513 0.004096795422639979 0.0490149628923753 1.1086685084177745 -99.0
1260 15.910974584974888 1.5241670316083569 0.002449033160250505 0.005418224266209186 1.5792732859663152 -99.0
1261 18.45364338048311 0.8977334009187109 0.0030864124431244215 0.020135319253140865 1.305005527704372 -99.0
1262 18.992862644261105 0.9527456754341598 0.0034952364142452888 0.03128117644775933 1.1931161273523827 -99.0
2263 14.572247858269366 1.8112594292035724 0.0023899095263686405 0.004443202774315385 1.5559752024503772 1.2138102419256627
1264 18.768676827015636 0.970794308107666 0.0033028871083345623 0.02592690532132142 1.2303881080098584 -99.0
2265 18.105161340180103 0.9316198459005433 0.0029044017240295395 0.015499638722520626 1.319044571250065 1.1487071250502903
1266 18.206485458895802 0.8694841972744591 0.0029520194844938376 0.016688805279247414 1.3565073895353736 -99.0
1267 18.11893667029018 0.8860926749039448 0.002910643055080837 0.015654473095470182 1.3887210629925897 -99.0
2268 19.235063916845068 1.108826888152637 0.0037474081893337395 0.038549708287551346 1.126177973402044 0.8039716280999056
2269 17.350563608566315 0.9459075079584217 0.0026516682606251485 0.009541241193912305 1.4539137204540133 1.1737481175561844
1270 18.319086324315087 0.8845212848481583 0.003009845967373529 0.018156170489431397 1.3470580737952107 -99.0
2271 17.89062701432198 0.9160431476514352 0.002815858799866159 0.013339032539147658 1.3125093058793675 1.1143751921753784
1272 18.65740201536836 0.8735789945988235 0.003219894830337775 0.02367473000179649 1.2585393298571688 -99.0
2273 19.415066937903344 1.0613770116001782 0.003970485542855599 0.04518327361975873 1.0634140891127226 0.8720681027342871
2274 18.462537888778463 0.921824627319513 0.0030917808609441117 0.020275549787043483 1.2240505372278787 0.9324486592600952
1275 18.795113852531674 0.9528011105413653 0.0033237556198397952 0.026498986366949476 1.222815813098184 -99.0
2276 18.0357088028045 0.9185461682644425 0.0028739968759074106 0.01474998443960411 1.314222143521522 1.0898008478362435
2277 17.43310036409634 0.893070740256726 0.00267225927149916 0.010000085232077738 1.4109777315302405 1.2818931925225847
2278 17.518506873012328 0.9017015671109649 0.002695102163635793 0.010515525255620717 1.4318848506539217 1.2433869167565634
2279 18.690443329818937 1.082986240267911 0.003243744290337333 0.024318091661805073 1.154336998481203 0.9927682753824377
1280 19.074637155912534 0.9522781335918274 0.0035747829209904543 0.03354542605757154 1.1760807821506019 -99.0
2281 17.759280485790892 0.8839051549752724 0.0027689264994314572 0.012223312207037443 1.3567712951329407 1.117968919840681
1282 18.66415510017932 0.906938196077799 0.0032247163004968174 0.023804537539336264 1.2579203600395803 -99.0
2283 19.450332934187532 1.1660848137713333 0.004018225879994727 0.04662537133236149 1.066657486219824 0.8553838415607737
2284 18.638127525439188 0.9940816732626064 0.003206281004830301 0.02330891666368634 1.2132615911854963 0.8989143223915999
1285 18.757003987845675 0.934128275505719 0.00329381747014926 0.025678980805916796 1.23240842440585 -99.0
2286 18.36219277891777 0.92771804232633 0.003033451548158932 0.018762089425934027 1.2775743453214603 1.0358058138187773
1287 18.429370854420757 0.8835860850571894 0.0030719621457105696 0.019758787379617223 1.309021633094322 -99.0
1288 18.9906399516867 0.9695495571094437 0.00349314864270524 0.031222124513263085 1.1939587369719187 -99.0
1289 18.103542941219 0.8885644398215012 0.002903673125749777 0.015481584490982286 1.3937855499124412 -99.0
1290 18.697531750440966 0.9206557578065462 0.0032489464024120654 0.0244588423351461 1.2490053434631854 -99.0
1291 18.649582863286707 0.9331551416825974 0.003214345831362133 0.023525497519603214 1.2630171277201232 -99.0
1292 18.11498227946259 0.8541327660587087 0.0029088441011075974 0.01560981221061673 1.388084024386159 -99.0
1293 15.73654353539755 1.6488017752152864 0.0024371603904327914 0.005208755294068982 1.5468598543229588 -99.0
1294 15.926572806474729 1.5190035254062688 0.002450180856104653 0.005438754776019991 1.5772182506709056 -99.0
2295 18.28018120438861 0.9666262816793978 0.0029892531543927042 0.01763080849509366 1.2079681724989346 1.1057728138056706
2296 18.873822966304687 0.9983897689986713 0.003388663108461783 0.028292447029033836 1.1662610231926274 0.8318760203906939
2297 18.34804665921929 0.9436777391420529 0.0030256118210923184 0.018560424529660197 1.2573912220879266 1.0815648785696372
2298 18.665512293233142 1.004732990513329 0.0032256885504412343 0.02383072906021233 1.1515685583054762 1.1082511407784355
2299 17.7345487703934 0.9214387881440121 0.0027606468468940257 0.012028793492469585 1.3875503605388908 1.2232507185242294
1300 18.62451454091788 0.9480875426013593 0.003196796170733017 0.023054676924651147 1.2714011161905552 -99.0
2301 19.03495249010348 1.1155883554864812 0.0035355060367235737 0.03242398103001368 1.1084491998653516 0.9755151352166413
2302 17.07024446712371 0.9451298882238693 0.0025913743652425355 0.008232473802953631 1.4944360836082735 1.4309631871252855
2303 18.40803101545377 1.002696539256457 0.0030594956994085647 0.019435051937908 1.2274072444771507 1.007240635725574
1304 18.642653941081985 0.9456269642067671 0.003209458560893311 0.023394205735623876 1.26550029628852 -99.0
1305 18.155602964333536 0.8983270569020957 0.002927607290173785 0.01607691126509934 1.3774910066921546 -99.0
2306 18.7098319313123 1.0525603736375428 0.003258046210661166 0.02470540722203881 1.1482694735993189 1.087462992341264
1307 18.221164334872874 0.8678445234586293 0.00295925551608646 0.016871060872390018 1.3541653665188238 -99.0
2308 18.559887787950444 0.9944470598494362 0.0031531990364938433 0.021892805614826434 1.1895851753263038 0.9717288138293045
1309 19.18966242039734 1.0209719010183338 0.0036962041778989354 0.037052955492610735 1.1549201436203829 -99.0
1310 19.213844447416573 1.0391800228293289 0.0037232368772271134 0.03784189065860976 1.151721748117037 -99.0
2311 19.243555214350398 1.1082967253388436 0.0037572004271212893 0.038837092669527236 1.1265871728048886 0.8015103934317395
1312 18.105550846238447 0.9033645574737649 0.002904577224420747 0.015503988168592015 1.394027282532435 -99.0
2313 19.2361870049496 1.0912174753692023 0.0037486993932160147 0.038587581935568674 1.1263134139222961 0.8031569863834185
1314 18.678636799513782 0.8884986378404549 0.0032351471662608318 0.024085811206157905 1.2531596692268394 -99.0
2315 18.848302392581253 1.0648514956033361 0.0033671519711232275 0.02769574788140676 1.1633224771193331 0.8495754278969639
2316 19.286418200775483 1.0772513699397055 0.003807696106070658 0.04032476285755561 1.0798131852188955 1.002469341769059
2317 18.102620263094618 0.9247593470174156 0.002903258176055837 0.015471304232436239 1.3193138439761403 1.1538751777802116
2318 19.376795102198642 1.1278571845252388 0.003920230788627577 0.043673518187950414 1.03422420881614 0.9011756489004882
2319 18.695435487302 1.0389072969106978 0.003247404794736982 0.024417116403574503 1.156413527470481 0.9061478311834923
2320 19.14958507100692 1.0057797487345417 0.0036525783200141095 0.03578582769197872 1.129034761134636 0.8116183459895038
2321 19.262270787362404 1.130073979756498 0.003779028266784345 0.0394790027013699 1.112080257555778 0.8809237944246315
2322 19.12350300834003 1.036013495243805 0.0036249554335373354 0.03498746721381294 1.094714014168843 0.966427630552993
1323 17.69591775102311 0.9673023709039409 0.002748048837378508 0.011734212925836783 1.4746393985503905 -99.0
2324 17.353188513700733 0.8927916143494409 0.002652301660532549 0.009555270786295615 1.44464643475822 1.3387965524581054
1325 17.710517741039045 0.9596125850775659 0.002752762708311935 0.011844238993847083 1.4706227150321378 -99.0
2326 19.48450423763419 1.1963405004461847 0.004065834564923497 0.04807095455793368 1.0582936953593658 0.8149288405726325
1327 19.35024844146256 0.9951129723914889 0.0038862969278332807 0.042658998510580866 1.1393410169621028 -99.0
2328 19.10198542507809 1.013507842012199 0.003602611910004625 0.034343980620006855 1.123700150514545 0.8754229452476519
1329 18.66642322883589 0.9055228441783018 0.003226341729338845 0.023848328075285363 1.257229934284934 -99.0
2330 17.79834895182564 0.9058585027989144 0.0027823565416634616 0.012540339527021157 1.3497850435763412 1.2234652594599777
1331 17.692788567289874 0.9595734563984626 0.0027470459248887104 0.011710835000871585 1.4749628175531044 -99.0
2332 16.95773984114455 0.8741032002735712 0.002570849625809004 0.007800131305532723 1.533987554501717 1.2135117964172297
1333 18.001785691684855 0.8825903443743846 0.002859770286977957 0.014401924360491057 1.4055027494736416 -99.0
2334 17.14548533429211 0.9684949671108709 0.002606208481364404 0.008549325649387445 1.511276506671786 1.3545731392222176
1335 19.29597080131109 0.997092857645661 0.00381919628664144 0.04066489336194497 1.149086743004609 -99.0
1336 18.414539130813043 0.9098400446944922 0.0030632743127649853 0.019533068131284116 1.315879492931511 -99.0
1337 18.606572052079436 0.9135755468030343 0.0031844571157178094 0.022724706791353435 1.2758378052857897 -99.0
1338 18.82943716640728 0.8912499992179069 0.0033515405151562567 0.02726413242051289 1.2124358640763346 -99.0
2339 17.76183925257142 0.9150648486288434 0.0027697928474311293 0.012243707138699086 1.3469202793480244 1.2913851360004402
1340 18.820562594443743 0.9455678839755768 0.003344280572684194 0.027063829482837556 1.2160677175923278 -99.0
2341 18.702695256781983 0.9693264979751366 0.0032527551269125525 0.024561987027703 1.1733617681689965 0.8307899783371931
1342 18.204647531092395 0.8611341507008106 0.0029511196533432687 0.016666168967939574 1.3565863882137497 -99.0
2343 19.49412026485123 1.1079719051023385 0.004079476850390017 0.04848653629206469 1.0507147814354592 0.9229097756164313
1344 18.659101736585562 0.9122493648554341 0.003221105832774459 0.023707321297824144 1.2595416079896218 -99.0
1345 18.57651241771348 0.9118538679495705 0.0031641918896654795 0.022184707837508522 1.2858185105474138 -99.0
1346 17.460908831562897 0.9922236396774406 0.0026795201725120024 0.010163210413999299 1.5166045212334955 -99.0
1347 18.451649112772227 0.8985956088943788 0.003085214193521935 0.020104044731602502 1.305286561062131 -99.0
1348 18.421397713997955 0.9141313358416702 0.00306727852616885 0.019637039885214116 1.3135381095218917 -99.0
2349 17.35297615911954 0.9493417926842292 0.0026522503672956324 0.00955413445429077 1.4790492189348814 1.337676362586022
1350 17.69859997892558 0.9604365012680939 0.0027489105718545813 0.011754308689966499 1.4735894278083053 -99.0
1351 17.518139876711857 1.0132134036240141 0.002695000507111283 0.010513217020908044 1.5053944205209364 -99.0
2352 17.149880746785318 0.9836101115374097 0.0026071039886351468 0.008568566065672424 1.5080462090450462 1.1818149420429775
2353 17.096140308269636 0.9667559430375086 0.0025963758104667754 0.008338904812916942 1.5090227505859746 1.1351839318397325
1354 18.647963251825296 0.9235772565709462 0.003213200934263942 0.023494728808705508 1.2631051125332897 -99.0
2355 17.74500646690856 0.9096209821562159 0.0027641271642208894 0.012110471200761995 1.3457605576150176 1.3188806472011627
1356 17.801167384058964 0.905332728066813 0.002783342316903072 0.012563681949859542 1.4499974713683 -99.0
2357 19.228743080669616 1.0586539109661806 0.0037401635567020073 0.038337326207554846 1.1116869361696882 0.8796526355340124
2358 18.85967707870019 1.000000722554694 0.0033766834461415787 0.027959862008662448 1.1215871900790872 1.043078476166229
1359 18.421087380896388 0.8930394004466919 0.0030670968538427665 0.01963232035569115 1.3124316033213004 -99.0
2360 19.199751588297293 1.0461041736723506 0.003707416868579615 0.03737984661217033 1.1112779795899372 0.8783309459167871
1361 18.426103544276685 0.8762261021955685 0.0030700391036495057 0.019708781703625177 1.3096410022329048 -99.0
2362 19.092032923021737 1.0629353200858604 0.0035924113875003844 0.034050898299734886 1.093807290902324 0.9653902288718688
2363 18.84678974449722 1.0698308185609013 0.003365891195655303 0.027660845793165745 1.1343738794659721 1.0724558177368189
2364 17.799338053058026 0.911181556888579 0.0027827022276304706 0.012548523996179749 1.3910812290757932 1.2118079006058595
2365 19.421905894777005 1.1091471578478798 0.00397963485511532 0.04545905915122179 1.0334089489416003 0.8721549769026843
2366 19.580459994551045 1.0306451601571245 0.004206962787286854 0.052398313486227054 1.0305387124343246 0.7699836388605634
1367 17.482948982592077 0.9914883846306861 0.002685395004396212 0.010295686783213957 1.5118428296723372 -99.0
2368 17.23545217598857 0.9373654041637927 0.0026252040432088826 0.008960103745019498 1.4626202594689173 1.202855816037247
1369 15.967895704778435 1.5196727532003125 0.002453294037985483 0.005494682534208754 1.5703157820195799 -99.0
1370 17.94934663453067 0.893478520633679 0.002838550661328064 0.013886098738358457 1.4162680261724836 -99.0
2371 18.891784126689096 1.0616290971749809 0.003404077572224618 0.028721416725467564 1.165817806022681 0.8319438094025507
1372 18.86481916772488 0.9717122656583461 0.003381021864612878 0.028080226171147745 1.2081662650883773 -99.0
1373 18.000932411808282 0.8919366699317761 0.0028594175720864797 0.014393317481182822 1.4058561324479024 -99.0
2374 19.23602441293463 1.038620670252966 0.0037485123882889833 0.03858209630627944 1.126550016845243 0.801733877472462
2375 19.593616576318407 1.020587778057676 0.004227202763026508 0.053023929115205315 1.0554387533270124 0.7908204401110381
1376 17.67088358963766 0.9629401429910108 0.0027400976759809877 0.011549172206369949 1.4803732155936125 -99.0
2377 17.79150957989372 0.8817613825967556 0.0027799739536680038 0.012483962199224784 1.3496758369843949 1.226054407344849
1378 18.747705666924315 0.9242991943689594 0.003286655321924007 0.02548350472753406 1.2347235562323549 -99.0
2379 18.64616653373307 0.9845787557792384 0.003211932637912611 0.023460652465266758 1.2139119917382488 0.8967682429114384
2380 19.46974817409172 1.1196964107925576 0.004045110382450522 0.04744078376098458 1.0520331579739666 0.9720544421354254
2381 19.392617294743435 1.1549206503156417 0.003940813817762368 0.04429083200104499 1.0594977265357912 0.8845404270204587
2382 19.68741766703604 1.2066117744740157 0.004378082393340461 0.05772539270508333 0.9856627858364432 0.8488209569477722
1383 18.76699677143704 0.924685053204066 0.0033015763162839037 0.025891047311445915 1.2291814807432682 -99.0
2384 16.99672416753028 0.9442368394268122 0.0025777461113851052 0.007944589958770138 1.5188829439337672 1.3813865463610278
2385 19.442214555863217 1.1016166344592153 0.004007111900690852 0.04628897444272815 1.073622128058331 0.8577305529165188
2386 19.317406982826736 1.145074408635698 0.0038453366687345625 0.041439815257972065 1.0999998028321518 0.8750348589048575
2387 18.110167551734367 0.9253582756579434 0.0029066617020924936 0.015555667310220244 1.3059714043706576 1.1657983670109398
1388 18.155653961688188 0.8769405583299991 0.0029276312457168076 0.016077509424708144 1.3759459928076876 -99.0
2389 18.292553216309415 0.9769637276982889 0.0029957299070889885 0.017795713802187734 1.2050576472777375 1.0905160128350169
1390 17.960046622746855 0.8928109529368564 0.002842805879484195 0.013989213976234018 1.4131358458918704 -99.0
2391 18.456898878919596 0.9529750752638779 0.003088372759562907 0.020186503882096196 1.2245710022622056 0.944045323999603
1392 19.53602361292699 1.0110599920105916 0.004140210938555081 0.050343818572860924 1.1045344304781 -99.0
1393 18.89584300294702 0.9971805000381276 0.003407592843660697 0.028819403729418998 1.205569534426158 -99.0
2394 18.80760845864355 1.0476928295520087 0.0033337786958628577 0.026774551903560897 1.1693305209639373 0.8314065480080265
1395 19.386311482095625 1.1748190084675771 0.003932578247406825 0.04404366103183983 1.1360040844356736 -99.0
2396 17.232203710600604 0.9401545286374946 0.002624493232943724 0.008944634219490644 1.464667827055218 1.319884282426874
1397 18.845461702183936 0.9380352360695979 0.003364785589290553 0.027630245737198175 1.2102931894008073 -99.0
1398 18.317342252381117 0.8868255980425133 0.0030089085301134143 0.018132188735700307 1.3476848639693433 -99.0
1399 19.355157145972655 1.0636511870495353 0.003892515457873873 0.04284461265886856 1.1395599972668362 -99.0
2400 17.48134947752205 0.9204443066255665 0.002684965033474016 0.010285976285635358 1.4482100298616536 1.2515239828109335
2401 17.790673939863492 0.8899975503613079 0.002779683771874941 0.012477099784045865 1.3894092218157266 1.2048570630787137
2402 19.55686115552867 1.2180073183283744 0.004171206892608571 0.051296121774500034 0.9895004662590405 0.9361566151370825
2403 18.550512467923145 0.9995698162768186 0.003147066175356216 0.02173027041796531 1.195930602803352 1.0149584333457533
1404 17.780374620032656 0.9426492876782021 0.0027761237154698792 0.012392978920868391 1.4543046043045516 -99.0
1405 18.976270680155075 0.9996447685145905 0.0034797440116959713 0.030843446729880628 1.197609427349657 -99.0
2406 17.608099133243318 0.9317808190359987 0.0027208673513940433 0.011104544700699399 1.4268898838685882 1.18258613953544
1407 18.20538757111351 0.8677066380498092 0.0029514818047417703 0.016675278566570348 1.356680536436173 -99.0
2408 19.674003420587333 1.0801452895557389 0.004355780143387245 0.05702633710704434 1.008297991441042 0.9037652296447791
1409 19.12764528819222 0.9239715384224514 0.003629302636662767 0.0351129044155255 1.1647727288316094 -99.0
1410 19.656322768364866 1.0538255053621288 0.004326760882610945 0.05611884404639393 1.0867675824843557 -99.0
1411 18.81723641593396 0.9427819446691463 0.0033415732827298513 0.026989202896883155 1.2168289978316384 -99.0
2412 19.536438853069715 1.1679117211941312 0.004140823397739679 0.05036260672579222 1.0238438242889167 0.9200124870428574
1413 18.480729649763138 0.8922569789567377 0.0031028847933051423 0.020566187019509442 1.301331886742889 -99.0
2414 18.895321348687244 1.0316117444361306 0.003407140392000925 0.02880678846841467 1.1423280746330735 1.033232523286757
1415 15.5955085845168 1.659427598743514 0.0024287396289961365 0.005063659681976838 1.547495683796557 -99.0
2416 19.521637055851542 1.105110961254708 0.004119121089910029 0.049697566145015644 1.02418078352877 0.9163747311632823
1417 19.4005981548703 1.0423393671496186 0.003951298945159002 0.044605853466642115 1.1316122430921975 -99.0
2418 19.406367465359114 1.1443926968561735 0.003958921877960319 0.04483511624444427 1.068462839134145 0.8845063599598166
2419 17.59388497287016 0.9095500057721764 0.0027166508507111956 0.011007616360377653 1.4236597672673152 1.0484151799925032
2420 15.47381346133619 1.5981990193247453 0.0024222240575122425 0.004953575577784513 1.5518574917296837 1.3689753611700806
2421 18.210819016213545 0.9429686450184908 0.002954146584759379 0.01674233962225199 1.287890475628447 1.0244043830291047
2422 18.667436498797006 0.9977824688141679 0.003227068865810733 0.023867922586967936 1.1761193328290835 0.8320994904925029
2423 19.457201520771356 1.1498170002392154 0.004027687479614809 0.04691207422580934 1.0663030413296024 0.8496662182888695
1424 18.890531272343463 0.9705468422939496 0.003402994898670653 0.028691249518785322 1.2057376315599224 -99.0
1425 19.30424775633551 1.0353739203720975 0.0038292346299687416 0.04096218322547703 1.148234190984687 -99.0
2426 19.445631014003524 1.1512347163421015 0.004011779886725215 0.04643021500694593 1.0668044482422427 0.8577545161075073
2427 18.682673915561903 1.0721853546555133 0.003238077400859206 0.024164935478041136 1.1489142459548243 1.0919234718510435
1428 19.5288741939971 1.0993030483244166 0.004129698878633038 0.050021526146501974 1.1064581752476363 -99.0
2429 18.695212255986466 1.0294881314105273 0.0032472407864835525 0.02441267804112567 1.1740196370650557 0.8306893588544223
2430 19.494926045650473 1.1593471073427073 0.00408062495848644 0.0485215379860109 1.051019405537114 0.9386945564318444
1431 18.179629888646282 0.8738366748145976 0.0029390065997010892 0.01636205816905973 1.366052278823643 -99.0
1432 17.950912837828337 0.8708910386239181 0.0028391711609395288 0.013901124838298484 1.414206139389812 -99.0
1433 18.719823177331566 0.9327528570880251 0.0032655064270698526 0.024907882434298603 1.243061455323219 -99.0
1434 19.87761785922602 1.2293355780681472 0.004722498982103738 0.06869054378769202 1.0466384692680883 -99.0
2435 19.083097518707664 1.0807114590160052 0.0035833247133140187 0.03379018657857162 1.1234717130163294 0.8935486088437822
1436 19.777281080007985 1.0324735054675747 0.00453405551556219 0.06265253344896185 1.0581520793227515 -99.0
2437 17.148727958313668 0.9725302421000955 0.00260686880752455 0.008563511862695418 1.4969564259237678 1.4367299522369428
2438 18.34139805805022 0.9520878514343638 0.0030219588213338195 0.018466602460953534 1.2313235924579093 1.0136240488133392
2439 17.994723508341867 0.9188246143098893 0.0028568585341359337 0.014330905181491847 1.2661238542692477 1.2287992999447876
2440 19.600293926464136 1.0753350848789238 0.0042375598799355655 0.05334453979939981 1.029672579090025 0.7658583101698636
2441 17.337298995159244 0.9362371999924092 0.0026484884479982414 0.009470892671908121 1.4706486702590027 1.151498684261194
2442 18.604431792919602 0.9791083652205785 0.003182997470022808 0.022685731583212288 1.2110611825399833 0.9061748510337116
2443 19.2196334550522 1.0977124076230773 0.003729789085746618 0.038033539966905984 1.0861235676684615 0.8547562171802829
2444 17.767858088889653 0.8735112787100501 0.002771837964815691 0.012291882609573094 1.3480634099496152 1.2642829791938792
1445 19.64754477386034 1.03107114842935 0.0043125107528572595 0.05567409193151017 1.0878411313264817 -99.0
1446 19.48923352882632 1.095704415899009 0.004072530437697342 0.048274854901780254 1.1139960915512332 -99.0
1447 17.884147228639947 0.8917982760356666 0.002813421709656316 0.01328056512468482 1.4363231002985861 -99.0
2448 18.952425579341554 1.097655062897502 0.0034578489315781097 0.03022667274016161 1.1433904007418845 1.0234095937317245
1449 16.594279767989182 1.5353278997340083 0.0025162247420396702 0.0066881123678864144 1.5432560764689942 -99.0
1450 19.443911002187935 1.0049074787037775 0.00400942814260709 0.04635904863217715 1.1232754732692352 -99.0
1451 18.35785324889976 0.859958989386046 0.0030310368163770384 0.018699928872361427 1.334055685750281 -99.0
2452 18.696307628276344 1.0044971716608044 0.0032480458484396013 0.024434465902690227 1.1567246766573145 0.9009418856844033
1453 17.60882325117531 1.3651109444561835 0.002721083486903442 0.011109518719013084 1.5382857689142047 -99.0
2454 18.10845975580149 0.9056578374843746 0.0029058896896083488 0.015536523144033282 1.262433329471119 1.1723162873055286
2455 19.492735760290042 1.1103806340790814 0.004077505943545433 0.04842646022749531 1.050852330876016 0.9300372082741823
1456 18.144303876553227 0.8926908174288786 0.0029223245320561895 0.015945114440909243 1.3810051228022537 -99.0
2457 18.281457272281894 0.9553309932780194 0.0029899181090104537 0.0176477249496972 1.2379042284283035 0.9559403514694619
1458 19.885179481989656 1.1081816671197555 0.004737345664732126 0.06917004166543385 1.0438341338057373 -99.0
1459 19.03407023314568 0.9250035437664866 0.0035346474400206906 0.03239954058420245 1.1838944211589517 -99.0
1460 19.454752221939785 1.0048799555285506 0.004024307346776209 0.046809616631484745 1.1207599194457802 -99.0
2461 19.82933435279849 1.1335667823007693 0.004629860520621579 0.06571098705444553 0.9608095894921711 0.8447155513545264
2462 19.34347842297496 1.0959145756687836 0.0038777618160309507 0.042404459381338334 1.0781169022467803 0.9573723432814754
1463 18.63444646975131 0.9443795494731172 0.003203705668009267 0.02323983409968603 1.2680662058516645 -99.0
2464 19.505129027546054 1.184311740054114 0.004095229080587281 0.04896713129311087 1.0579987620175784 0.7978771410650379
2465 19.587492112015955 1.1656306255542548 0.004217753479645555 0.05273169999930581 1.0289658480145871 0.7889088710345371
2466 18.278662425816595 0.9557699268630003 0.002988462640110688 0.017610701990370195 1.2407099247858304 1.0114816565076885
2467 19.33407778795197 1.1132728877044757 0.00386598936388568 0.04205379718784897 1.0608191839629026 0.9292127045833636
2468 18.167320030874215 0.9492029724688276 0.0029331379691880893 0.01621513030871935 1.2958188336009946 1.075017403654698
2469 19.22299186873362 1.1669067566473175 0.003733604693428595 0.0381452209699942 1.0891895297393963 0.9034789686670398
2470 19.725669301477417 1.1476991406442147 0.004443057406668331 0.0597698986999295 0.9970473298048683 0.8955368884058569
1471 18.67113532292614 0.9334807181458019 0.003229728381829397 0.02393961509036148 1.2569669456207169 -99.0
2472 19.265094944190867 1.1921174912814567 0.0037823515593228664 0.03957689030012085 1.085512347701578 0.8325748485931755
2473 17.521707336031945 0.9226882132553156 0.002695989991001134 0.010535689817268634 1.4430104889235735 1.280650696097665
2474 19.303078985178225 1.0109710185681486 0.0038278129582538668 0.040920057520263536 1.099916453268821 0.8775194441808222
2475 19.64524997587302 1.2082752072305023 0.004308802457044275 0.05555845016027448 1.0103851119892937 0.9186399202021988
2476 18.521897982620875 0.9805716924308903 0.0031286399987230052 0.021243310587583473 1.221518118515579 0.8770033171146965
1477 19.696780063279032 1.0915800565952816 0.004393795688181056 0.05821875647928969 1.0801884935818844 -99.0
1478 19.76220112389298 1.126021301612619 0.004507063968613391 0.06179518790804792 1.0651933096579012 -99.0
1479 17.900286308747873 0.8992411826931048 0.002819516107304388 0.013426879454585084 1.4331109635078696 -99.0
1480 19.075824871982974 0.878757522128848 0.003575978457828725 0.03357966493557797 1.174213504899797 -99.0
2481 18.28894490066596 0.9833153446827744 0.0029938340878726735 0.017747412672652334 1.2504068492059617 1.0939850824465576
2482 19.50020640688247 1.160200750193679 0.00408816762884596 0.04875159134940887 1.0505670869830128 0.9152566564218146
1483 18.66919413272885 0.8981969674946594 0.0032283316172707914 0.02390195761522084 1.2561741369657777 -99.0
1484 19.660475978152522 1.0515530458885651 0.004333539385720715 0.05633060767379747 1.0861038763153394 -99.0
2485 19.806457538003556 1.3136290063692813 0.004587245836490307 0.06434763843022027 0.9604450601174216 0.8583739854248867
1486 18.221197687957588 0.9107700446985558 0.0029592720581110904 0.01687147797637765 1.355178326818142 -99.0
2487 15.36812564011719 1.5877466469122055 0.002417074876550288 0.004868043141139761 1.5681568272628914 1.3050749596847697
2488 17.6093750611836 0.899800387329212 0.0027212482788614243 0.011113311507096303 1.4129022332174868 1.1038386832951566
1489 18.414988915474108 0.8773887887120976 0.0030635362115634 0.019539865235733617 1.3137843710280848 -99.0
1490 17.572846728990516 1.0135563562600602 0.0027105005089143996 0.01086660383001797 1.5005043342717603 -99.0
1491 18.489661369934858 0.8964699936588999 0.0031083981402312854 0.02071078648231448 1.300304735717827 -99.0
1492 19.492725324396805 1.0235951494910132 0.004077491096150163 0.0484260077046837 1.1118754680096643 -99.0
1493 17.85091887831973 0.9082317313847736 0.002801127888716016 0.012986496448239532 1.443836720361982 -99.0
1494 19.71023468490317 1.010610499092595 0.004416591714429262 0.05893572207780717 1.0764810902694097 -99.0
1495 18.350481941115813 0.8847386458674947 0.0030269549042544466 0.018594943050373354 1.337542969207244 -99.0
1496 18.38363480000387 0.8939370009689271 0.003045511266609399 0.019073132107988916 1.3271219445618796 -99.0
2497 19.39772629432861 1.1419400567457059 0.003947517950106182 0.04449221177701749 1.0713489643513918 0.8905494302814438
1498 19.744741821919888 1.0076961218334972 0.0044762321160913285 0.06081823273948287 1.0680844133311647 -99.0
2499 17.764820146074438 0.9187650114021287 0.002770804438778264 0.012267531120294741 1.3551844546471377 1.022403141895437
1500 17.513174017459136 0.9847061221457434 0.0026936280191087575 0.010482065394073231 1.5049101070926005 -99.0
2501 18.762245742476377 1.011821166969657 0.0032978793907304854 0.02578996271671197 1.1596904785088855 0.8778519579893147
2502 17.479399190354247 0.9200890018379463 0.0026844415376677372 0.010274156742661819 1.442027784660036 1.2377894411799442
1503 20.15393730285271 1.117145092479411 0.005330270916680177 0.08873390774133427 0.9972900456147101 -99.0
2504 16.950288827019705 0.967297080716082 0.002569556686127709 0.007773142511321777 1.5131860702049267 1.4297143361672267
2505 18.87913994841668 1.014363611544064 0.00339320231627246 0.02841864938423378 1.1364713385283414 0.9253228520902068
1506 18.792372843602646 0.928892932060189 0.0033215706513131387 0.026438983075287796 1.222749156516451 -99.0
1507 19.884497030924518 1.1881402440042128 0.004736001900006646 0.06912662035338933 1.0449203822079094 -99.0
1508 19.59469040489585 1.0552055179722153 0.0042288644939812 0.05307534747192756 1.0962794892288794 -99.0
2509 17.73222945474648 0.8893901842276082 0.0027598790577556885 0.01201079183503153 1.3876983720316902 1.221786127037788
1510 19.779764518745257 1.0751296614167671 0.004538533052630092 0.06279494160264674 1.0583394989507333 -99.0
2511 19.675871381114124 1.1979004746835742 0.004358870936784319 0.0571231333132406 1.014962099235035 0.8890372861057966
1512 20.113629734298318 1.0966384423941073 0.0052327132928498 0.08546224616125515 1.0040532071664725 -99.0
1513 17.94403498143919 0.8776894961943377 0.0028364522741107304 0.013835309951247852 1.4169614522686953 -99.0
2514 17.90101249846733 0.923703741377209 0.002819792250298063 0.013433517418099821 1.3126134125137678 1.112881558325457
2515 18.95313698650771 1.0339826037453965 0.0034584959182037177 0.030244866525959337 1.122373229452574 0.9807091831717478
2516 18.877295947140922 1.0034732999424751 0.0033916257915395367 0.02837480636022028 1.1649840606404167 0.8366393501408428
1517 19.66077627810737 1.0197859362922592 0.004334030413948144 0.056345952717461074 1.0856826275227802 -99.0
1518 19.761907891275712 1.088506140414862 0.004506542449153172 0.06177864164931816 1.064392754735344 -99.0
1519 18.006906070586282 0.897156567630459 0.0028618921129254255 0.014453723816478872 1.4052105828386228 -99.0
1520 18.541270076888804 0.8850381571209318 0.0031410667340615946 0.02157149168740017 1.2935620377744856 -99.0
2521 20.085610566915257 1.3421001991494623 0.005166792411676716 0.0832627968981529 0.9282106237930908 0.8471728637869428
2522 20.20325017038202 1.308985590983062 0.005454142991794687 0.09291592699645884 0.9197218187859983 0.7882282915844577
1523 19.18043243999846 1.0508083759292748 0.003686028149731304 0.03675671390252005 1.1567334416177062 -99.0
2524 17.390891962101612 0.8955764437186816 0.0026615533429841186 0.009760812668026121 1.4392651597483395 1.1699618791704132
1525 19.751314537930202 1.1367504775550175 0.004487786722561937 0.061184060314284264 1.0690411791733525 -99.0
2526 18.167751758528414 0.9423140850484215 0.0029333427805641682 0.016220253447990874 1.2822639707834513 1.1593956845306055
2527 19.266943967379373 1.1986868992583517 0.003784531592338807 0.039641125554548025 1.0914320556537562 0.91259851338723
2528 19.297577763569624 1.1136575963249074 0.0038211398376551387 0.04072242380703786 1.0809078796828377 0.9528031593372432
2529 17.662091688119254 0.8948812334120544 0.002737344170081659 0.011485253948243372 1.3955025185034948 1.2940977724443683
1530 18.22000214677559 0.8630132074311356 0.0029586793947739103 0.016856535378090603 1.3542076137115593 -99.0
1531 19.584575320025188 1.146746310578382 0.004213270066534415 0.05259313915848363 1.0990594318488731 -99.0
1532 19.572994456942734 1.0138842920557283 0.004195575630656857 0.05204687876291028 1.0992100313320798 -99.0
2533 18.04819572029186 0.9126634880507914 0.0028793351411703478 0.014881038743684367 1.2634350719334018 1.1958727304522716
1534 18.18894351347793 0.8977705324576514 0.0029434867556313114 0.016474404857460642 1.364013183464929 -99.0
1535 17.824954264313675 0.9145421531020977 0.002791754384324883 0.01276327014695013 1.4473989834512115 -99.0
1536 19.518050491926616 0.8753968263142508 0.0041139024392435955 0.04953786644027666 1.1054180362652628 -99.0
2537 19.878319843037705 1.145552439411098 0.004723873360492001 0.06873490886270095 0.9504005958360701 0.8253224190636923
1538 19.742468219429323 1.025269705441891 0.004472249831167535 0.06069223376278729 1.0692583678793826 -99.0
1539 19.122461786276492 0.9782032651413097 0.0036238650461681084 0.03495601658462388 1.1669496797937475 -99.0
1540 18.431064572223114 0.879395769653433 0.0030729610691118455 0.01978477241335724 1.3083361182005624 -99.0
1541 18.813088300967248 0.9627927599937726 0.003338207431079109 0.02689647469948194 1.218521135529465 -99.0
1542 18.01421236584297 0.8728353461821136 0.0028649353905660846 0.014528087256548614 1.4036737023365484 -99.0
1543 19.8886409867064 1.0941231163406957 0.004744173178066804 0.06939072852890105 1.0430518144899117 -99.0
2544 19.807514568444688 1.1672007540621838 0.004589197109021758 0.06440996261491466 0.9836157289614208 0.8314891876762049
2545 17.744191594134506 0.918458204413 0.0027638548899312798 0.012104076753692686 1.3455503208437598 1.3238650907399883
1546 17.70256135350928 0.9419340645301308 0.002750186773859516 0.011784084638919324 1.4715626538713749 -99.0
1547 20.222924174395214 1.1518825137744386 0.00550499354683729 0.09464149406060206 0.9850009388218307 -99.0
1548 20.1218083918338 1.0921374702113753 0.005252245674659128 0.08611569949407984 1.0026235110422494 -99.0
2549 19.631303916851852 1.2288707618011934 0.0042864172569505605 0.05486121952890941 1.0206179610849238 0.9517470072587468
1550 19.928682189208367 1.0951014145957918 0.004824591215414892 0.07199858436913903 1.0361209873774713 -99.0
1551 19.01192080809455 0.9522370965749568 0.003513296461646808 0.031792812065315826 1.1891335517401913 -99.0
1552 17.911975566180377 0.9031607397022999 0.0028239813545594744 0.01353430360916254 1.430093427677353 -99.0
1553 19.822582098491747 1.1451099178106294 0.0046171983424231275 0.06530540774969351 1.0533982310043097 -99.0
1554 18.984320245793853 1.009429225769431 0.0034872335228756926 0.031054923729823145 1.1961762597586048 -99.0
1555 18.0489523283959 0.8744586135361628 0.002879660376213236 0.014889031130265837 1.4005105748110778 -99.0
1556 19.773874926787162 1.1399987165908922 0.004527929331119781 0.06245777554986415 1.0616826583329533 -99.0
1557 19.738468878937777 1.1151291973999193 0.00446526304583369 0.06047127610869051 1.0720140582399362 -99.0
1558 19.017759919479957 1.0152670830726387 0.0035188870965165786 0.031951486688302534 1.189362741612887 -99.0
2559 17.313508780613667 0.9231382402476225 0.002642872260754266 0.009346985269370825 1.4560070154551474 1.206835080672365
2560 19.710004103846376 1.2009185950572305 0.0044161988986765426 0.05892335533524916 0.9594945044437206 0.8924850856896396
1561 19.403620214000465 1.0227612792855731 0.003955287416064592 0.044725783740490015 1.130798093454867 -99.0
1562 17.987188541782285 0.9086202066099848 0.0028537705862409705 0.014255670420755404 1.4081199824429846 -99.0
1563 18.569050974365176 0.9345649843916646 0.0031592393541608147 0.022053109573329566 1.2890368309866047 -99.0
1564 19.78430328362522 0.9867212391713286 0.004546740107793179 0.06305610387417948 1.0555789654533392 -99.0
2565 19.93159268171698 1.3060022076028202 0.004830541295477419 0.07219215333797982 0.9370080086604908 0.8614882962296457
2566 15.639445169955355 1.5293053205772331 0.002431258195571453 0.0051067346743151045 1.587380891901811 1.1920702515228256
2567 15.77612923846844 1.4513803314465636 0.0024397062860366647 0.005253208381716661 1.5766315977813636 1.3460720178563563
2568 18.315636351124915 0.9335254152120146 0.0030079929194708364 0.018108771379405607 1.2794266941368861 1.059339494015539
1569 18.83751682798506 0.9417908691750412 0.0033581967698276447 0.02744801174865215 1.212047637456661 -99.0
2570 19.507405110122594 1.2424282510500946 0.004098503851428773 0.04906714226653849 0.9912604382787592 0.9756083063351734
1571 18.460015504198243 0.8890023466858392 0.003090254414679218 0.020235657976668386 1.303987298449219 -99.0
2572 19.51081932373411 1.1749561906068187 0.004103427734405264 0.04921758067180725 1.0262255806436267 0.8782847340962687
1573 20.06315467456616 1.06969111850438 0.005115054263731892 0.08154304304936966 1.0122923598869538 -99.0
1574 18.13188000240395 0.8620695929865132 0.0029165727102429834 0.01580186869727589 1.3831731171028694 -99.0
2575 18.631441040381187 0.9759878650485246 0.003201608830443546 0.02318361515384084 1.181902035772668 0.8381205423455179
1576 19.360279989984647 1.0231550711137334 0.0038990323019508395 0.04303927657629219 1.1380957453917822 -99.0
2577 17.435641197558613 0.9174648009407141 0.0026729157686541144 0.010014806375604462 1.450624737360639 1.2514312028488686
2578 18.610025774523237 1.0291218298819849 0.0031868180034177506 0.022787773107949192 1.2018993907121012 0.9573701152333359
1579 18.76028046905134 0.9252630472962234 0.003296354400437807 0.025748285969824116 1.2311370594020123 -99.0
1580 16.003434877693152 1.5322448941372806 0.002456058101181494 0.005544623527923601 1.5621989410754624 -99.0
2581 19.389046346759493 1.1031864525377677 0.003936144773556386 0.04415067326380364 1.035354686841803 0.9102421072357918
1582 16.0100001254759 1.5421619332867351 0.002456577682968461 0.005554040696463737 1.5614537898014118 -99.0
1583 18.154216141383547 0.84932946830893 0.0029269562307072334 0.016060656332211015 1.3745362947379467 -99.0
1584 17.90752429408426 0.8778053575351545 0.0028222758854361905 0.013493251633892644 1.4298016889638585 -99.0
2585 18.784780914937055 1.0041147794786127 0.0033155446681579362 0.026273625722167328 1.17006941621548 0.8312935357369229
1586 19.757985247125482 1.146251467023717 0.004499578130481871 0.06155775396084409 1.0670681357078682 -99.0
2587 20.08164038261548 1.2474291243264963 0.0051575749374699114 0.08295599118059169 0.9265992913272594 0.8693477281357924
2588 19.39656799936865 1.0323243431983213 0.003945995522825116 0.044446467410459815 1.0426664110527784 0.8775408194603226
1589 19.681609776343123 1.0562947779720129 0.0043683958708741685 0.05742160060420018 1.0825613842802688 -99.0
1590 18.16739110149712 0.8734220421370613 0.0029331716800162226 0.016215973526645607 1.3710143552339051 -99.0
1591 17.648158557543148 0.9797826513858526 0.002733021384911088 0.011385077090658537 1.4860498901371557 -99.0
2592 20.125702735420035 1.1700169843472654 0.005261592831238336 0.08642868880753281 0.9230827568161873 0.8334447984451301
2593 18.20908087155365 0.9417751438492697 0.0029532925093419763 0.01672084030399434 1.287864134343731 1.0263410005601266
2594 18.67382184306187 1.038155806763019 0.0032316651519857555 0.023991849407050955 1.1522947234860312 1.0779598465917088
2595 19.67574462455441 1.1018974994667299 0.004358661049544275 0.057116559297301785 0.9676411909369315 0.9157627349520131
1596 19.61049254722595 1.0519240507608605 0.004253489814362639 0.053838281445901186 1.093725511022157 -99.0
2597 19.0418153516195 1.0906760074993591 0.0035422063295486948 0.032614818947843224 1.1065358415542532 0.9827760833042198
1598 20.122229136193564 1.1860929493583485 0.005253254087213492 0.08614945741584158 1.0035213267005523 -99.0
2599 19.674706616632662 1.1613037529214454 0.004356943114820853 0.05706275540818827 1.016842004891218 0.8928419783118877
1600 18.629374722362478 0.9293144976444441 0.0032001702219147145 0.023145058768180893 1.2690232197881886 -99.0
2601 20.068427136104983 1.0849095689401151 0.0051271156061883615 0.08194344152261158 0.9291704570119494 0.8339638135896411
1602 18.827813473494302 0.9534262135544719 0.003350208240964648 0.027227354926336277 1.214463122620688 -99.0
1603 18.5683766164568 0.8853489653220173 0.003158793256070996 0.02204126309523702 1.2871220646742967 -99.0
1604 19.55507226796128 1.0652377993343378 0.0041685248585938564 0.05121360369162534 1.1025472592795116 -99.0
1605 17.436685687479 0.9900001308489466 0.00267318604377242 0.010020868583360109 1.5208859430808856 -99.0
1606 20.731136755685817 1.2890315071898792 0.007151827944573373 0.15293623247413973 0.8964155213451765 -99.0
1607 19.46015666927191 1.0110100447110977 0.004031774849551095 0.04703601931330992 1.119518635145667 -99.0
1608 17.85912115237067 0.890558082825055 0.0028041311677338447 0.013058200265371616 1.4415598897941626 -99.0
1609 19.752905182113896 1.058083838136182 0.00449059249176208 0.061272947123944724 1.0666222201797761 -99.0
1610 20.102368774045072 1.0568818602684118 0.005206035437859035 0.08457103380054616 1.0055424388190848 -99.0
2611 18.587701862911075 0.9746037716881387 0.003171676525431194 0.022383865677592076 1.2174743841818572 0.8874907637889157
2612 19.470285707137073 1.1639480142425809 0.004045860882150536 0.04746358035655628 1.0657935019933873 0.8414467346764143
1613 19.621595997303807 1.0461403026848517 0.004270986844883635 0.054381456585872685 1.0919635145850666 -99.0
1614 19.986132111767926 1.009873195424417 0.0049447351520593 0.07592319504402623 1.0251220167213961 -99.0
1615 20.098724151080773 1.1885664735856256 0.00519745431342115 0.08428468764145017 1.0075303977496461 -99.0
1616 20.147317279407893 1.193742757796262 0.005314023771568944 0.08818768827841607 0.9992601408110251 -99.0
1617 20.27135857911501 1.3093865411936234 0.005633770564141561 0.09903376487480875 0.9772465834601399 -99.0
1618 18.092663751789345 0.8978554034946162 0.0028988006307346303 0.015360959243843248 1.3973569727560766 -99.0
1619 20.389240887528604 1.1574685800673286 0.005969668787395876 0.11063486981860624 0.9469196770185153 -99.0
1620 19.651154709362388 1.0486404204189739 0.004318358547228899 0.05585653344427011 1.0874986444054204 -99.0
1621 20.635160149354878 1.0377359954085874 0.006785502696280726 0.13960153708897685 0.9034576839093409 -99.0
2622 18.745429579080707 1.0379528173853647 0.003284910529375434 0.0254359253248694 1.158768935764286 0.885026528781852
2623 20.357121750858287 1.2151908510756806 0.0058748711753111894 0.1073402675427808 0.8951091443787232 0.8126661545712137
2624 19.66770872323054 1.0845300443931545 0.004345399874709593 0.05670144971376136 1.0150040249620218 0.8886385931905157
1625 16.01207423428141 1.534103408968978 0.0024567424190113144 0.005557028379830109 1.5599892142577674 -99.0
1626 18.457848431893314 0.8956863687932989 0.0030889455351894124 0.02020146396501605 1.30440848194403 -99.0
2627 17.702418460693398 0.8845361307611848 0.0027501406664308062 0.011783008568627346 1.3423125506572722 1.3308092434029062
2628 17.36742463867603 0.9209773947986607 0.0026557609985376506 0.009631990486510852 1.4545771719061964 1.2327720545531353
1629 18.16795972020877 0.8738640294889931 0.0029334414636326177 0.016222722017960076 1.3708145222710992 -99.0
1630 19.760628750220977 1.0363079756070397 0.004504268955597838 0.06170651892538106 1.063560914577581 -99.0
2631 15.679145476312385 1.509253102494211 0.0024336141575274322 0.005147280497289301 1.5818659691576766 1.248985606444931
2632 17.586856674701238 0.8739578965215141 0.0027145842510573033 0.010960184902775779 1.4028934155007318 1.3309228821791093
1633 19.77518182162598 1.087524006073186 0.004530277820579905 0.06253242482849655 1.060031485379092 -99.0
1634 20.17232959485074 1.2773033120468584 0.005375880738748756 0.09027015002711128 0.9957316104745352 -99.0
1635 18.397349254825713 0.9057685609893594 0.003053337873936677 0.019275524067257296 1.322473714899927 -99.0
1636 17.533293927769634 1.0070718848032223 0.0026992239470023456 0.010609221365532016 1.502245606291558 -99.0
2637 17.142408044964355 0.9689179313934826 0.002605583462876355 0.008535904298517048 1.5022964796630278 1.3860023102743069
1638 19.70890790497737 1.126068100339803 0.004414332450823214 0.05886460107868467 1.0783743902700351 -99.0
1639 20.460499166666423 1.2371514258790788 0.006189213728722796 0.11832432666188665 0.9344450371415525 -99.0
2640 20.068376737194264 1.0561372904201118 0.005127000063406522 0.08193960437491479 0.9276608466284626 0.8547387971410104
2641 19.898720751951632 1.2633131370071151 0.004764166553031442 0.07003763110519363 0.9784567294117869 0.8274892431695294
2642 20.07920119735641 1.2610998293224736 0.0051519269663401175 0.0827680870052737 0.9294124410257383 0.8306336736004436
1643 19.78220574148148 1.079472280448233 0.004542943467131402 0.06293526642838664 1.057682569414506 -99.0
2644 19.308355429110236 1.0868413693614174 0.003834242066381512 0.04111061750488177 1.0827898561489384 0.8674180682670574
1645 20.222733250168353 0.9672008171065849 0.005504496078506666 0.09462458846505366 0.982920942030283 -99.0
2646 19.400515582485802 1.1549709738592706 0.003951190107432932 0.044602581557030486 1.0430514636929538 0.8733159940680665
2647 19.415628234352326 1.0884563538144603 0.003971234506169016 0.04520583886736001 1.0437249575395797 0.8542748709234351
1648 20.288777085892455 1.2421719036249428 0.005681361158529102 0.10066491507362214 0.9732626777648624 -99.0
1649 19.749682989779796 1.037580866138286 0.004484912642129846 0.061093031272102895 1.067186139557844 -99.0
2650 19.368551630381795 1.1299061729974225 0.003909613355245525 0.04335565793845638 1.0618194597698045 0.9071847847078965
1651 19.562088749566186 1.1037650171440263 0.00417906731905794 0.05153808994302263 1.1019693628239258 -99.0
1652 19.344944628589197 0.9870116933599794 0.00387960623336849 0.042459442910035596 1.1400997333841683 -99.0
2653 18.87429984570294 0.9896262791283102 0.0033890694133350214 0.028303739333706626 1.136380727179963 0.9321459737904514
2654 20.27829281697358 1.0610903543497183 0.005652633920551497 0.09967979253820651 0.9038634970788642 0.7944531187556455
1655 19.025202115837672 0.9500444920546168 0.0035260519270779015 0.03215504196525502 1.1863139711431991 -99.0
1656 20.26996344573027 1.2455367617342568 0.005629988434589231 0.09890431588910531 0.9768134177874012 -99.0
1657 20.77702609257433 1.483832505643919 0.007337546711592803 0.1597679580587153 0.8876943177335034 -99.0
2658 16.628718255220203 1.3396529197783489 0.002520723987425878 0.006777354940998778 1.5411863542181887 1.3730702322829043
1659 17.417419262211187 0.9713210470129064 0.0026682380601835212 0.009910036663338973 1.5235170659340438 -99.0
1660 18.126366377511168 0.8658935080036819 0.0029140390058767663 0.015738852687477607 1.3851554878540935 -99.0
1661 20.22391665640992 1.2003901050157966 0.005507580806551287 0.09472942533768469 0.9853583925516255 -99.0
1662 19.716457437350495 1.138471352230947 0.004427221136376443 0.0592705218787878 1.077113812550517 -99.0
1663 18.84018103091295 0.9455460180942241 0.0033604014056183807 0.027508963668311886 1.211587056381499 -99.0
1664 20.03137751611853 1.0200601520805828 0.0050434659932887685 0.0791730672319659 1.01717436764596 -99.0
1665 19.200661595572786 0.9691130715575178 0.003708432830814519 0.03740948990602303 1.1526166909353504 -99.0
1666 18.46308414033808 0.8714027888969301 0.0030921118511007184 0.020284201789287037 1.3032273798992249 -99.0
1667 20.379452479053796 1.2518512466833045 0.005940511123227736 0.10961984482402475 0.9516920991418403 -99.0
2668 18.176881130096895 0.9392952208135635 0.002937690953257983 0.01632909602691066 1.296628853366868 1.139538796066363
1669 18.642001368555356 0.9019420049604948 0.00320899971750061 0.023381886323905227 1.2639470324482132 -99.0
1670 16.00373749132259 1.5262992070679542 0.0024560819882961647 0.005545056268034144 1.561292415926356 -99.0
2671 19.32693177797547 1.0930984912517825 0.003857101547271752 0.041789385160591386 1.078550742359807 0.9727900378683332
1672 20.169873561597463 1.1480520396166691 0.0053697498900075 0.09006340443161087 0.9948181020916017 -99.0
1673 20.49127596671743 1.267893577930311 0.006288119797483034 0.12181475311575612 0.9299215460390513 -99.0
2674 20.36631921665909 1.3755716025455558 0.005901759568751878 0.10827314313461994 0.905600076243647 0.7442534124961712
1675 19.05916552564281 0.9826976216612393 0.0035593164485470917 0.03310303164163606 1.179977398687821 -99.0
1676 18.51284742553581 0.8736613649159936 0.003122902308886146 0.02109210356813719 1.2970266975560656 -99.0
1677 18.72140852655612 0.930161080091208 0.003266695857064174 0.024940192188107904 1.2425078038384247 -99.0
