EDR3Name,_x,_y,RA_ICRS,DE_ICRS,Plx,e_Plx,pmRA,e_pmRA,pmDE,e_pmDE,Gmag,e_Gmag,BP-RP,e_BP-RP,probs_final,membs_select
Gaia EDR3 2946940515360517888,0.058923,0.033046,100.31145502667,-16.4869511132,0.1007,0.0996,-0.139,0.09,0.859,0.108,17.688993,0.003067,1.043369,0.020893247961290686,0.9988,1
Gaia EDR3 2946940480998592640,0.057545,0.0249,100.31002118439,-16.49509730722,0.1189,0.1355,-0.1,0.135,0.853,0.153,18.24772,0.00325,1.140884,0.04952086456249956,0.9987,1
Gaia EDR3 2946940549720261888,0.033614,0.03127,100.28506141221,-16.48873290224,0.0962,0.0384,-0.129,0.037,0.831,0.041,15.625237,0.002788,1.583947,0.007443878010461843,0.9979,1
Gaia EDR3 2946940652799463552,0.081701,0.046993,100.33520408154,-16.47299557761,0.1079,0.0256,-0.14,0.025,0.828,0.028,15.151368,0.002783,1.762553,0.005420391220702834,0.9981,1
Gaia EDR3 2946940687159206400,0.0592,0.044347,100.31174092305,-16.47564982537,0.0772,0.0158,-0.131,0.016,0.871,0.018,14.010428,0.002808,1.680061,0.007484749746144292,0.9987,1
Gaia EDR3 2946947352948442496,0.070108,0.073225,100.3231049753,-16.44676783345,0.1142,0.0519,-0.155,0.052,0.883,0.058,16.660429,0.00284,1.612545,0.01407543206535734,0.9964,1
Gaia EDR3 2946940412281296640,0.084122,0.035628,100.33773409,-16.48435963766,0.0887,0.0153,-0.17,0.015,0.848,0.017,13.884003,0.002783,1.974525,0.005292395145565605,0.998,1
Gaia EDR3 2946940274842353280,0.067103,0.014347,100.31999263518,-16.50564768679,0.0813,0.0352,-0.101,0.034,0.899,0.038,15.825121,0.002791,1.640843,0.005690267941051289,0.998,1
Gaia EDR3 2946941305634505856,0.03412,0.031971,100.28558876465,-16.4880315967,0.1169,0.0344,-0.113,0.033,0.914,0.037,15.486503,0.002787,1.533828,0.006014169786536757,0.9979,1
Gaia EDR3 2946940687159203840,0.06651,0.049053,100.31936167168,-16.47094102672,0.1213,0.028,-0.092,0.027,0.815,0.031,15.334238,0.002796,1.70937,0.011483728816602298,0.9984,1
Gaia EDR3 2946940584079996160,0.054631,0.03209,100.30697954787,-16.48790774188,0.122,0.0285,-0.161,0.027,0.812,0.031,15.376355,0.002786,1.725822,0.00604447392834954,0.9987,1
Gaia EDR3 2946940511061345536,0.060991,0.026349,100.31361452633,-16.49364758709,0.0959,0.0811,-0.193,0.077,0.853,0.088,17.279516,0.00295,1.508642,0.021296398354491427,0.9986,1
Gaia EDR3 2946940412279088640,0.082658,0.035244,100.33620769561,-16.48474373876,0.1613,0.1749,-0.095,0.165,0.888,0.194,18.722738,0.00369,1.238846,0.05054962424820867,0.9981,1
Gaia EDR3 2946940515360516352,0.071088,0.029699,100.32414307752,-16.49029415212,0.0746,0.1182,-0.18,0.118,0.832,0.132,18.085442,0.003149,1.257641,0.028170136071571934,0.9986,1
Gaia EDR3 2946940480998592896,0.056755,0.02493,100.30919738619,-16.49506778368,0.0804,0.1325,-0.081,0.138,0.818,0.152,18.165525,0.003385,1.180563,0.043226647577761096,0.9986,1
Gaia EDR3 2946940614140578688,0.074376,0.04266,100.32756769809,-16.47733203961,0.0927,0.1638,-0.198,0.155,0.858,0.182,18.661983,0.003466,1.119211,0.03419531472727929,0.9984,1
Gaia EDR3 2946940515360515200,0.065628,0.037298,100.31844689242,-16.48269637473,0.0918,0.0788,-0.197,0.074,0.843,0.086,17.38519,0.002944,1.181612,0.017152741464259345,0.9987,1
Gaia EDR3 2946941301335340032,0.031621,0.03795,100.28298204891,-16.48205360588,0.134,0.1337,-0.083,0.131,0.807,0.153,18.369015,0.003326,1.116632,0.027066270560915595,0.9977,1
Gaia EDR3 2946940098744462848,0.046129,0.005528,100.2981199895,-16.51447231308,0.1422,0.1201,-0.062,0.114,0.856,0.131,18.116404,0.003182,1.18708,0.032671928424169557,0.9968,1
Gaia EDR3 2946940648503339776,0.081661,0.048191,100.3351616033,-16.47179779886,0.1095,0.1017,-0.127,0.102,0.786,0.116,17.848866,0.003053,1.543451,0.019241839831810832,0.9979,1
Gaia EDR3 2946941339994237312,0.041535,0.05314,100.29331764656,-16.46686165743,0.0548,0.0314,-0.175,0.032,0.877,0.035,15.590338,0.002779,1.588496,0.006143151997133696,0.9975,1
Gaia EDR3 2946940618439726208,0.076445,0.04563,100.329723508,-16.47436074918,0.1035,0.0518,-0.203,0.049,0.841,0.058,16.546484,0.002828,1.509415,0.007319878080272996,0.9983,1
Gaia EDR3 2946940171763140992,0.032887,0.027388,100.2843039283,-16.4926155164,0.185,0.0471,-0.153,0.043,0.867,0.05,16.362892,0.002821,0.69943,0.007745292649380023,0.9976,1
Gaia EDR3 2946940412281300736,0.08084,0.023503,100.33431661614,-16.49648595926,0.1551,0.0749,-0.175,0.075,0.91,0.084,17.279852,0.002953,0.840149,0.01166932535822065,0.9978,1
Gaia EDR3 2946940584079995520,0.048034,0.038487,100.3000982741,-16.48151250824,0.1144,0.0319,-0.087,0.031,0.785,0.035,15.679835,0.002784,1.60149,0.006508537528541747,0.9985,1
Gaia EDR3 2946946249137659136,0.11515,0.033411,100.37009263023,-16.48656028824,0.0637,0.2185,-0.17,0.207,0.922,0.241,19.07103,0.00401,1.159531,0.05805156233715934,0.9937,1
Gaia EDR3 2946940343561821184,0.099915,0.018003,100.3542129851,-16.50197666579,0.0474,0.0454,-0.193,0.044,0.868,0.05,16.33798,0.002816,1.628388,0.0071753244270203265,0.9945,1
Gaia EDR3 2946940137403406848,0.031569,0.010063,100.28293223983,-16.50993985854,0.1303,0.0605,-0.147,0.058,0.771,0.066,16.874113,0.002855,1.559875,0.013080759714113422,0.996,1
Gaia EDR3 2946940240480416128,0.088698,0.006674,100.34251961049,-16.51331121112,0.0981,0.0321,-0.083,0.032,0.779,0.035,15.629583,0.002793,1.598262,0.007765014932991736,0.9947,1
Gaia EDR3 2946940412281298560,0.07809,0.032912,100.33144420396,-16.48707795234,0.0485,0.0658,-0.14,0.061,0.931,0.071,16.894432,0.002874,1.554544,0.011473817659327593,0.9983,1
Gaia EDR3 2946940682860067712,0.06434,0.051376,100.31709807152,-16.46861886749,0.0414,0.0562,-0.17,0.054,0.912,0.062,16.83277,0.002858,0.647455,0.008010214474783664,0.9983,1
Gaia EDR3 2946940579780838016,0.05295,0.036938,100.3052253158,-16.48306103316,0.0279,0.0634,-0.132,0.061,0.917,0.069,17.020948,0.002875,0.926954,0.011847700391410008,0.9987,1
Gaia EDR3 2946946524015600512,0.088095,0.060267,100.34186570351,-16.45971860495,0.0072,0.145,-0.145,0.143,0.85,0.169,18.498198,0.003297,1.233767,0.036889693350104794,0.9968,1
Gaia EDR3 2946940515360519680,0.064216,0.022281,100.31697869474,-16.49771420065,0.0844,0.0439,-0.037,0.042,0.815,0.047,16.233677,0.002848,1.593293,0.008717607472490039,0.9984,1
Gaia EDR3 2946941473134064640,0.060698,0.064018,100.31329693588,-16.45597884975,0.0807,0.0929,-0.039,0.095,0.909,0.106,17.750307,0.00302,0.668577,0.01842717108485572,0.9972,1
Gaia EDR3 2946940515360517504,0.06041,0.033204,100.31300585699,-16.48679282094,0.1788,0.0953,-0.048,0.083,0.849,0.101,17.45481,0.003083,1.380424,0.01379702822786595,0.9987,1
Gaia EDR3 2946940511061353600,0.060977,0.029216,100.31359912763,-16.49077980092,0.0803,0.0934,-0.064,0.09,0.779,0.104,17.4856,0.002976,1.231474,0.014832058047869735,0.9986,1
Gaia EDR3 2946940240482613376,0.08451,0.003252,100.33815268974,-16.51673539571,0.0641,0.0576,-0.202,0.052,0.941,0.06,16.66182,0.002846,1.595633,0.011315460167239961,0.9943,1
Gaia EDR3 2946941374353979904,0.025151,0.050913,100.2762331303,-16.46909166244,0.1205,0.0703,-0.027,0.071,0.93,0.079,17.231157,0.002899,1.267532,0.013978879301408816,0.9956,1
Gaia EDR3 2946940442341882496,0.09351,0.03674,100.34752357936,-16.48324334964,0.0553,0.0599,-0.016,0.058,0.876,0.065,16.865686,0.00288,1.574348,0.012917437640088117,0.9966,1
Gaia EDR3 2946940579780835072,0.05639,0.037115,100.30881301364,-16.4828827057,0.2245,0.087,-0.171,0.086,0.826,0.103,17.375015,0.00297,1.512957,0.013721026500189937,0.9988,1
Gaia EDR3 2946946317857152128,0.111492,0.046331,100.36627042246,-16.4736432518,0.0867,0.1578,-0.067,0.153,0.75,0.178,18.542093,0.003443,1.174789,0.048243694549661785,0.994,1
Gaia EDR3 2946940412281297536,0.081449,0.034497,100.33494711285,-16.48549181023,0.1592,0.0726,-0.038,0.072,0.937,0.08,17.13014,0.002878,1.591028,0.01443337694647704,0.998,1
Gaia EDR3 2946940687157004032,0.058837,0.044431,100.31136230174,-16.47556581846,0.0774,0.0729,-0.244,0.064,0.909,0.089,16.940084,0.007639,,,0.9984,1
Gaia EDR3 2946939965602559616,0.019439,-0.006735,100.27028218581,-16.52673951303,0.0914,0.4062,-0.038,0.363,0.954,0.425,19.870647,0.005518,1.068897,0.08454829785562716,0.9908,1
Gaia EDR3 2946940167463949696,0.036187,0.017037,100.28774812951,-16.50296502297,0.0086,0.309,-0.073,0.287,0.927,0.332,19.59935,0.004698,1.148815,0.09326790000474863,0.9973,1
Gaia EDR3 2946940515360517120,0.062096,0.033711,100.31476443008,-16.48628445982,0.1685,0.1193,-0.16,0.114,0.74,0.135,17.979801,0.003237,1.208885,0.020289414634829417,0.9987,1
Gaia EDR3 2946939862525500288,0.041984,-0.000202,100.29379779475,-16.52020320258,0.1948,0.0643,-0.075,0.061,0.957,0.07,17.008335,0.002889,0.719032,0.009687273683098376,0.9951,1
Gaia EDR3 2946946592735096192,0.08309,0.076216,100.33663965998,-16.44377159457,-0.022,0.1345,-0.143,0.132,0.91,0.151,18.330446,0.0032,1.206493,0.031950567426980415,0.9953,1
Gaia EDR3 2946940618439729024,0.071452,0.036647,100.32451984795,-16.48334580366,0.1085,0.0563,0.014,0.052,0.832,0.059,16.63412,0.00286,0.619581,0.010233083159421763,0.9982,1
Gaia EDR3 2946946592735089792,0.08884,0.071065,100.34263737668,-16.44892082986,0.1332,0.1971,-0.077,0.19,0.726,0.223,18.95716,0.00389,1.232977,0.08129765916159935,0.9954,1
Gaia EDR3 2946941301335346688,0.039813,0.040321,100.29152418488,-16.47968078358,0.0382,0.1043,-0.126,0.092,0.99,0.11,17.773096,0.003038,1.295782,0.01628999632524299,0.998,1
Gaia EDR3 2946940481000783872,0.054245,0.023165,100.30657930596,-16.49683352231,0.1415,0.0662,0.014,0.066,0.823,0.073,17.000027,0.002887,0.755032,0.010798005197564315,0.9982,1
Gaia EDR3 2946940515358327168,0.065191,0.022312,100.31799579381,-16.49768279793,0.1515,0.1031,0.018,0.099,0.83,0.118,17.857918,0.003105,1.319212,0.03069377929153582,0.9982,1
Gaia EDR3 2946940584079995392,0.051551,0.036295,100.30376608065,-16.48370354198,0.2502,0.0774,-0.107,0.072,0.93,0.083,17.352226,0.003032,0.868181,0.011092828559591273,0.9987,1
Gaia EDR3 2946940579780829056,0.050969,0.033548,100.30316077046,-16.48645166345,0.2588,0.1236,-0.155,0.117,0.912,0.137,18.139252,0.003118,1.224602,0.024527815177104704,0.9987,1
Gaia EDR3 2946940614140575872,0.071342,0.040593,100.32440385819,-16.47939959108,0.167,0.1701,-0.281,0.165,0.855,0.191,18.677677,0.00347,1.12155,0.03263573029176294,0.9982,1
Gaia EDR3 2946940304902901888,0.078325,0.016353,100.33169597237,-16.50363668455,0.1382,0.1961,0.021,0.187,0.795,0.218,18.903097,0.003876,1.204491,0.04477558007471582,0.9969,1
Gaia EDR3 2946940618439726080,0.079129,0.043812,100.3325228508,-16.47617764422,0.2474,0.127,-0.129,0.12,0.759,0.143,18.129015,0.003225,1.051054,0.028574998739733796,0.9981,1
Gaia EDR3 2946940682860062720,0.054894,0.048461,100.30724864551,-16.47153674525,-0.0034,0.1187,-0.01,0.116,0.918,0.137,18.209635,0.003151,1.376099,0.021701754510888766,0.9982,1
Gaia EDR3 2946940103043666432,0.047334,0.006826,100.2993764845,-16.51317453492,0.1942,0.0924,-0.122,0.084,0.705,0.098,17.546436,0.003016,1.568501,0.019241544024696466,0.9966,1
Gaia EDR3 2946940304902912000,0.07456,0.024739,100.32776640927,-16.49525272881,0.2299,0.225,-0.14,0.213,0.99,0.246,18.941908,0.00382,1.138348,0.03607216502855386,0.9981,1
Gaia EDR3 2946940648500319616,0.087178,0.044503,100.34091680153,-16.47548336124,0.0639,0.2453,-0.184,0.243,0.697,0.27,19.06396,0.004117,1.182991,0.0689936504603881,0.9972,1
Gaia EDR3 2946940614140569728,0.075768,0.034725,100.32902162728,-16.48526621507,0.2473,0.1737,-0.225,0.165,0.921,0.193,18.738153,0.003528,1.11224,0.048483708109128214,0.9982,1
Gaia EDR3 2946940682863077888,0.064591,0.052401,100.31735961466,-16.46759365881,-0.0342,0.1273,-0.064,0.122,0.949,0.141,18.255928,0.003199,1.439459,0.032854073127567926,0.9982,1
Gaia EDR3 2946940579780835328,0.056431,0.034566,100.30885573722,-16.48543157064,-0.0175,0.1239,-0.257,0.114,0.885,0.134,18.127537,0.003211,1.33024,0.029546533508751454,0.9984,1
Gaia EDR3 2946940584077801984,0.050698,0.035656,100.30287723614,-16.48434306861,0.254,0.1259,-0.208,0.121,0.781,0.14,18.249907,0.003227,1.140694,0.023440361371679215,0.9985,1
Gaia EDR3 2946946627094839936,0.0933,0.081248,100.34728232641,-16.43873491539,0.2187,0.1945,0.018,0.192,0.886,0.224,18.932896,0.003731,1.230942,0.055195468161201855,0.992,1
Gaia EDR3 2946939892586024192,0.061983,-1.7e-05,100.31465731207,-16.52001263174,0.2686,0.1347,-0.127,0.12,0.765,0.144,18.18506,0.003186,1.132708,0.02054467078076984,0.9957,1
Gaia EDR3 2946941370054828928,0.030225,0.047817,100.28152493804,-16.47218698262,-0.0371,0.2365,-0.136,0.237,0.746,0.267,19.235437,0.004013,1.087416,0.05240943567100301,0.997,1
Gaia EDR3 2946940579780834688,0.060386,0.03841,100.31297931533,-16.48158596398,0.1407,0.1585,-0.299,0.154,0.793,0.18,18.59023,0.003483,1.170965,0.031701055885293934,0.9982,1
Gaia EDR3 2946941404414584960,0.034,0.061342,100.28545866356,-16.45866096545,0.0607,0.1311,-0.311,0.137,0.83,0.151,18.311697,0.003241,1.13386,0.03507847461232448,0.9942,1
Gaia EDR3 2946940648500323584,0.083097,0.044466,100.33666063125,-16.47552222448,-0.0293,0.135,-0.0,0.131,0.895,0.153,18.297358,0.003228,1.442127,0.0417456076252724,0.9975,1
Gaia EDR3 2946752563294485632,0.090596,0.000897,100.34450269638,-16.51908734268,0.0744,0.1395,-0.311,0.136,0.811,0.156,18.34335,0.003198,1.162527,0.02778542954429937,0.991,1
Gaia EDR3 2946940682860061184,0.062162,0.047956,100.31482828825,-16.47204006822,0.1254,0.3434,-0.215,0.329,1.034,0.378,19.78308,0.004815,1.147518,0.09241112815424024,0.9979,1
Gaia EDR3 2946940098744468736,0.048658,0.013103,100.30075534877,-16.50689716144,0.1743,0.0708,0.034,0.066,0.96,0.076,17.166672,0.002921,0.843552,0.011127202188986956,0.9972,1
Gaia EDR3 2946940476701602176,0.046796,0.023449,100.29881049607,-16.49655082686,-0.055,0.1295,-0.243,0.12,0.843,0.144,18.090027,0.003219,1.195961,0.02769599300031999,0.9979,1
Gaia EDR3 2946940889018470656,0.011284,0.029075,100.26177436952,-16.49093022099,0.2659,0.1342,-0.075,0.13,0.735,0.153,18.194054,0.003134,1.140051,0.024150307730504944,0.9932,1
Gaia EDR3 2946940511061348480,0.054688,0.029437,100.30704043619,-16.49056142389,0.2687,0.1233,-0.038,0.116,0.76,0.136,18.178663,0.003214,1.470173,0.028690098756410917,0.9985,1
Gaia EDR3 2946940614140571136,0.070259,0.035396,100.32327687033,-16.48459744094,-0.0846,0.2212,-0.191,0.22,0.812,0.25,18.853193,0.003783,1.175238,0.04002920219494965,0.9986,1
Gaia EDR3 2946940270543155456,0.06486,0.007855,100.3176560534,-16.51213951222,0.1581,0.1231,-0.289,0.118,0.987,0.14,18.079142,0.003111,1.201832,0.02781107993838381,0.9947,1
Gaia EDR3 2946940480998594560,0.057703,0.023629,100.3101859801,-16.49636848109,-0.0821,0.1057,-0.142,0.106,0.771,0.12,17.810358,0.003143,1.118971,0.032884935519587224,0.9986,1
Gaia EDR3 2946939892586022784,0.052805,-0.002389,100.30508475558,-16.52238724949,0.2747,0.096,-0.004,0.089,0.907,0.105,17.719475,0.003034,1.213039,0.02056771307636772,0.9954,1
Gaia EDR3 2946941610573022848,0.030175,0.067926,100.28146955589,-16.45207800956,0.0915,0.1914,-0.239,0.188,1.042,0.215,18.899834,0.003602,1.190079,0.03786899909149077,0.9911,1
Gaia EDR3 2946940206121166208,0.076871,-0.001514,100.3301877219,-16.52150424938,0.3037,0.364,-0.175,0.319,0.937,0.402,19.547543,0.004618,1.306213,0.0830467975607669,0.994,1
Gaia EDR3 2946940236183419904,0.08027,0.010957,100.33372756496,-16.50903252666,0.0244,0.1402,-0.05,0.119,0.674,0.154,18.112621,0.003145,1.256968,0.026045458042684468,0.9958,1
Gaia EDR3 2946947348649336576,0.07372,0.074268,100.32687081271,-16.44572361745,-0.0776,0.1471,-0.065,0.149,0.765,0.169,18.556803,0.003302,1.189236,0.0504881590239421,0.9959,1
Gaia EDR3 2946940480998597120,0.057038,0.022947,100.30949281778,-16.49705089573,0.2898,0.1486,-0.174,0.146,0.981,0.168,18.376883,0.003331,0.974396,0.029111957028465727,0.9982,1
Gaia EDR3 2946941335698105856,0.035521,0.046256,100.28704701962,-16.4737467129,0.2077,0.1171,-0.324,0.108,0.822,0.125,18.01577,0.003141,1.241434,0.03189919598121087,0.9962,1
Gaia EDR3 2946941473134076288,0.069901,0.071742,100.32288970324,-16.44825136787,0.1377,0.1248,-0.32,0.126,0.749,0.146,18.257563,0.003167,1.251516,0.04204947783520533,0.9954,1
Gaia EDR3 2946940476701598720,0.057051,0.02069,100.30950678648,-16.49930762813,0.0461,0.1074,-0.337,0.102,0.91,0.119,17.911226,0.003132,1.221474,0.0214594436016412,0.9966,1
Gaia EDR3 2946940515358924928,0.061446,0.027466,100.31408873162,-16.4925306127,0.1868,0.8318,-0.175,1.089,0.655,1.234,20.559278,0.011108,0.992542,0.17857486039368234,0.9982,1
Gaia EDR3 2946940377921554560,0.105771,0.038626,100.36030940491,-16.48135109739,-0.1016,0.1164,-0.107,0.113,0.933,0.131,18.000353,0.003134,1.485065,0.02448646236670186,0.9957,1
Gaia EDR3 2946946627094843904,0.094648,0.085825,100.34868511112,-16.43415813317,0.0331,0.2977,0.076,0.299,0.784,0.353,19.41137,0.004409,1.667963,0.07589536253152396,0.9902,1
Gaia EDR3 2946946592735082752,0.079548,0.064531,100.33295172641,-16.45545870415,0.0787,0.2686,-0.004,0.243,1.056,0.29,19.30891,0.004312,1.074615,0.06521077870830706,0.9957,1
Gaia EDR3 2946946592735078144,0.085255,0.061794,100.33890287922,-16.45819292941,-0.0995,0.176,-0.022,0.175,0.85,0.201,18.650526,0.003429,1.216396,0.04352915831761809,0.9965,1
Gaia EDR3 2946940481000782720,0.058181,0.02354,100.31068459033,-16.49645669193,0.1394,0.1937,-0.279,0.187,0.678,0.214,18.730888,0.003674,,,0.9976,1
Gaia EDR3 2946940270543162240,0.069171,0.014022,100.3221504856,-16.50597161277,0.175,0.328,0.1,0.295,0.904,0.354,19.584656,0.004751,1.283726,0.08099898233629753,0.9968,1
Gaia EDR3 2946947352946207872,0.075682,0.085044,100.32891180905,-16.43494682982,0.0242,0.3945,-0.143,0.402,1.086,0.446,19.735157,0.004886,1.069473,0.12081930001009955,0.9935,1
Gaia EDR3 2946940442341883776,0.094403,0.040282,100.34845286623,-16.47970040036,0.1042,0.1398,-0.289,0.139,1.047,0.161,18.362522,0.00324,1.221302,0.03331473990514207,0.9948,1
Gaia EDR3 2946947348649335168,0.07664,0.072841,100.3299154551,-16.44715010094,0.1094,0.1308,-0.123,0.129,1.109,0.148,18.276873,0.003298,1.497671,0.030429387134069154,0.9952,1
Gaia EDR3 2946940687156994304,0.067377,0.048181,100.32026694512,-16.47181305697,-0.1162,0.252,-0.043,0.225,0.791,0.268,19.180477,0.004192,1.145107,0.04943216187071289,0.9982,1
Gaia EDR3 2946940407982131584,0.076927,0.026902,100.33023386423,-16.49308856643,0.0244,0.1037,-0.252,0.104,1.062,0.118,17.873428,0.003066,1.45746,0.023294070179851183,0.997,1
Gaia EDR3 2946940687156994432,0.066058,0.048809,100.31889035535,-16.47118597116,0.2847,0.1308,-0.279,0.123,0.971,0.162,17.865791,0.003483,,,0.9978,1
Gaia EDR3 2946940201823671424,0.077429,5.1e-05,100.33076859878,-16.51993895471,0.0472,0.1779,-0.199,0.152,0.621,0.187,18.442686,0.003561,1.169388,0.030614118533007318,0.9941,1
Gaia EDR3 2946940167463949952,0.028636,0.017653,100.27987250777,-16.50235087952,-0.1373,0.4256,-0.099,0.399,0.927,0.461,19.975643,0.005544,1.195936,0.10614166755889118,0.9965,1
Gaia EDR3 2946940682860058752,0.066681,0.045142,100.31954135188,-16.47485223907,-0.0761,0.1721,-0.267,0.16,0.742,0.189,18.721947,0.003557,1.140717,0.0423433616422617,0.9982,1
Gaia EDR3 2946947383009089536,0.07933,0.086718,100.3327148779,-16.43327148306,0.0512,0.2569,-0.233,0.269,1.092,0.294,19.26914,0.004389,1.285414,0.0648780772404737,0.9924,1
Gaia EDR3 2946940545421099904,0.043813,0.037229,100.29569680502,-16.48277215339,0.0423,0.1755,-0.028,0.168,1.092,0.196,18.785042,0.003646,1.162849,0.05287157238962853,0.9978,1
Gaia EDR3 2946940923378206208,0.022193,0.027145,100.27315159449,-16.49285966918,-0.0828,0.094,-0.043,0.091,0.702,0.105,17.770647,0.002997,1.465887,0.020619595831863936,0.9955,1
Gaia EDR3 2946940687156993792,0.065357,0.05006,100.31815898252,-16.46993506,-0.0097,0.2031,0.107,0.194,0.865,0.224,19.007826,0.003815,1.200737,0.04450334257976022,0.9969,1
Gaia EDR3 2946940236183415168,0.077771,0.006858,100.33112254416,-16.51313222096,0.333,0.1624,-0.032,0.147,0.962,0.183,18.49238,0.003446,1.206984,0.043358105168857554,0.9962,1
Gaia EDR3 2946940481000782208,0.056831,0.025424,100.30927568843,-16.4945732722,0.0802,0.1658,-0.002,0.161,1.091,0.185,18.508326,0.003449,,,0.998,1
Gaia EDR3 2946940549720258560,0.043034,0.037601,100.29488423626,-16.48239989565,-0.0409,0.13,0.052,0.125,0.983,0.146,18.33138,0.003304,1.139521,0.025512176084371684,0.9977,1
Gaia EDR3 2946940167467001472,0.035442,0.025234,100.28696894126,-16.49476911667,0.2002,0.0752,-0.25,0.069,0.638,0.079,17.233528,0.002938,1.536112,0.02108788925698608,0.9966,1
Gaia EDR3 2946940545421090560,0.050417,0.031849,100.30258512182,-16.48815035028,-0.1271,0.1036,-0.035,0.096,0.77,0.113,17.844816,0.003136,1.182816,0.022743201515354774,0.9984,1
Gaia EDR3 2946941335699485056,0.040185,0.05563,100.29190870182,-16.46437220338,0.293,0.3826,-0.037,0.382,1.037,0.434,19.866667,0.005584,1.449026,0.11058298863976011,0.9965,1
Gaia EDR3 2946941339992047232,0.04159,0.042318,100.29337689572,-16.47768372848,0.2659,0.6567,-0.348,0.598,0.883,0.71,20.43231,0.007863,1.048815,0.22938062849091329,0.9966,1
Gaia EDR3 2946941473134076800,0.061598,0.072165,100.31423217819,-16.44783088558,0.0347,0.2258,-0.351,0.235,0.996,0.267,19.15192,0.004079,1.250439,0.045193212451547955,0.9947,1
Gaia EDR3 2946940515358321280,0.060652,0.031982,100.31325849722,-16.48801435036,0.0196,0.164,0.029,0.147,0.657,0.18,18.544353,0.003536,1.107128,0.04710694110152796,0.9975,1
Gaia EDR3 2946940377921555072,0.109408,0.0321,100.36410533192,-16.48787536292,0.3746,0.0471,-0.128,0.048,0.922,0.053,16.42653,0.002825,1.14961,0.00842876217698254,0.995,1
Gaia EDR3 2946940545421084416,0.046336,0.025982,100.29833039568,-16.49401878185,-0.0234,0.1317,0.104,0.12,0.926,0.141,18.044365,0.003117,1.234354,0.022113609718898974,0.9972,1
Gaia EDR3 2946940584079992832,0.053305,0.045245,100.30559343851,-16.47475401371,0.0986,0.1697,0.146,0.16,0.897,0.19,18.479866,0.003435,1.198286,0.029783828842816534,0.9964,1
Gaia EDR3 2946940515360518272,0.060419,0.030681,100.31301608959,-16.4893154637,0.338,0.0974,-0.025,0.088,0.98,0.105,17.474457,0.002988,1.495605,0.01722161022674497,0.9986,1
Gaia EDR3 2946941301335345024,0.029045,0.041409,100.2802953164,-16.47859422178,0.0612,0.2216,0.137,0.211,0.786,0.251,19.10674,0.003894,1.18409,0.04483176218381863,0.9933,1
Gaia EDR3 2946939823866544896,0.061683,-0.004308,100.31434652464,-16.52430427554,-0.0329,0.2356,0.043,0.201,1.029,0.241,19.017584,0.004061,1.169167,0.04182218068687256,0.9942,1
Gaia EDR3 2946940717219812480,0.066065,0.057556,100.31889484707,-16.46243811705,0.0867,0.1176,0.1,0.122,0.7,0.137,18.116648,0.003344,1.113293,0.03514701687258278,0.9955,1
Gaia EDR3 2946939828165758336,0.070207,-0.007269,100.32323804727,-16.52726214219,0.1121,0.3399,0.044,0.308,1.083,0.354,19.448204,0.004781,1.285246,0.12481636682282551,0.9922,1
Gaia EDR3 2946940545421084544,0.045941,0.027431,100.29791797736,-16.49256897199,0.2291,0.1294,-0.03,0.116,0.621,0.138,18.12965,0.003199,1.203354,0.025868128080455632,0.9971,1
Gaia EDR3 2946946627098217088,0.092616,0.071084,100.34657366969,-16.44890002087,0.053,0.131,-0.249,0.127,0.608,0.15,18.156717,0.003117,1.271822,0.03125233803341051,0.9934,1
Gaia EDR3 2946941339992036608,0.041251,0.055334,100.29302046854,-16.46466734824,-0.146,0.1962,-0.07,0.191,0.745,0.215,18.859192,0.003714,1.172253,0.05486319667710248,0.9972,1
Gaia EDR3 2946940584077795200,0.056555,0.038549,100.30898374098,-16.48144844851,0.1481,0.151,0.091,0.145,0.678,0.172,18.40291,0.003354,1.102457,0.04483882225726651,0.9966,1
Gaia EDR3 2946940515358328192,0.063788,0.022534,100.31653259216,-16.49746179924,0.2936,0.297,-0.128,0.271,1.082,0.329,19.41195,0.004754,,,0.9979,1
Gaia EDR3 2946940648503339904,0.08576,0.0562,100.33943210289,-16.46378668248,-0.0975,0.1202,-0.231,0.121,0.686,0.139,18.154133,0.003156,1.215105,0.02274126109406857,0.9967,1
Gaia EDR3 2946940515358320512,0.060649,0.033165,100.31325516287,-16.48683165506,0.0739,0.2385,-0.092,0.187,1.145,0.277,18.697233,0.003926,,,0.998,1
Gaia EDR3 2946940339262648192,0.098748,0.022436,100.35299337569,-16.49754512132,0.3365,0.0925,-0.181,0.088,1.034,0.103,17.66155,0.002968,1.351225,0.021371762756614645,0.9947,1
Gaia EDR3 2946946317857149184,0.107166,0.043388,100.36176155649,-16.47658825382,-0.0259,0.1337,0.131,0.133,0.845,0.153,18.320118,0.003271,1.094349,0.032836441546068545,0.991,1
Gaia EDR3 2946941301335335296,0.035619,0.033929,100.28715242536,-16.48607343992,-0.1712,0.202,-0.034,0.203,0.865,0.236,18.746428,0.003466,1.229616,0.04262047316848276,0.9979,1
Gaia EDR3 2946940511061349760,0.069173,0.030415,100.32214629888,-16.48957859062,0.3371,0.181,0.054,0.184,0.918,0.205,18.586094,0.003427,1.146009,0.043693591482139894,0.9981,1
Gaia EDR3 2946941305632310400,0.034853,0.04606,100.28635061876,-16.47394244831,0.3938,0.133,-0.059,0.129,0.804,0.148,18.232208,0.00322,1.187958,0.028351654582233245,0.9976,1
Gaia EDR3 2946940201823676928,0.074743,0.007191,100.32796403183,-16.51279994873,0.2395,0.4119,0.125,0.366,0.955,0.45,19.865261,0.005613,1.281118,0.11351509594910096,0.995,1
Gaia EDR3 2946941443073447808,0.051862,0.061535,100.30408415701,-16.45846348396,-0.004,0.117,-0.19,0.121,0.589,0.132,18.123825,0.00313,1.239078,0.021169496050181005,0.9963,1
Gaia EDR3 2946941438774319360,0.060397,0.05794,100.31298490018,-16.46205657376,0.1094,0.0852,-0.186,0.079,0.565,0.096,16.79763,0.003011,0.826788,0.008815594360151275,0.9966,1
Gaia EDR3 2946946597034899072,0.091645,0.070324,100.34556237517,-16.44965986018,0.2966,0.3643,-0.033,0.353,0.632,0.415,19.848814,0.005055,1.078577,0.09998442136896309,0.9942,1
Gaia EDR3 2946947417368829440,0.067683,0.087196,100.32057122258,-16.43279758016,0.2311,0.3804,-0.295,0.382,0.629,0.458,19.922367,0.00565,1.225357,0.08777583745930916,0.991,1
Gaia EDR3 2946941335695096320,0.049207,0.051973,100.30131735934,-16.46802707822,0.1278,0.1899,0.038,0.183,0.598,0.22,18.891846,0.003718,1.172216,0.033415697987604215,0.9954,1
Gaia EDR3 2946940511064385920,0.05973,0.031676,100.31229716392,-16.48832055384,-0.0396,0.1361,-0.213,0.123,1.121,0.15,18.223642,0.003331,1.385202,0.03321083678171658,0.9976,1
Gaia EDR3 2946947348649334400,0.075122,0.071137,100.32833328793,-16.44885412406,0.1171,0.1547,-0.303,0.153,1.119,0.172,18.478468,0.003256,1.188971,0.03571562577852363,0.9945,1
Gaia EDR3 2946940442341888768,0.090607,0.043937,100.3444922424,-16.47604806557,0.2677,0.1147,0.077,0.114,0.672,0.132,18.021637,0.003179,1.548758,0.0382592863438465,0.9934,1
Gaia EDR3 2946940545421082624,0.042566,0.025906,100.29439902945,-16.49409550869,0.1816,0.2986,-0.318,0.275,0.611,0.332,19.44603,0.004728,1.054802,0.0722827292094295,0.9962,1
Gaia EDR3 2946941473134076928,0.061031,0.073023,100.3136404077,-16.44697330626,-0.198,0.2126,-0.031,0.222,0.828,0.251,19.066143,0.003836,1.292721,0.07303306981627072,0.996,1
Gaia EDR3 2946940682860055808,0.066096,0.04292,100.31893229463,-16.47707482254,0.1774,0.214,0.148,0.206,1.017,0.236,19.038477,0.003883,1.208542,0.04630473529953221,0.9965,1
Gaia EDR3 2946940717219812224,0.082224,0.057812,100.33574426946,-16.46217651403,-0.0045,0.1525,-0.246,0.151,0.577,0.178,18.542326,0.003372,1.092438,0.032314694008275094,0.9959,1
Gaia EDR3 2946941541853553920,0.052325,0.072856,100.30456297342,-16.44714274914,-0.1313,0.1302,0.062,0.138,0.745,0.159,18.29776,0.003167,1.216827,0.028664949948918394,0.994,1
Gaia EDR3 2946946528315425408,0.08615,0.058083,100.33983864889,-16.46190367076,0.3444,0.3156,-0.319,0.293,0.989,0.342,19.556383,0.00485,1.203266,0.07142465386186132,0.995,1
Gaia EDR3 2946940304902902528,0.067959,0.016829,100.32088460359,-16.50316541396,-0.194,0.2659,-0.255,0.25,0.885,0.291,19.357458,0.004397,1.249407,0.05283057417467301,0.9974,1
Gaia EDR3 2946940717219809792,0.077991,0.055379,100.33133198381,-16.46461142462,0.2956,0.1224,-0.13,0.123,1.133,0.146,18.189621,0.003264,1.22916,0.02615294652536978,0.9964,1
Gaia EDR3 2946940923378204160,0.025671,0.025621,100.27677835769,-16.49438353812,0.0171,0.1136,0.166,0.107,0.737,0.122,18.042112,0.003135,1.22031,0.023713677551034682,0.9907,1
Gaia EDR3 2946940545421093120,0.042394,0.035134,100.29421739308,-16.48486748652,-0.0794,0.161,-0.343,0.142,1.033,0.17,18.510866,0.003392,1.154062,0.030862595526820958,0.9957,1
Gaia EDR3 2946947383009086848,0.081783,0.084899,100.33527264367,-16.43508924343,-0.1099,0.2435,-0.383,0.254,0.86,0.278,19.269243,0.004477,1.231911,0.10500491235636976,0.9903,1
Gaia EDR3 2946940545421100160,0.042182,0.038858,100.29399534378,-16.48114366533,-0.0319,0.1492,0.1,0.142,1.066,0.165,18.511564,0.003288,1.20356,0.028288226287736726,0.9967,1
Gaia EDR3 2946940098744457728,0.042736,0.00266,100.29458156753,-16.5173412913,-0.1575,0.2009,-0.152,0.187,0.651,0.219,18.908995,0.003823,1.192732,0.052329884821262766,0.9949,1
Gaia EDR3 2946940721516724736,0.067672,0.0568,100.32057102089,-16.46319391709,0.1754,0.5706,0.075,0.654,1.127,0.675,20.246473,0.007348,1.03936,0.17639586456451084,0.9956,1
Gaia EDR3 2946940167463955712,0.033315,0.019929,100.28475157087,-16.50007426726,0.1489,0.1376,-0.131,0.134,1.202,0.151,18.351135,0.003221,1.166656,0.029730517519804916,0.9935,1
Gaia EDR3 2946940721516723328,0.07053,0.055922,100.32355133171,-16.46407140057,0.1463,0.2114,-0.465,0.206,0.933,0.244,19.018028,0.003755,1.198086,0.05300384063500352,0.9944,1
Gaia EDR3 2946940545421083392,0.048637,0.026823,100.30072978183,-16.49317686196,-0.137,0.1965,-0.086,0.181,1.101,0.214,18.888304,0.003768,1.206009,0.04019732561196504,0.9979,1
Gaia EDR3 2946940274840164992,0.063611,0.018718,100.31634912751,-16.50127748367,0.256,0.1861,0.119,0.174,0.664,0.214,18.72358,0.003971,1.141943,0.06756014178627542,0.9953,1
Gaia EDR3 2946939961305494528,0.027222,-0.00715,100.27840113106,-16.52715383525,0.457,0.2492,-0.14,0.225,0.865,0.277,19.204739,0.004238,1.021183,0.05901008009464927,0.9916,1
Gaia EDR3 2946940614140571520,0.067789,0.036045,100.32070050548,-16.48394875484,0.3021,0.1473,0.003,0.141,1.124,0.165,18.473528,0.003401,1.134567,0.023426253398854416,0.9979,1
Gaia EDR3 2946940167463956736,0.02729,0.023146,100.27846790472,-16.49685757174,0.3009,0.2164,0.173,0.197,0.842,0.231,19.015896,0.003867,1.127268,0.044735125583171026,0.9917,1
Gaia EDR3 2946941507493801600,0.045495,0.063206,100.29744441699,-16.45679421918,-0.218,0.1705,-0.109,0.172,0.706,0.198,18.676867,0.003319,1.185045,0.04880021229459571,0.9965,1
Gaia EDR3 2946940446638812544,0.09726,0.042212,100.35143129203,-16.47776964741,-0.2055,0.2751,-0.108,0.257,1.048,0.3,19.307568,0.004645,1.120327,0.33643270558710914,0.9961,1
Gaia EDR3 2946941473134073344,0.06746,0.07185,100.32034467295,-16.44814447474,-0.0651,0.2252,0.118,0.218,0.648,0.249,19.163176,0.004021,1.33717,0.04889064121758053,0.9924,1
Gaia EDR3 2946940206121277056,0.07409,-0.000318,100.32728604554,-16.52030944777,0.1179,0.3821,-0.247,0.315,0.508,0.393,19.408474,0.007733,0.701269,0.13074369822711182,0.9931,1
Gaia EDR3 2946941301335347584,0.029377,0.043168,100.28064108055,-16.47683537948,0.4218,0.2421,-0.122,0.241,0.657,0.281,19.288816,0.004167,1.169504,0.05268956690275878,0.9967,1
Gaia EDR3 2946940442341890048,0.097894,0.045202,100.35209119049,-16.47477883684,0.3715,0.2574,-0.141,0.244,1.127,0.282,19.32812,0.004154,1.146397,0.07654126284990015,0.9946,1
Gaia EDR3 2946940236183427200,0.086212,0.017561,100.33992132228,-16.50242522897,0.029,0.2484,-0.436,0.22,1.058,0.268,19.12045,0.004249,1.186214,0.06275995342415305,0.9906,1
Gaia EDR3 2946940511061345664,0.062447,0.025165,100.31513325573,-16.49483110982,0.0992,0.2008,0.119,0.188,1.152,0.222,18.743273,0.003636,1.073049,0.05985075227691666,0.9966,1
Gaia EDR3 2946941541853559424,0.059317,0.079539,100.31185201016,-16.44045819386,0.2058,0.1357,-0.15,0.138,1.231,0.169,18.338566,0.003304,1.215704,0.03772814187219509,0.9912,1
Gaia EDR3 2946940407982133248,0.078564,0.02936,100.33194035166,-16.49063012591,-0.1445,0.2479,-0.236,0.229,1.127,0.272,19.192364,0.004206,1.305983,0.0641796123314476,0.9965,1
Gaia EDR3 2946941477430961664,0.072007,0.066958,100.32508687581,-16.45303445765,0.349,0.1267,0.032,0.124,0.606,0.143,18.215406,0.003163,1.301472,0.037920646122711746,0.9948,1
Gaia EDR3 2946940515358326912,0.061098,0.025735,100.31372598258,-16.49426160696,0.0882,0.2108,-0.435,0.21,1.092,0.237,18.926937,0.003988,1.134674,0.07477861952598261,0.9932,1
Gaia EDR3 2946940579785242240,0.057143,0.035628,100.30959878578,-16.48436946818,0.0884,0.2131,-0.054,0.186,1.242,0.225,18.91132,0.003936,1.121637,0.05444503950240759,0.9972,1
Gaia EDR3 2946940717219815168,0.068533,0.060089,100.32146719985,-16.45990438715,-0.1344,0.2323,-0.111,0.231,0.556,0.272,19.171518,0.004009,1.173859,0.05817331125824461,0.9962,1
Gaia EDR3 2946940515358321024,0.059124,0.033762,100.31166499768,-16.48623530767,0.4822,0.1712,-0.18,0.153,0.747,0.183,18.58788,0.003632,1.031347,0.060768135453604585,0.9987,1
Gaia EDR3 2946946352216904448,0.114547,0.056715,100.36945021623,-16.46325730824,0.4331,0.2349,-0.259,0.209,0.668,0.266,19.05535,0.003935,1.173502,0.05914731845326239,0.991,1
Gaia EDR3 2946940618437522688,0.076226,0.035465,100.32949921525,-16.48452625446,-0.2069,0.4215,-0.356,0.426,0.766,0.459,19.78161,0.005197,1.28266,0.197201771646052,0.9969,1
Gaia EDR3 2946941473134066560,0.063832,0.065272,100.31656436402,-16.45472340453,0.1483,0.2377,-0.529,0.236,0.837,0.266,19.137806,0.004195,1.215519,0.053189821629919004,0.9918,1
Gaia EDR3 2946940687159204352,0.063699,0.049276,100.3164309851,-16.47071894323,-0.1088,0.1726,-0.313,0.169,0.572,0.192,18.618288,0.003492,1.117681,0.031601940709070186,0.9966,1
Gaia EDR3 2946941301335339904,0.037305,0.038049,100.28890922737,-16.48195296745,-0.1664,0.2927,-0.011,0.264,1.134,0.318,19.473928,0.004469,1.371855,0.0942175657781811,0.9968,1
Gaia EDR3 2946940614140569600,0.074346,0.034502,100.32753965195,-16.4854891868,-0.02,0.144,-0.008,0.143,1.226,0.162,18.347412,0.003283,1.141399,0.029014515801360774,0.9966,1
Gaia EDR3 2946940304902899456,0.072887,0.014153,100.32602525301,-16.50583958268,0.4029,0.168,-0.379,0.156,0.996,0.187,18.616016,0.003469,1.138475,0.04220794213745523,0.9941,1
Gaia EDR3 2946940614140571648,0.067631,0.037417,100.32053573112,-16.48257710798,0.4951,0.2306,-0.021,0.214,0.963,0.252,19.11236,0.004154,1.021824,0.07293179090633689,0.9985,1
Gaia EDR3 2946940584077803392,0.046281,0.038032,100.29826967535,-16.48196881157,0.3616,0.3206,-0.278,0.297,1.153,0.346,19.607075,0.00468,1.261169,0.07645399061269431,0.9961,1
Gaia EDR3 2946940721516725760,0.065561,0.057481,100.31836905226,-16.46251373386,0.4316,0.2173,-0.322,0.211,1.037,0.24,19.100103,0.003958,,,0.9965,1
Gaia EDR3 2946940373622397440,0.101585,0.032241,100.35594702071,-16.48773851722,0.4366,0.3408,0.105,0.317,0.971,0.37,19.64603,0.005222,1.06687,0.10592089677131397,0.9925,1
Gaia EDR3 2946940614140568576,0.077712,0.034805,100.33104902645,-16.48518508832,0.3688,0.3973,-0.458,0.374,0.841,0.429,19.774036,0.005738,1.358602,0.12165527359889683,0.9944,1
Gaia EDR3 2946752528934726144,0.087601,-0.012115,100.34138398617,-16.5321008875,0.3114,0.1867,-0.171,0.181,0.493,0.216,18.702307,0.003673,1.085331,0.054973604213308505,0.9906,1
Gaia EDR3 2946941477430966272,0.061035,0.064835,100.31364742305,-16.45516165801,-0.1007,0.1801,-0.41,0.184,0.628,0.201,18.810047,0.003539,1.121712,0.041750618793918594,0.9942,1
Gaia EDR3 2946941370054842880,0.021364,0.057975,100.27228281477,-16.46202970296,0.2305,0.107,-0.196,0.112,0.455,0.125,18.000776,0.003093,1.230743,0.02751835994660658,0.9911,1
Gaia EDR3 2946940511061347072,0.067301,0.02847,100.32019472628,-16.49152429809,-0.1811,0.2156,0.138,0.201,0.681,0.235,19.053213,0.003935,1.272078,0.05210252605148953,0.9954,1
Gaia EDR3 2946941507493808512,0.037816,0.068659,100.28943596739,-16.45134321135,0.2051,0.3114,-0.381,0.303,0.52,0.359,19.612526,0.00516,1.258684,0.08158252773159731,0.9909,1
Gaia EDR3 2946940579780838400,0.04697,0.040105,100.29898801255,-16.47989558326,0.5258,0.1223,-0.059,0.118,0.974,0.137,18.218637,0.003222,1.141665,0.024598102851230545,0.9984,1
Gaia EDR3 2946940167468377344,0.032967,0.021984,100.28438859959,-16.4980195322,-0.0604,0.3682,-0.182,0.333,0.46,0.393,19.792288,0.005513,1.535021,0.11678355723873807,0.9941,1
Gaia EDR3 2946946249137669504,0.111491,0.040987,100.36627241247,-16.47898680541,0.368,0.2707,-0.32,0.264,0.56,0.3,19.309958,0.004516,1.497993,0.07740559555051155,0.9909,1
Gaia EDR3 2946940511061349632,0.069038,0.029112,100.32200601137,-16.49088166909,0.4402,0.1373,-0.044,0.136,0.567,0.155,18.34294,0.003269,1.167315,0.02680194382157308,0.9968,1
Gaia EDR3 2946940098744461056,0.043763,0.006558,100.29565139222,-16.51344259802,-0.3218,0.3879,0.018,0.358,0.886,0.409,19.775084,0.005416,1.288404,0.07941326199649325,0.9963,1
Gaia EDR3 2946940687156989696,0.072547,0.049302,100.32565771316,-16.47068993362,0.2832,0.3298,-0.347,0.317,1.233,0.387,19.574446,0.004829,1.108416,0.07877381980014332,0.9937,1
Gaia EDR3 2946940579780835200,0.057066,0.038199,100.30951713603,-16.48179857303,0.0955,0.2227,-0.201,0.211,1.325,0.252,18.951567,0.003956,1.068367,0.09660003489318654,0.995,1
Gaia EDR3 2946940579780829312,0.053432,0.03429,100.30572839773,-16.48570887329,0.0958,0.4328,-0.35,0.388,1.28,0.47,19.9401,0.005762,1.161909,0.12688243295114793,0.9923,1
Gaia EDR3 2946940304902905984,0.064548,0.020104,100.3173262815,-16.49989113649,0.1157,0.1947,0.006,0.186,0.401,0.219,18.74909,0.00361,1.04306,0.06211595540690603,0.9916,1
Gaia EDR3 2946939961305496448,0.02123,-0.006368,100.27215103526,-16.52637256032,0.5777,0.2084,-0.109,0.191,0.959,0.223,18.968307,0.003845,1.13488,0.04498761725245641,0.9911,1
Gaia EDR3 2946941473134068992,0.063484,0.067969,100.31620044138,-16.45202676892,0.411,0.4076,-0.399,0.41,1.117,0.479,19.837746,0.005759,1.290159,0.13388815530555537,0.9935,1
Gaia EDR3 2946940682860052736,0.06482,0.040742,100.31760282782,-16.47925344907,0.1626,0.3095,-0.124,0.287,1.341,0.338,19.57918,0.004799,1.110592,0.07879611788145696,0.9953,1
Gaia EDR3 2946941404417972992,0.031612,0.05378,100.28297027309,-16.46622356686,-0.2437,0.4144,-0.072,0.418,0.529,0.449,19.831646,0.005154,1.243532,0.1147823470588107,0.9941,1
Gaia EDR3 2946940511061353984,0.062369,0.029852,100.31505018924,-16.49014356035,0.0204,0.1631,0.01,0.164,1.32,0.175,18.262642,0.003785,1.095066,0.022093336162108786,0.9957,1
Gaia EDR3 2946941443071236480,0.056634,0.058151,100.30906084178,-16.46184644392,0.606,0.3299,-0.031,0.32,0.862,0.366,19.76265,0.005221,1.331444,0.09025356870478365,0.9977,1
Gaia EDR3 2946941438774331392,0.053241,0.067965,100.30551993106,-16.45203356961,-0.1264,0.2786,-0.092,0.282,0.398,0.314,19.357668,0.004348,1.146099,0.05419626841761213,0.9922,1
Gaia EDR3 2946940442341879040,0.09993,0.037137,100.35421833488,-16.48284354897,0.5653,0.4032,-0.389,0.36,0.857,0.445,19.608187,0.004899,1.242645,0.10068736409379826,0.9925,1
Gaia EDR3 2946940579780840192,0.046393,0.042416,100.29838558081,-16.47758449933,0.5965,0.3296,-0.335,0.296,0.93,0.349,19.624931,0.004661,1.292435,0.06853348035633641,0.997,1
