EDR3Name,_x,_y,RA_ICRS,DE_ICRS,Plx,e_Plx,pmRA,e_pmRA,pmDE,e_pmDE,Gmag,e_Gmag,BP-RP,e_BP-RP,probs_final,membs_select
Gaia EDR3 3035355578248273536,-0.013517,0.041786,112.8162842737,-9.92821955481,0.1416,0.0185,-0.606,0.017,-0.061,0.015,14.318185,0.002765,1.631495,0.004849434772837892,0.9979,1
Gaia EDR3 3035355165930825984,-0.028908,0.014901,112.80065674116,-9.95510410809,0.1442,0.061,-0.602,0.055,-0.069,0.051,16.917505,0.002817,1.03429,0.00756795186856148,0.9991,1
Gaia EDR3 3035402376213058048,-0.056275,0.044556,112.77287605651,-9.92544478136,0.1578,0.0872,-0.61,0.079,-0.088,0.066,17.49004,0.002882,0.920038,0.010448135250394156,0.9982,1
Gaia EDR3 3035402097039282944,-0.038063,0.024369,112.79136305996,-9.94563496701,0.1645,0.095,-0.586,0.082,-0.071,0.075,17.732534,0.002899,0.920637,0.010811054010218219,0.9992,1
Gaia EDR3 3035402101335162496,-0.049452,0.024927,112.77979943095,-9.94507494257,0.1392,0.05,-0.578,0.045,-0.042,0.04,16.54336,0.002805,0.698925,0.008032550650635307,0.9989,1
Gaia EDR3 3035402101326269312,-0.038983,0.021165,112.79042826788,-9.94883902031,0.1411,0.0826,-0.596,0.074,-0.1,0.067,17.51104,0.002865,0.963764,0.010030378924702198,0.9992,1
Gaia EDR3 3035354925412637952,-0.000562,0.013704,112.82943611972,-9.95630246404,0.1712,0.0847,-0.584,0.072,-0.078,0.068,17.492859,0.002872,0.883516,0.016525602746561667,0.9977,1
Gaia EDR3 3035402101335155840,-0.042751,0.030113,112.78660348729,-9.93989006853,0.1584,0.0494,-0.641,0.043,-0.078,0.039,16.49028,0.003631,0.68269,0.011488821362398106,0.9991,1
Gaia EDR3 3035402509349968000,-0.01959,0.047844,112.81011933998,-9.92216187355,0.0987,0.0819,-0.586,0.076,-0.072,0.066,17.499165,0.002868,0.90509,0.011269622623964054,0.9977,1
Gaia EDR3 3035355165930819584,-0.033787,0.023185,112.7957039545,-9.9468192909,0.1315,0.0257,-0.65,0.023,-0.064,0.021,15.16254,0.002766,1.474182,0.00513528295114992,0.9992,1
Gaia EDR3 3035355578244011776,-0.012505,0.030284,112.81731030395,-9.93972188925,0.0937,0.2146,-0.618,0.176,-0.062,0.181,18.854195,0.003469,1.039831,0.04038491062008642,0.9985,1
Gaia EDR3 3035402101335158784,-0.04472,0.026667,112.78460483657,-9.94333566848,0.114,0.0166,-0.644,0.015,-0.052,0.013,13.866765,0.002763,1.722419,0.0048370918611074535,0.9991,1
Gaia EDR3 3035355161630433792,-0.035352,0.019206,112.79411435896,-9.95079856197,0.141,0.2606,-0.608,0.23,-0.01,0.209,19.380684,0.003583,1.179182,0.03197922129300577,0.9991,1
Gaia EDR3 3035402170054632320,-0.051995,0.036604,112.77721967344,-9.93339828632,0.0902,0.0225,-0.641,0.02,-0.065,0.018,14.703423,0.002764,1.505848,0.004960625360962686,0.9987,1
Gaia EDR3 3035355608307076096,-0.000655,0.03941,112.82934177254,-9.93059649235,0.1476,0.0846,-0.635,0.073,-0.118,0.065,17.40107,0.002856,0.951067,0.011068768812237832,0.997,1
Gaia EDR3 3035402410572788480,-0.048975,0.052386,112.78028840684,-9.91761630526,0.1286,0.0266,-0.65,0.023,-0.021,0.02,15.09949,0.002768,1.444344,0.00517286990811715,0.9978,1
Gaia EDR3 3035355200290551296,-0.021578,0.021662,112.80809868566,-9.94834381405,0.1039,0.0495,-0.661,0.043,-0.064,0.039,16.491823,0.002791,1.419918,0.007815380246036497,0.999,1
Gaia EDR3 3035402204414364160,-0.049991,0.042516,112.77925558198,-9.92748664738,0.1579,0.0433,-0.569,0.038,-0.12,0.035,16.240082,0.002786,1.383516,0.0074147398482392836,0.9986,1
Gaia EDR3 3035402170054627584,-0.048183,0.039111,112.78109035795,-9.930891232,0.0807,0.0264,-0.639,0.023,-0.089,0.021,15.093646,0.002767,1.458938,0.005085218612386068,0.9988,1
Gaia EDR3 3035402509349948288,-0.025005,0.039236,112.80462066539,-9.93076918815,0.2031,0.2212,-0.601,0.188,-0.11,0.18,18.947332,0.003429,1.164621,0.034529690345859655,0.9987,1
Gaia EDR3 3035402101326262400,-0.045431,0.025814,112.78388234295,-9.94418905712,0.1738,0.1654,-0.538,0.138,-0.039,0.136,18.462488,0.003264,1.086695,0.03159741587921888,0.9989,1
Gaia EDR3 3035402066966550400,-0.0625,0.030091,112.76655374371,-9.93990940871,0.1354,0.5975,-0.548,0.49,-0.122,0.449,20.246227,0.005504,1.201174,0.08454702754132995,0.9979,1
Gaia EDR3 3035355200286890880,-0.023557,0.031757,112.80609093986,-9.93824858274,0.1298,0.3204,-0.573,0.286,-0.139,0.282,19.627975,0.004005,1.068216,0.07222122216989224,0.9989,1
Gaia EDR3 3035355165930819456,-0.025073,0.017454,112.80455040175,-9.95255094073,0.1559,0.068,-0.667,0.062,-0.119,0.056,17.204514,0.002832,0.961361,0.009242837579091797,0.999,1
Gaia EDR3 3035402165752567424,-0.054838,0.0407,112.7743345645,-9.92930109563,0.103,0.099,-0.611,0.088,0.015,0.078,17.719736,0.002926,0.929029,0.013411819757796472,0.9982,1
Gaia EDR3 3035355058551185408,-0.036466,0.004449,112.79298133813,-9.96555479573,0.1594,0.0815,-0.685,0.073,-0.093,0.065,17.48768,0.002871,0.770271,0.013436632097658559,0.9985,1
Gaia EDR3 3035355165930833280,-0.03938,0.014904,112.79002398939,-9.95509963202,0.1678,0.0269,-0.558,0.025,-0.13,0.022,15.183402,0.00277,1.54067,0.00517262953041594,0.999,1
Gaia EDR3 3035402097039243520,-0.048762,0.026424,112.78050046877,-9.94357811288,0.1547,0.0736,-0.539,0.064,-0.118,0.058,17.203695,0.002841,0.984911,0.009932276019812706,0.9989,1
Gaia EDR3 3035401963896225280,-0.063189,0.009661,112.76584995944,-9.96033898442,0.0485,0.0852,-0.591,0.075,-0.072,0.069,17.49642,0.002881,0.610832,0.014615073754582082,0.9972,1
Gaia EDR3 3035355165923631488,-0.033268,0.024675,112.79623102691,-9.94532892062,0.1701,0.0765,-0.536,0.069,-0.115,0.065,17.422508,0.002853,0.940823,0.009251627286618505,0.9992,1
Gaia EDR3 3035402066975428608,-0.058378,0.024978,112.77073738521,-9.94502284372,0.078,0.0784,-0.569,0.068,-0.002,0.062,17.371788,0.002861,1.006929,0.010015845877376313,0.9981,1
Gaia EDR3 3035355195996457856,-0.025836,0.020327,112.80377585331,-9.94967762804,0.2115,0.0595,-0.591,0.054,-0.127,0.049,16.881456,0.002826,1.103308,0.0082492501995648,0.9991,1
Gaia EDR3 3035355131571065344,-0.010434,0.023866,112.81941300154,-9.94613979131,0.1205,0.0748,-0.692,0.065,-0.016,0.06,17.256502,0.002844,0.956272,0.01259703278353574,0.9984,1
Gaia EDR3 3035355161630436608,-0.031832,0.017287,112.79768778709,-9.95271766657,0.1142,0.1242,-0.623,0.106,-0.16,0.102,18.153137,0.003005,1.047421,0.01598419961301311,0.9991,1
Gaia EDR3 3035355161630436352,-0.030882,0.018489,112.79865275608,-9.95151563082,0.2142,0.1007,-0.541,0.087,-0.048,0.083,17.75594,0.003117,0.993347,0.03929499059380691,0.999,1
Gaia EDR3 3035355062851632896,-0.044804,0.004438,112.78451561672,-9.96556459478,0.0627,0.1622,-0.551,0.137,-0.018,0.132,18.602982,0.003131,1.04808,0.028529701023917577,0.998,1
Gaia EDR3 3035402135694883200,-0.034449,0.039726,112.79503315994,-9.93027847702,0.174,0.0359,-0.511,0.032,-0.088,0.029,15.826132,0.002779,1.476005,0.005392834882384311,0.9987,1
Gaia EDR3 3035402131393513984,-0.028147,0.03257,112.80143084591,-9.93743518192,0.1592,0.0844,-0.598,0.074,-0.166,0.068,17.551317,0.002889,0.960489,0.011572361422942498,0.999,1
Gaia EDR3 3035355058551204864,-0.042782,0.013075,112.78657027289,-9.95692800682,0.1693,0.2046,-0.658,0.184,-0.15,0.162,19.04973,0.003357,1.124859,0.032856587342068234,0.9987,1
Gaia EDR3 3035402097039275520,-0.039805,0.028172,112.78959430372,-9.94183185031,0.1593,0.1332,-0.675,0.112,-0.141,0.108,18.127949,0.002993,0.934984,0.02062976002967509,0.999,1
Gaia EDR3 3035355028491903872,-0.049067,0.000278,112.78018726653,-9.96972461979,0.1253,0.1516,-0.537,0.137,-0.146,0.138,18.46961,0.003109,1.018211,0.033430255478038885,0.9975,1
Gaia EDR3 3035355062852199296,-0.038522,0.007439,112.79089483767,-9.96256519645,0.0673,0.105,-0.672,0.092,-0.115,0.083,17.915485,0.00293,1.005827,0.01849070432977586,0.9987,1
Gaia EDR3 3035355161630428672,-0.027681,0.017393,112.80190236253,-9.95261238878,0.1007,0.2015,-0.507,0.171,-0.095,0.164,18.94171,0.003699,1.146257,0.03836111712902306,0.999,1
Gaia EDR3 3035355024197640192,-0.057818,0.002669,112.77130198345,-9.96733211611,0.0558,0.0936,-0.561,0.083,-0.124,0.075,17.636265,0.002908,0.962305,0.01881090715347357,0.9972,1
Gaia EDR3 3035355200290543104,-0.017604,0.027484,112.812133766,-9.94252123747,0.0258,0.0882,-0.604,0.082,-0.061,0.07,17.427624,0.002889,0.944813,0.027278037809634455,0.9988,1
Gaia EDR3 3035355509528184960,-0.000197,0.018274,112.82980581625,-9.95173197603,0.124,0.0661,-0.569,0.059,-0.17,0.053,17.067553,0.002822,0.924805,0.009182292811704337,0.9977,1
Gaia EDR3 3035355131571075328,-0.01252,0.014758,112.81729506699,-9.95524761693,0.2085,0.1106,-0.626,0.099,-0.153,0.092,18.046898,0.002939,0.964069,0.01816064948664951,0.9986,1
Gaia EDR3 3035402131392825600,-0.038449,0.038655,112.79097266937,-9.93134894689,0.2417,0.0935,-0.583,0.081,-0.019,0.076,17.662167,0.002892,0.916878,0.012720244919971568,0.9988,1
Gaia EDR3 3035355200291151744,-0.022077,0.034868,112.8075929192,-9.93513779041,0.0624,0.0677,-0.697,0.059,-0.068,0.054,17.148167,0.002833,1.230637,0.009751391942607173,0.9986,1
Gaia EDR3 3035355200291152128,-0.027781,0.021726,112.80180078491,-9.94827841093,0.111,0.0571,-0.715,0.05,-0.023,0.046,16.821667,0.002813,0.988512,0.006906319939374199,0.9991,1
Gaia EDR3 3035355131571067392,-0.003905,0.016954,112.8260415751,-9.95305239135,0.1748,0.0885,-0.598,0.079,-0.179,0.071,17.502586,0.002895,0.972897,0.016233654703685162,0.998,1
Gaia EDR3 3035354886752482176,-0.011725,-0.00083,112.81810197895,-9.97083634173,0.1958,0.1322,-0.531,0.115,-0.14,0.11,18.289341,0.00301,0.936424,0.017948344945400607,0.9977,1
Gaia EDR3 3035402101335153536,-0.034798,0.027359,112.79467808905,-9.94264523208,0.1778,0.0218,-0.702,0.019,0.004,0.018,14.693602,0.002763,1.43578,0.0050120785990734615,0.999,1
Gaia EDR3 3035402582371470208,-0.029099,0.051065,112.80046603985,-9.91893935819,0.1411,0.1031,-0.651,0.089,-0.182,0.089,17.782997,0.002926,0.998041,0.012981306619521108,0.9973,1
Gaia EDR3 3035355097211346816,-0.01547,0.00818,112.81429925758,-9.96182607486,0.1597,0.1815,-0.633,0.156,0.059,0.144,18.759007,0.003125,1.084316,0.025973768685827504,0.998,1
Gaia EDR3 3035355578247653760,-0.009196,0.032407,112.82067026682,-9.93759883439,0.1107,0.0498,-0.73,0.045,-0.083,0.04,16.545216,0.0028,1.041686,0.006510749401724617,0.9979,1
Gaia EDR3 3035355092910933888,-0.023339,0.007655,112.80631026707,-9.96234978612,0.1668,0.0973,-0.702,0.089,0.019,0.08,17.759817,0.002889,0.952593,0.012253955320751556,0.9987,1
Gaia EDR3 3035355200290554624,-0.023021,0.019878,112.80663427773,-9.95012734675,0.0473,0.0796,-0.689,0.068,-0.014,0.063,17.347933,0.00285,0.987848,0.00967909050759173,0.999,1
Gaia EDR3 3035355161636700032,-0.030627,0.016716,112.79891127287,-9.95328852044,0.0408,0.0647,-0.697,0.056,-0.017,0.053,16.983156,0.002827,1.147291,0.007717322065409876,0.9991,1
Gaia EDR3 3035402101335158016,-0.046846,0.029737,112.78244609351,-9.94026564979,0.0683,0.0551,-0.702,0.049,0.016,0.044,16.688242,0.002803,1.010559,0.007416161404592987,0.9988,1
Gaia EDR3 3035402135694889088,-0.037685,0.031174,112.79174690625,-9.93882949664,0.2213,0.0802,-0.726,0.071,-0.071,0.064,17.342081,0.002877,1.354841,0.012008559039904687,0.9989,1
Gaia EDR3 3035355161630877824,-0.026951,0.019496,112.80264350139,-9.9505088471,0.2825,0.1588,-0.561,0.138,-0.115,0.131,18.571432,0.003124,0.970638,0.024923258468267186,0.9991,1
Gaia EDR3 3035402200112329984,-0.039856,0.050014,112.78954541952,-9.91998957539,-0.0144,0.1828,-0.59,0.157,-0.005,0.144,18.648972,0.003226,0.963322,0.02901268560284822,0.998,1
Gaia EDR3 3035402101335160960,-0.040889,0.02095,112.78849287193,-9.94905331219,0.053,0.0756,-0.555,0.068,-0.195,0.062,17.368355,0.002843,0.975708,0.009018536347947482,0.999,1
Gaia EDR3 3035402062673321600,-0.060596,0.026498,112.76848572549,-9.94350222657,-0.0084,0.2179,-0.686,0.182,-0.037,0.168,19.069939,0.003431,1.163296,0.036587476580947347,0.998,1
Gaia EDR3 3035354925412649344,-0.001847,0.003517,112.82813131293,-9.96648908202,0.0634,0.1638,-0.764,0.146,-0.09,0.138,18.616676,0.003166,0.889404,0.03485156827381436,0.9968,1
Gaia EDR3 3035402135696160128,-0.035703,0.034067,112.79375968649,-9.93593730127,0.006,0.306,-0.59,0.247,-0.185,0.24,19.391134,0.003876,1.192324,0.057267814467728474,0.999,1
Gaia EDR3 3035355505231027328,-0.00301,0.025038,112.82694993308,-9.94496800493,0.1184,0.0689,-0.573,0.061,-0.249,0.055,17.20544,0.00284,1.222202,0.01012039139768234,0.9976,1
Gaia EDR3 3035402513642987648,-0.023766,0.052298,112.80587939194,-9.91770753823,0.1459,0.1728,-0.434,0.149,0.016,0.142,18.676565,0.00321,0.934761,0.04680915857523789,0.9954,1
Gaia EDR3 3035355165927154432,-0.032938,0.013875,112.79656424166,-9.95612985312,0.106,0.1597,-0.771,0.142,-0.158,0.132,18.472755,0.003174,1.071373,0.026558511675585872,0.9983,1
Gaia EDR3 3035355024191438080,-0.061089,0.000247,112.76798071295,-9.96975377962,0.25,0.199,-0.695,0.179,0.066,0.174,18.78965,0.003262,1.068136,0.03693686445094365,0.996,1
Gaia EDR3 3035354989831694336,-0.035363,-0.002546,112.79410106378,-9.97255029018,0.1617,0.0977,-0.799,0.086,-0.055,0.077,17.784632,0.002909,0.929436,0.013328070559373538,0.9973,1
Gaia EDR3 3035355097211354752,-0.026491,0.007576,112.80310934871,-9.96242950155,0.0267,0.0951,-0.693,0.086,0.072,0.082,17.806215,0.002904,0.943693,0.019060265091446413,0.9984,1
Gaia EDR3 3035401963896224128,-0.056389,0.006981,112.77275425714,-9.96302052817,0.0854,0.0738,-0.613,0.068,-0.253,0.065,17.286615,0.002861,1.012541,0.011026124854143607,0.996,1
Gaia EDR3 3035402135694885504,-0.035083,0.035847,112.79438888562,-9.93415730777,0.1164,0.0597,-0.636,0.051,-0.258,0.049,16.795391,0.002821,1.382837,0.009205685882065702,0.9982,1
Gaia EDR3 3035402170045714560,-0.050745,0.038466,112.7784894278,-9.93153645738,0.1585,0.2002,-0.41,0.168,-0.039,0.161,18.874174,0.003317,1.078449,0.0439322628957022,0.9977,1
Gaia EDR3 3035355200290554880,-0.03167,0.025543,112.79785366563,-9.94446127915,0.194,0.129,-0.468,0.113,-0.2,0.108,18.260063,0.00301,1.026705,0.015519513777276386,0.999,1
Gaia EDR3 3035402097033490176,-0.047297,0.028398,112.78198873219,-9.94160498186,0.3432,0.1979,-0.615,0.167,-0.058,0.159,18.83594,0.003238,1.052662,0.033885603143989994,0.999,1
Gaia EDR3 3035355195996468224,-0.022911,0.017944,112.806744865,-9.95206123928,-0.0387,0.2003,-0.725,0.172,-0.09,0.16,18.972614,0.003329,1.269058,0.040677883685007556,0.9989,1
Gaia EDR3 3035402513642994816,-0.025248,0.051367,112.80437489552,-9.91863799823,0.2737,0.0886,-0.662,0.079,0.092,0.07,17.407497,0.002935,1.026911,0.012076384090847582,0.9964,1
Gaia EDR3 3035355165930822912,-0.033363,0.020841,112.796134292,-9.94916386911,0.0845,0.1402,-0.438,0.126,-0.197,0.117,18.324778,0.003063,0.985075,0.017638248288687257,0.9989,1
Gaia EDR3 3035402097039284736,-0.037351,0.028518,112.79208596114,-9.94148570021,0.1098,0.1633,-0.387,0.137,-0.125,0.133,18.550688,0.003215,1.077337,0.027371301892592143,0.9985,1
Gaia EDR3 3035401998255957760,-0.05088,0.010743,112.77834791346,-9.95925876917,0.1213,0.0282,-0.392,0.025,0.019,0.023,15.301338,0.00279,0.378909,0.005205031485579555,0.9964,1
Gaia EDR3 3035402135694888576,-0.035046,0.030516,112.79442602746,-9.93948850276,0.1442,0.1636,-0.45,0.138,-0.24,0.132,18.543785,0.003171,1.136431,0.019816275648584854,0.9988,1
Gaia EDR3 3035402066975426176,-0.065098,0.032836,112.7639167995,-9.93716359341,0.2761,0.1165,-0.573,0.105,-0.253,0.1,18.059053,0.003,0.991137,0.015357842380779913,0.996,1
Gaia EDR3 3035355097211354496,-0.02273,0.005307,112.80692781243,-9.96469787433,0.1375,0.1667,-0.612,0.146,-0.306,0.134,18.612066,0.003167,1.028084,0.022280049137782088,0.9967,1
Gaia EDR3 3035354994132153344,-0.026322,-0.005891,112.80328029384,-9.97589602063,0.2321,0.1327,-0.427,0.116,-0.205,0.111,18.320892,0.003023,0.990778,0.023433932376870133,0.9961,1
Gaia EDR3 3035355161630428800,-0.036289,0.017503,112.79316269673,-9.95250092007,0.2727,0.2181,-0.475,0.194,0.098,0.174,19.116606,0.003426,1.11326,0.034103090517337425,0.9973,1
Gaia EDR3 3035402410572783616,-0.044973,0.054496,112.78435090558,-9.91550697619,0.1968,0.0814,-0.726,0.072,0.151,0.065,17.429995,0.002867,0.937948,0.010515180189691081,0.9959,1
Gaia EDR3 3035402135685944320,-0.03439,0.035655,112.79509334655,-9.93434955095,0.1196,0.1192,-0.501,0.102,-0.307,0.097,17.961437,0.002966,0.987665,0.02443650353204032,0.9983,1
Gaia EDR3 3035355165930823808,-0.028332,0.016809,112.80124186986,-9.95319630351,0.1441,0.2709,-0.396,0.227,-0.239,0.216,19.395388,0.003733,0.569105,0.19775524972115727,0.9985,1
Gaia EDR3 3035402097036254080,-0.035702,0.026169,112.79376022468,-9.94383469638,0.061,0.0933,-0.734,0.081,0.177,0.075,17.344944,0.002973,0.74589,0.008912233808340459,0.998,1
Gaia EDR3 3035402101335163520,-0.041956,0.018539,112.78740933612,-9.95146436531,0.4146,0.1145,-0.666,0.101,-0.1,0.092,17.92846,0.002909,0.944611,0.012512743270049895,0.999,1
Gaia EDR3 3035402170054628480,-0.050409,0.040312,112.77883114536,-9.92969030378,-0.1147,0.2155,-0.478,0.184,-0.111,0.17,18.986446,0.003382,1.081535,0.03555903257053532,0.9985,1
Gaia EDR3 3035355062844513024,-0.047397,0.004271,112.78188293491,-9.96573183691,0.0249,0.2477,-0.345,0.207,-0.009,0.194,19.265362,0.00361,1.171269,0.04300072413867546,0.9953,1
Gaia EDR3 3035355578247649024,-0.005719,0.034538,112.82420023514,-9.93546771385,-0.0676,0.1383,-0.558,0.122,-0.275,0.115,18.341368,0.003046,1.048601,0.021853674304158324,0.9973,1
Gaia EDR3 3035402101333429248,-0.033874,0.02499,112.79561563196,-9.94501439094,0.1604,0.1472,-0.786,0.13,0.174,0.123,18.453815,0.003181,1.045881,0.027487044024767995,0.998,1
Gaia EDR3 3035355578247642880,-0.010624,0.043124,112.81922099871,-9.92688152023,0.1249,0.1169,-0.403,0.104,-0.293,0.097,18.053736,0.002977,0.912468,0.015161829711843303,0.9964,1
Gaia EDR3 3035402131392825728,-0.039617,0.037838,112.78978699484,-9.93216610834,0.3478,0.1124,-0.8,0.097,-0.179,0.088,17.96577,0.00294,1.223858,0.015080290214203563,0.9974,1
Gaia EDR3 3035355092910917632,-0.019867,0.001957,112.80983448013,-9.96804852201,0.4388,0.2118,-0.661,0.181,-0.022,0.166,19.065739,0.003292,1.083355,0.03350076053141671,0.9983,1
Gaia EDR3 3035355062851635712,-0.049149,0.00536,112.78010452648,-9.96464256906,0.2352,0.2254,-0.871,0.194,0.067,0.181,19.044521,0.003339,1.150061,0.03527657573219,0.9971,1
Gaia EDR3 3035355097211346944,-0.017558,0.009621,112.81217916007,-9.96038411034,0.4502,0.3615,-0.573,0.309,-0.04,0.28,19.699865,0.004087,1.117195,0.06720170895666223,0.9986,1
Gaia EDR3 3035402410563852288,-0.05752,0.051188,112.77161366663,-9.91881291176,-0.1301,0.6168,-0.498,0.491,0.071,0.452,20.231388,0.005497,1.424112,0.10581706045444436,0.9956,1
Gaia EDR3 3035355165930827776,-0.031213,0.014939,112.79831644085,-9.95506568724,0.4292,0.2088,-0.495,0.179,0.025,0.164,19.051437,0.003403,1.045971,0.03340921652728321,0.9983,1
Gaia EDR3 3035402101326248448,-0.037309,0.025091,112.79212861138,-9.94491275512,-0.0455,0.146,-0.33,0.122,-0.005,0.118,18.373343,0.003064,1.027559,0.01894201866730414,0.9971,1
Gaia EDR3 3035354886752486400,-0.012804,0.001663,112.8170056365,-9.96834315412,-0.0122,0.5937,-0.883,0.47,0.065,0.424,20.171528,0.005395,1.176525,0.09041002537317419,0.9962,1
Gaia EDR3 3035355509530610816,-0.008586,0.026823,112.82128965065,-9.94318305576,-0.1726,0.2294,-0.62,0.191,0.083,0.179,19.124294,0.003448,1.162043,0.04354180544265667,0.9967,1
Gaia EDR3 3035355200283357952,-0.021968,0.020417,112.80770255317,-9.94958882654,0.1893,0.2107,-0.927,0.177,0.047,0.167,18.998018,0.003352,1.090286,0.03549023842511771,0.9973,1
Gaia EDR3 3035355058551198464,-0.045705,0.008949,112.78360209543,-9.96105371743,0.133,0.3974,-0.903,0.345,0.133,0.32,19.85001,0.00453,1.274885,0.08265933678321333,0.9972,1
Gaia EDR3 3035402410563851392,-0.058273,0.051988,112.77084946723,-9.91801284306,-0.1295,0.3008,-0.838,0.256,0.037,0.238,19.49485,0.003992,1.195707,0.05395719342271421,0.9962,1
Gaia EDR3 3035355024191447168,-0.054629,0.004859,112.77454093231,-9.9651424754,0.1747,0.3377,-0.916,0.302,0.133,0.274,19.662653,0.005219,1.233387,0.05548805586020499,0.9959,1
Gaia EDR3 3035402097036253568,-0.047722,0.026697,112.78155707186,-9.94330556717,-0.0236,0.1188,-0.92,0.107,0.071,0.098,18.039618,0.002972,0.972424,0.01688898180254499,0.9974,1
Gaia EDR3 3035355165923670272,-0.032784,0.012535,112.7967210611,-9.95746926514,-0.173,0.2734,-0.746,0.222,-0.228,0.208,19.37769,0.003722,1.292749,0.04865879252553784,0.9976,1
Gaia EDR3 3035402582371469312,-0.031641,0.054418,112.79788551446,-9.91558630514,0.5232,0.2976,-0.604,0.233,-0.034,0.213,19.21226,0.00353,1.089283,0.044966763412310436,0.9974,1
Gaia EDR3 3035402101326273536,-0.041572,0.021152,112.78779997423,-9.94885095973,0.4983,0.2211,-0.502,0.189,0.047,0.173,19.084663,0.003848,0.947754,0.04508600213352348,0.9983,1
Gaia EDR3 3035355578240387328,-0.004079,0.036055,112.82586483793,-9.93395070056,0.525,0.1264,-0.615,0.11,-0.154,0.103,18.20257,0.003,0.977049,0.020033419068664807,0.9977,1
Gaia EDR3 3035402548012043136,-0.010994,0.045377,112.81884495539,-9.92462874954,-0.1582,0.2747,-0.428,0.232,-0.279,0.217,19.37425,0.00365,1.096865,0.04604346831005745,0.9965,1
Gaia EDR3 3035402616722191872,-0.022707,0.056136,112.80695463796,-9.91386892397,0.5322,0.2923,-0.472,0.247,0.027,0.226,19.418146,0.00381,1.074888,0.0753317562303162,0.9952,1
Gaia EDR3 3035355028484801792,-0.050088,-0.002496,112.77915022471,-9.97249793808,-0.106,0.1042,-0.877,0.103,0.171,0.099,17.902393,0.002925,0.944477,0.019489177977180208,0.9958,1
Gaia EDR3 3035355165933230976,-0.032756,0.014488,112.79674961488,-9.95551664315,0.2912,0.3821,-0.931,0.293,0.179,0.304,18.872679,0.004446,,,0.9973,1
