EDR3Name,_x,_y,RA_ICRS,DE_ICRS,Plx,e_Plx,pmRA,e_pmRA,pmDE,e_pmDE,Gmag,e_Gmag,BP-RP,e_BP-RP,probs_final,membs_select
Gaia EDR3 5353694983808499584,0.002904,0.023936,160.35511246303,-55.28606856047,0.1437,0.0468,-6.712,0.051,3.252,0.042,16.592003,0.002813,2.082515,0.0072836966868774665,0.9986,1
Gaia EDR3 5353694983808492288,0.001434,0.020304,160.35253141423,-55.28970045138,0.1503,0.1438,-6.663,0.154,3.29,0.125,18.615725,0.003122,1.591934,0.04821244943070422,0.9987,1
Gaia EDR3 5353695357449534848,0.001803,0.040778,160.35317733174,-55.26922625491,0.1043,0.0798,-6.719,0.085,3.26,0.072,17.6495,0.002923,1.918974,0.016985407403323813,0.9971,1
Gaia EDR3 5353695361765627648,0.005441,0.025702,160.35956647525,-55.28430196479,0.1679,0.1836,-6.661,0.203,3.259,0.156,18.946619,0.003399,1.56015,0.028349052888277652,0.9985,1
Gaia EDR3 5353695155586110976,-0.014529,0.025239,160.32450104696,-55.28476272355,0.1637,0.1403,-6.709,0.145,3.231,0.125,18.516943,0.003219,1.753519,0.0231645124601175,0.9968,1
Gaia EDR3 5353694949448723072,-0.010371,0.009628,160.33179442011,-55.30037483895,0.1645,0.0391,-6.665,0.041,3.321,0.035,16.275612,0.002798,1.964994,0.005857771217511947,0.9978,1
Gaia EDR3 5353694983787481984,-0.007461,0.027523,160.33691191882,-55.28248022722,0.1655,0.2165,-6.74,0.217,3.308,0.175,19.13814,0.003657,1.685835,0.0684958365693784,0.998,1
Gaia EDR3 5353695155586051712,-0.022223,0.020906,160.31098639854,-55.28909241346,0.1001,0.166,-6.731,0.169,3.325,0.143,18.721832,0.00334,1.55916,0.026283315800826084,0.9949,1
Gaia EDR3 5353694979487923200,0.003462,0.025291,160.35609181341,-55.28471331567,0.1425,0.0391,-6.633,0.042,3.309,0.036,16.299294,0.002803,1.975431,0.0079289220320054,0.9986,1
Gaia EDR3 5353694846369494784,-0.011079,0.001297,160.33054634125,-55.30870529009,0.1513,0.0401,-6.696,0.042,3.35,0.036,16.26297,0.002801,2.139434,0.006565033392211948,0.9971,1
Gaia EDR3 5353694983787440128,0.004468,0.011375,160.35786019838,-55.29862903109,0.069,0.1441,-6.671,0.15,3.232,0.124,18.621458,0.003239,1.533039,0.0286565650900254,0.9984,1
Gaia EDR3 5353695323089798400,0.023209,0.034939,160.39075652398,-55.27505863728,0.1814,0.1127,-6.641,0.123,3.219,0.103,18.234648,0.00302,1.587814,0.01654254524046772,0.9954,1
Gaia EDR3 5353695018168166528,-0.019276,-0.002837,160.31614201053,-55.31283611138,0.1951,0.0452,-6.649,0.049,3.336,0.039,16.405691,0.00282,2.046368,0.007909783548133709,0.9951,1
Gaia EDR3 5353694983787435648,-0.006901,0.02078,160.33789352493,-55.28922342954,0.0856,0.2114,-6.671,0.221,3.356,0.182,19.105732,0.003577,1.550282,0.033495239651773166,0.9983,1
Gaia EDR3 5353695288729209344,0.008881,0.02191,160.36560852132,-55.28809369134,0.1422,0.1451,-6.78,0.154,3.227,0.13,18.633133,0.003199,1.694897,0.028504108245493688,0.9984,1
Gaia EDR3 5353694949448741888,0.001121,0.013425,160.35198245492,-55.2965795199,0.0839,0.0462,-6.79,0.05,3.31,0.042,16.63097,0.002806,2.153349,0.007150884638394771,0.9986,1
Gaia EDR3 5353694537131917440,0.029384,0.011638,160.40162721431,-55.29835497625,0.0305,0.1419,-6.705,0.147,3.322,0.123,18.53661,0.003251,1.4811,0.035825466719309966,0.9923,1
Gaia EDR3 5353695018146990464,-0.026737,0.00691,160.30304317733,-55.30308519242,0.1324,0.2569,-6.811,0.249,3.299,0.212,19.32328,0.005081,2.001465,0.06681479224185535,0.9938,1
Gaia EDR3 5353694979492412416,-0.002154,0.022169,160.34623066859,-55.28783482349,0.2003,0.1144,-6.768,0.121,3.203,0.1,18.238123,0.003052,1.587625,0.018558151962549025,0.9985,1
Gaia EDR3 5353694915067969792,0.005236,0.01178,160.35920943334,-55.29822403456,0.0148,0.1891,-6.702,0.199,3.268,0.168,19.019588,0.0035,1.570358,0.05011416568106599,0.9984,1
Gaia EDR3 5353694979487919872,-0.004412,0.02241,160.34226428823,-55.28759429211,0.0239,0.144,-6.658,0.152,3.225,0.125,18.603003,0.003366,1.636684,0.023421933867478782,0.9985,1
Gaia EDR3 5353694915068025856,0.01162,0.014256,160.37042218599,-55.29574669748,0.0525,0.2299,-6.733,0.247,3.183,0.197,19.310818,0.003843,1.653683,0.04814824923930648,0.9977,1
Gaia EDR3 5353695396125392384,0.007957,0.042644,160.36397840957,-55.26735914281,0.0367,0.0468,-6.78,0.049,3.254,0.041,16.561756,0.002812,2.02134,0.00875366517103183,0.9967,1
Gaia EDR3 5353694983808491776,-0.000623,0.021391,160.34891937882,-55.28861372827,0.1329,0.1011,-6.708,0.106,3.142,0.089,18.046394,0.003019,1.591139,0.02974591045132977,0.9985,1
Gaia EDR3 5353694983787461504,-0.006893,0.024255,160.33790859552,-55.28574873477,0.0246,0.1578,-6.778,0.165,3.236,0.136,18.704065,0.003304,1.619467,0.025746964047200397,0.9982,1
Gaia EDR3 5353694846369503616,-0.003016,0.000905,160.34471274635,-55.30909959289,0.0643,0.127,-6.779,0.148,3.182,0.118,18.438574,0.003128,1.813311,0.028725734027578567,0.9975,1
Gaia EDR3 5353694983787463680,-0.001672,0.020191,160.34707669966,-55.28981353683,0.0502,0.2578,-6.817,0.268,3.282,0.211,19.420935,0.003924,1.615309,0.05190687576954289,0.9986,1
Gaia EDR3 5353694915067963776,0.009888,0.006737,160.36738256491,-55.30326648052,0.2689,0.2753,-6.667,0.281,3.345,0.231,19.505133,0.004061,,,0.9972,1
Gaia EDR3 5353694979487916032,0.004728,0.020892,160.35831646613,-55.28911234038,0.2789,0.1241,-6.747,0.133,3.322,0.109,18.333124,0.003127,1.911644,0.024839269402920052,0.9987,1
Gaia EDR3 5353694983787479168,0.004204,0.016949,160.35739589501,-55.29305523106,0.1103,0.1186,-6.835,0.129,3.206,0.104,18.315027,0.003078,1.256405,0.0222263765611808,0.9984,1
Gaia EDR3 5353695293050461568,0.011507,0.023528,160.37021965906,-55.28647432138,0.1421,0.5495,-6.764,0.573,3.132,0.47,20.302431,0.00625,1.521624,0.10646130620578871,0.9979,1
Gaia EDR3 5353694983808492032,-3e-05,0.021132,160.34995982755,-55.28887190186,0.0434,0.1483,-6.824,0.155,3.329,0.132,18.623701,0.003453,1.68129,0.049314429720733625,0.9987,1
Gaia EDR3 5353695155607156864,-0.019473,0.020105,160.31581424732,-55.2898948559,0.121,0.1304,-6.643,0.133,3.435,0.111,18.382687,0.003111,1.507385,0.020365051817155196,0.9957,1
Gaia EDR3 5353694979487920768,-0.004069,0.023484,160.34286672385,-55.28651993014,0.0395,0.1097,-6.597,0.118,3.179,0.097,18.167847,0.003048,1.894918,0.01857054258197543,0.9983,1
Gaia EDR3 5353695327385014272,0.012362,0.035281,160.37171428497,-55.27472110703,0.0527,0.2163,-6.853,0.229,3.239,0.184,19.21514,0.003693,1.556126,0.04567150574615084,0.9972,1
Gaia EDR3 5353695602265848448,-0.006633,0.051342,160.33837317547,-55.25866167125,0.2847,0.6959,-6.701,0.811,3.384,0.63,20.39732,0.007369,1.41683,0.09210437311741418,0.992,1
Gaia EDR3 5353695357447091584,0.008815,0.030916,160.36548904112,-55.27908752142,0.1997,0.1115,-6.592,0.117,3.142,0.095,18.156202,0.003004,1.952583,0.018816271944399422,0.9979,1
Gaia EDR3 5353694846348381184,-0.001468,-0.001318,160.34743342197,-55.31132253277,0.2565,0.1938,-6.654,0.204,3.143,0.163,19.040539,0.003472,1.677813,0.04819927047225382,0.9971,1
Gaia EDR3 5353694983808490752,-0.00715,0.026452,160.33745837092,-55.28355166711,-0.0417,0.2583,-6.657,0.266,3.19,0.213,19.422869,0.003917,1.56188,0.05900040821320002,0.998,1
Gaia EDR3 5353695189945893120,-0.015013,0.031604,160.32365473586,-55.27839766863,0.2811,0.3838,-6.611,0.389,3.402,0.296,19.857363,0.00462,1.575273,0.10076997899381211,0.9953,1
Gaia EDR3 5353694915068035840,0.008542,0.018735,160.36501360142,-55.29126867886,0.0382,0.1675,-6.828,0.177,3.408,0.151,18.779387,0.00361,1.409166,0.05653970730828037,0.9984,1
Gaia EDR3 5353694949427670016,-0.009973,0.019228,160.33249760112,-55.29077546385,0.3196,0.2384,-6.664,0.25,3.377,0.203,19.339533,0.003743,1.528639,0.043862784618677375,0.998,1
Gaia EDR3 5353694983787481856,0.002064,0.01912,160.35363677952,-55.29088452434,0.3304,0.2376,-6.632,0.247,3.213,0.206,19.31341,0.003807,1.680525,0.041652532337332605,0.9986,1
Gaia EDR3 5353695293025252480,0.011483,0.031659,160.37017260661,-55.27834314395,0.2825,0.2235,-6.539,0.234,3.253,0.186,19.255293,0.003807,1.692829,0.05249740297650635,0.9976,1
Gaia EDR3 5353694983787503488,0.002169,0.022957,160.35382183603,-55.28704731356,0.253,0.1904,-6.636,0.207,3.45,0.16,19.01863,0.003562,,,0.9984,1
Gaia EDR3 5353694949448728320,-0.002093,0.006253,160.34633540589,-55.30375158878,-0.0541,0.3466,-6.801,0.356,3.291,0.297,19.863653,0.004671,1.778385,0.11563365499220271,0.9982,1
Gaia EDR3 5353695052506797440,-0.021558,0.013692,160.31214674152,-55.29630621261,0.3477,0.3988,-6.715,0.432,3.33,0.301,19.908691,0.005287,1.603714,0.08379402870599495,0.9959,1
Gaia EDR3 5353694880708189184,0.003401,0.006447,160.3559878376,-55.30355670516,-0.0364,0.1422,-6.57,0.16,3.207,0.136,18.566362,0.003226,,,0.9979,1
Gaia EDR3 5353695189945923200,-0.008092,0.030104,160.3358048599,-55.27989910612,-0.0471,0.2601,-6.829,0.272,3.278,0.22,19.46936,0.00398,1.781405,0.04825675600937581,0.9976,1
Gaia EDR3 5353695155586109696,-0.011183,0.02204,160.33037435699,-55.28796278875,0.018,0.1883,-6.568,0.203,3.124,0.168,18.938778,0.00341,1.642517,0.0350628751067356,0.9974,1
Gaia EDR3 5353694915068051456,0.012526,0.017851,160.37201182914,-55.29215167347,0.2176,0.2309,-6.474,0.243,3.277,0.191,19.295097,0.003794,,,0.9975,1
Gaia EDR3 5353694983787516544,-0.002044,0.028478,160.34642436612,-55.28152654036,0.0959,0.3144,-6.932,0.324,3.269,0.26,19.742218,0.004681,1.634258,0.060992883220252946,0.9981,1
Gaia EDR3 5353694949448723712,-7.8e-05,0.001093,160.34987595743,-55.30891122715,0.3099,0.1515,-6.869,0.165,3.254,0.139,18.667461,0.003273,2.025103,0.031071601642175626,0.9975,1
Gaia EDR3 5353695361747704448,-0.00138,0.038714,160.34759078553,-55.2712901712,-0.06,1.0631,-6.542,1.458,3.256,1.353,20.766651,0.011168,1.168747,0.20114242548412575,0.9968,1
Gaia EDR3 5353695293025177600,0.010778,0.020294,160.36894108709,-55.28970848822,-0.0763,0.1862,-6.828,0.2,3.265,0.162,18.926067,0.00339,1.50396,0.038306991999498385,0.9982,1
Gaia EDR3 5353694915068020096,0.009919,0.015052,160.36743402921,-55.29495054049,0.2854,0.1804,-6.491,0.19,3.264,0.157,18.942875,0.003936,1.569099,0.03955582311109496,0.9978,1
Gaia EDR3 5353694983787444992,-0.00559,0.020944,160.34019563372,-55.28905989824,0.0277,0.2867,-6.695,0.296,3.509,0.24,19.619434,0.004292,1.554594,0.0616904470996824,0.9981,1
Gaia EDR3 5353694846348389120,-0.009536,0.007095,160.33326029865,-55.30290839658,0.0277,0.3554,-6.642,0.382,3.051,0.289,19.84057,0.004736,1.637564,0.057981585349202766,0.9971,1
Gaia EDR3 5353694880733588480,0.001781,-0.00138,160.35314143339,-55.31138444437,0.0657,0.2015,-6.94,0.213,3.324,0.175,19.101995,0.003611,1.595562,0.03713913448905124,0.9969,1
Gaia EDR3 5353694846348376704,-0.012769,0.007667,160.32758154607,-55.30233488722,-0.0167,0.1924,-6.723,0.201,3.07,0.164,18.979116,0.003516,1.638922,0.04004434444789416,0.9965,1
Gaia EDR3 5353694842051008128,-0.001764,-0.002169,160.34691302192,-55.31217334454,-0.0779,0.1459,-6.822,0.151,3.365,0.123,18.607729,0.003253,1.616564,0.026754371609340733,0.9973,1
Gaia EDR3 5353694983787488512,-0.006922,0.028045,160.33785971821,-55.28195815121,0.3412,0.1865,-6.727,0.201,3.112,0.161,18.959337,0.003494,1.877007,0.03378547280687395,0.9975,1
Gaia EDR3 5353694979492412544,-0.00056,0.020088,160.34902863267,-55.28991593865,0.0322,0.1493,-6.715,0.158,3.528,0.13,18.64876,0.003231,1.949837,0.029227847801664635,0.9984,1
Gaia EDR3 5353694979492413184,0.003367,0.015541,160.35592692017,-55.29446283625,0.2455,0.1503,-6.619,0.164,3.521,0.132,18.632341,0.003239,1.613594,0.03795136906824019,0.998,1
Gaia EDR3 5353694532815816064,0.024514,0.017377,160.39306576145,-55.29261987285,-0.1166,0.1563,-6.608,0.168,3.205,0.141,18.673145,0.003246,1.624889,0.032454041057184885,0.9949,1
Gaia EDR3 5353695499183797120,0.016011,0.048833,160.37811070343,-55.26116779094,0.3237,0.2709,-6.594,0.292,3.096,0.231,19.566246,0.004122,1.716354,0.06783487194404034,0.994,1
Gaia EDR3 5353695052509944704,-0.021005,0.010677,160.31311598135,-55.29932190452,-0.02,0.5038,-6.463,0.579,3.275,0.455,20.142292,0.006199,1.604824,0.09432502244117248,0.9953,1
Gaia EDR3 5353694979491565312,0.002306,0.022537,160.35406236157,-55.28746668862,0.2675,0.169,-6.445,0.179,3.225,0.145,18.835434,0.003526,1.584572,0.045389511727821207,0.9983,1
Gaia EDR3 5353694910772895104,0.006693,0.00891,160.36176936663,-55.30109359502,0.3846,0.137,-6.583,0.16,3.179,0.125,18.556374,0.003255,1.727907,0.06736858014813886,0.9979,1
Gaia EDR3 5353695391807172736,0.002247,0.048487,160.35395609426,-55.26151741243,0.3626,0.1244,-6.716,0.133,3.464,0.108,18.25529,0.003076,1.374355,0.02009020983474408,0.9946,1
Gaia EDR3 5353694846348378368,-0.004112,0.001463,160.34278826565,-55.30854106419,0.302,0.2144,-6.594,0.26,3.049,0.209,18.975529,0.006889,0.715658,0.10261957960869383,0.9971,1
Gaia EDR3 5353695327385014144,0.024406,0.0248,160.39286866755,-55.28519714797,-0.0218,0.6928,-6.929,0.806,3.389,0.568,20.443892,0.0074,,,0.9952,1
Gaia EDR3 5353694983787433728,0.000611,0.01439,160.35108592111,-55.29561434986,0.2531,0.206,-6.496,0.221,3.081,0.178,18.90626,0.00405,1.697458,0.04074084398158536,0.9982,1
Gaia EDR3 5353694983787520896,0.002839,0.025314,160.35499689466,-55.28468968341,0.2763,0.1705,-6.854,0.181,3.055,0.144,18.863123,0.003315,1.614063,0.10153019189483196,0.9976,1
Gaia EDR3 5353695567906097408,-0.008226,0.038906,160.33557259764,-55.27109785965,-0.0431,1.0514,-6.486,0.915,3.415,0.851,20.69824,0.009439,1.930275,0.16850822640935864,0.9943,1
Gaia EDR3 5353694537112918912,0.025667,0.014974,160.39509335343,-55.29502175602,0.359,0.4463,-6.911,0.495,3.246,0.361,20.04932,0.005441,1.594217,0.11190679114669508,0.9937,1
Gaia EDR3 5353694537110973824,0.029971,0.00951,160.40266041362,-55.30048295154,0.3987,0.2224,-6.869,0.227,3.297,0.184,19.22555,0.003769,1.534203,0.059891509888369936,0.9915,1
Gaia EDR3 5353694159153769600,0.021961,0.003621,160.3885964523,-55.30637750583,-0.075,0.2055,-6.711,0.216,3.52,0.173,19.153378,0.003666,1.596983,0.04233006594451769,0.9903,1
Gaia EDR3 5353695361765638144,0.004168,0.033667,160.35732904732,-55.27633737418,0.122,0.3202,-6.476,0.285,3.513,0.247,19.43868,0.004887,1.381916,0.20818333274605802,0.9963,1
Gaia EDR3 5353695018146970368,-0.027437,0.004502,160.30181035362,-55.30549229499,-0.0563,0.3356,-6.521,0.328,3.472,0.279,19.68247,0.004457,0.995468,0.347587489513672,0.9915,1
Gaia EDR3 5353694846348368000,-0.00526,-0.000395,160.34076983122,-55.31039873497,-0.0836,0.2532,-6.932,0.271,3.333,0.214,19.325342,0.004127,1.298258,0.07243559889173194,0.9974,1
Gaia EDR3 5353695323087673984,0.022631,0.02653,160.38975064623,-55.28346754601,-0.111,0.1478,-6.752,0.159,3.053,0.132,18.591158,0.003309,1.678545,0.027427265908183052,0.9945,1
Gaia EDR3 5353694777633471616,0.000471,-0.004324,160.35084031875,-55.31432871635,-0.0199,1.5132,-6.757,1.675,3.575,1.446,20.797613,0.010449,1.920074,0.19636969576994265,0.9953,1
Gaia EDR3 5353695288727613184,0.010649,0.020971,160.36871301525,-55.28903215469,-0.1381,0.1841,-6.899,0.196,3.284,0.16,18.992508,0.003529,1.53451,0.04712977669428732,0.9981,1
Gaia EDR3 5353695357447219328,-0.001271,0.03196,160.347781323,-55.27804422181,0.4646,0.1462,-6.618,0.152,3.338,0.123,18.614408,0.003219,1.642843,0.02884694909869579,0.998,1
Gaia EDR3 5353694949427619584,-0.009329,0.009349,160.33362465478,-55.30065440615,0.338,0.2466,-6.482,0.256,3.099,0.21,19.380793,0.004014,1.586378,0.05103216792904175,0.9974,1
Gaia EDR3 5353695567903086592,-0.007915,0.036878,160.33611809582,-55.27312586417,-0.0794,0.2319,-6.955,0.229,3.351,0.189,19.179415,0.003775,1.626539,0.03462496016285959,0.9964,1
Gaia EDR3 5353695189945919360,-0.015118,0.035425,160.32347310667,-55.27457675893,-0.0611,0.2134,-6.477,0.212,3.461,0.175,19.073374,0.00356,1.615358,0.03981828369023159,0.992,1
Gaia EDR3 5353694983787479680,0.000361,0.020358,160.35064599593,-55.28964641378,0.3817,0.2163,-6.766,0.231,3.516,0.186,19.132315,0.003627,1.597527,0.07108196937923518,0.9985,1
Gaia EDR3 5353694983787497856,0.004852,0.019614,160.3585335397,-55.29039037949,0.0301,0.2226,-7.03,0.233,3.256,0.189,19.191862,0.00369,1.583376,0.0372890288082594,0.998,1
Gaia EDR3 5353695052506763008,-0.022967,0.008922,160.30966705172,-55.30107549361,0.2283,0.2447,-6.42,0.254,3.077,0.209,19.357456,0.00386,1.526974,0.042516549968262825,0.9938,1
Gaia EDR3 5353694915068051328,0.012682,0.018314,160.37228596573,-55.29168832148,-0.1517,0.2173,-6.848,0.235,3.427,0.186,19.065235,0.003748,1.471949,0.054948608871402085,0.9979,1
Gaia EDR3 5353695361744661120,-0.003499,0.033706,160.34386920316,-55.27629794359,0.2065,0.4195,-7.04,0.46,3.192,0.334,19.919748,0.005116,1.512657,0.11121390037167063,0.9964,1
Gaia EDR3 5353694949427658496,0.000688,0.007817,160.35122174529,-55.30218766656,-0.1225,0.1532,-6.446,0.161,3.33,0.132,18.687824,0.003305,1.65959,0.0337864742300088,0.9975,1
Gaia EDR3 5353694983787480960,0.002821,0.018326,160.35496777433,-55.29167827141,-0.2046,0.4764,-6.819,0.571,3.315,0.419,20.181221,0.005909,1.462956,0.12040108548253967,0.9987,1
Gaia EDR3 5353694983787503616,-0.001614,0.025943,160.34717950137,-55.28406161475,-0.1788,0.4339,-6.669,0.495,3.463,0.357,20.094864,0.005459,1.740795,0.08861542727215464,0.9983,1
Gaia EDR3 5353694983787444480,0.004479,0.012113,160.35788093463,-55.29789058022,0.4778,0.3732,-6.77,0.399,3.41,0.32,19.800058,0.004707,,,0.9984,1
Gaia EDR3 5353695327388075648,0.018743,0.041517,160.38291018586,-55.26848324025,-0.0366,0.6141,-6.911,0.635,3.025,0.522,20.361694,0.006605,1.656513,0.1595138434378437,0.9906,1
Gaia EDR3 5353694949427639040,-0.009854,0.013689,160.33270519008,-55.2963142088,0.356,0.2549,-6.497,0.257,3.047,0.203,19.352438,0.00385,1.505858,0.05262623934764425,0.9974,1
Gaia EDR3 5353694983787522432,0.004696,0.02388,160.35825920859,-55.28612358974,-0.1996,0.2548,-6.724,0.267,3.456,0.215,19.433155,0.003799,1.533142,0.04787649612226101,0.9985,1
Gaia EDR3 5353695361744670208,0.000488,0.031653,160.35086995306,-55.27835132895,0.258,0.3595,-6.912,0.377,2.981,0.308,19.781242,0.004836,1.727556,0.07752935574027804,0.9952,1
Gaia EDR3 5353695430467307136,0.021577,0.042099,160.38788394732,-55.26789920774,0.0116,0.6987,-6.382,0.801,3.088,0.632,20.537691,0.007745,1.62092,0.12800468629081382,0.9934,1
Gaia EDR3 5353695052506822912,-0.015748,0.013015,160.32235190282,-55.29698657941,0.0538,0.434,-6.316,0.506,3.277,0.357,20.03995,0.005079,1.389402,0.06841328122943346,0.9953,1
Gaia EDR3 5353695327405922176,0.022506,0.035957,160.38952158116,-55.2740413114,0.1311,0.0804,-6.357,0.092,3.47,0.074,17.676552,0.002926,1.49629,0.010838692622702295,0.9902,1
Gaia EDR3 5353695361744732032,0.005214,0.037689,160.35916435589,-55.27231484033,-0.2021,0.405,-6.496,0.451,3.234,0.322,19.9326,0.005359,1.609036,0.0840473049416523,0.9972,1
Gaia EDR3 5353694983787489536,0.001311,0.021225,160.35231441144,-55.28877872459,-0.1951,0.1638,-6.79,0.164,3.079,0.144,18.541378,0.003375,,,0.9981,1
Gaia EDR3 5353694846348383360,-0.011099,0.007352,160.33051416025,-55.30265073433,0.1568,0.276,-6.333,0.29,3.441,0.233,19.5493,0.004134,1.445377,0.06856993313530493,0.9945,1
Gaia EDR3 5353694915068034816,0.016297,0.01169,160.3786380871,-55.2983108263,0.4927,0.1725,-6.677,0.187,3.097,0.153,18.976822,0.003496,1.587255,0.03346154453092999,0.9959,1
Gaia EDR3 5353694846348317952,-0.006507,-0.008229,160.33857796046,-55.31823254644,0.2371,0.3063,-6.417,0.317,2.994,0.251,19.631376,0.004327,1.567717,0.08857318610138547,0.994,1
Gaia EDR3 5353695361744703360,0.009002,0.029277,160.36581714274,-55.28072582396,-0.2156,0.3386,-6.771,0.349,3.058,0.279,19.761312,0.004782,1.48914,0.06197098395896,0.9974,1
Gaia EDR3 5353694983787506560,0.006232,0.019362,160.36095782884,-55.29064166066,-0.2506,0.2816,-6.77,0.294,3.089,0.235,19.601398,0.004058,1.543501,0.0628864910935936,0.9981,1
Gaia EDR3 5353694880710287488,0.005229,-0.00553,160.35920217993,-55.31553437967,-0.0453,0.2103,-6.414,0.218,2.974,0.19,19.051886,0.003585,1.723169,0.03642748486991508,0.9927,1
Gaia EDR3 5353695396104482176,0.00037,0.044868,160.35066145907,-55.26513640011,0.5801,0.211,-6.779,0.228,3.211,0.187,18.985962,0.003587,1.571184,0.04536933391797988,0.9959,1
Gaia EDR3 5353695327405919360,0.018346,0.037072,160.38221818746,-55.27292765383,0.2886,0.017,-6.361,0.018,3.549,0.016,14.451777,0.003221,1.601593,0.008177492128585071,0.9902,1
Gaia EDR3 5353695052509957376,-0.017669,0.001789,160.31896957178,-55.30821162203,0.1067,0.6345,-7.154,0.699,3.294,0.587,20.48156,0.006679,1.60533,0.11260940622220278,0.9933,1
Gaia EDR3 5353694949427648768,-0.003519,0.009633,160.34383041818,-55.30037125557,0.1357,0.2732,-6.587,0.287,3.728,0.233,19.541626,0.004007,1.699551,0.06407702878599436,0.9949,1
Gaia EDR3 5353694949427694080,-0.006032,0.019451,160.33941922435,-55.29055282125,0.1342,0.1497,-6.475,0.157,3.687,0.129,18.68372,0.003333,1.486265,0.023802521171686047,0.995,1
Gaia EDR3 5353695052506745216,-0.020374,0.003496,160.31421835245,-55.30650342311,0.6017,0.2282,-6.767,0.236,3.292,0.19,19.276335,0.003663,1.633076,0.0489468818300945,0.9958,1
Gaia EDR3 5353695361765644160,0.005893,0.036569,160.36035806244,-55.27343431679,0.2921,0.1855,-6.294,0.196,3.084,0.15,17.562565,0.003074,1.495142,0.01321052939744426,0.9962,1
Gaia EDR3 5353695293025183104,0.01328,0.018922,160.37333535183,-55.29108002913,0.4824,0.3671,-6.863,0.414,3.556,0.313,19.967129,0.005218,1.646286,0.1258548113314367,0.9974,1
Gaia EDR3 5353694983789513984,-0.003014,0.030074,160.34472109797,-55.27992968801,0.2538,0.4671,-6.301,0.487,3.517,0.418,20.235332,0.005731,1.733286,0.13483917524802427,0.9944,1
Gaia EDR3 5353694949427661952,-0.000646,0.00929,160.34887822712,-55.30071414948,0.4086,0.4256,-6.32,0.465,3.146,0.359,20.010395,0.005446,1.531281,0.07721124525881864,0.9974,1
Gaia EDR3 5353695327385054720,0.022919,0.033313,160.39024827778,-55.27668463181,-0.3309,0.2384,-6.642,0.252,3.165,0.205,19.262684,0.003741,1.570604,0.041544467750168665,0.9955,1
Gaia EDR3 5353694979487913344,0.006825,0.018803,160.36199813598,-55.29120094234,-0.1137,0.1486,-6.456,0.16,3.62,0.129,18.630922,0.003581,1.555695,0.024751809280582827,0.9957,1
Gaia EDR3 5353694777631069696,0.00294,-0.01084,160.35517891724,-55.32084428717,0.4951,0.3991,-6.85,0.399,3.572,0.329,19.9216,0.005111,1.560942,0.11001111697469988,0.9922,1
Gaia EDR3 5353695357449535104,0.002735,0.031482,160.35481508364,-55.27852215386,-0.0464,0.255,-7.135,0.268,3.418,0.219,19.039194,0.003809,1.557188,0.030707259901116692,0.9977,1
Gaia EDR3 5353694983808493824,0.0017,0.021101,160.35299763071,-55.28890350113,0.1364,0.0676,-6.873,0.072,3.743,0.062,16.631187,0.003034,1.942079,0.018089984297820733,0.9975,1
Gaia EDR3 5353694983808499840,0.001877,0.024886,160.35330819808,-55.28511869063,0.5204,0.2384,-6.379,0.249,3.296,0.2,19.35193,0.003816,1.631983,0.052781601008987024,0.9979,1
Gaia EDR3 5353694983787527808,-0.001545,0.030482,160.34730010278,-55.27952261511,-0.083,0.5889,-6.569,0.85,2.846,0.913,19.940245,0.00757,,,0.9953,1
Gaia EDR3 5353694880712709888,0.0133,-0.002769,160.3733824721,-55.31277124926,0.3877,0.9525,-7.03,0.979,3.556,0.928,20.333345,0.011359,1.87067,0.25800419068212627,0.9905,1
Gaia EDR3 5353694915067991296,0.009226,0.011111,160.36621895966,-55.29889249527,-0.2199,0.4767,-6.425,0.58,3.509,0.402,20.05273,0.008939,1.465504,0.14066829169561323,0.9954,1
Gaia EDR3 5353694812009740544,-0.015055,-0.004457,160.32355698029,-55.31445871705,0.2248,0.0765,-6.263,0.091,3.012,0.07,17.541933,0.002885,1.194986,0.009173722376549715,0.9922,1
Gaia EDR3 5353695327385020288,0.013838,0.035266,160.37430434889,-55.27473600572,0.2151,0.4691,-6.331,0.565,2.902,0.421,20.177097,0.005996,1.587501,0.10017203434043007,0.995,1
Gaia EDR3 5353694571472660736,0.028321,0.019987,160.39974848945,-55.29000667601,-0.3727,0.2829,-6.652,0.306,3.129,0.255,19.594927,0.008157,1.552713,0.08121841128145021,0.9937,1
Gaia EDR3 5353694983787507840,0.001193,0.023836,160.35210798977,-55.28616814912,0.4274,0.364,-6.404,0.362,3.634,0.345,19.674704,0.005337,,,0.9954,1
Gaia EDR3 5353695293025191424,0.01283,0.020746,160.37254337197,-55.28925588379,-0.1439,0.208,-6.352,0.222,2.961,0.173,19.143284,0.003742,1.543221,0.038501800681908664,0.9967,1
Gaia EDR3 5353694983787453696,-0.001533,0.018526,160.34732017786,-55.2914779966,-0.1878,0.3623,-7.131,0.381,3.212,0.296,19.818546,0.004821,1.648769,0.09268899631116026,0.997,1
Gaia EDR3 5353695361744739200,0.006855,0.037822,160.36204602861,-55.27218154235,0.064,0.3987,-7.232,0.419,3.376,0.31,19.919466,0.005224,1.562025,0.08570798598070219,0.9959,1
Gaia EDR3 5353694915067975040,0.006458,0.011392,160.36135563978,-55.29861156462,0.4538,0.259,-6.96,0.275,3.646,0.221,19.448677,0.003996,1.499962,0.06348505872893717,0.9975,1
Gaia EDR3 5353694983787464064,0.000812,0.018119,160.35143924757,-55.29188557642,0.6592,0.1566,-6.536,0.17,3.186,0.136,18.73709,0.003237,1.583279,0.02688990890579943,0.9985,1
Gaia EDR3 5353694949427643904,-0.006776,0.011725,160.33810980395,-55.29827828226,0.0177,0.2443,-6.396,0.255,2.824,0.207,19.333847,0.004019,1.701193,0.04788064749246011,0.9957,1
Gaia EDR3 5353694949448739712,-0.000686,0.01356,160.3488081137,-55.29644417532,0.4058,0.0586,-6.32,0.064,3.594,0.053,17.019728,0.002835,1.354336,0.010637002199570164,0.9943,1
Gaia EDR3 5353694983787518336,-0.002182,0.029224,160.34618229383,-55.28078021584,0.2713,0.3805,-7.22,0.395,3.477,0.315,19.82098,0.004646,1.627108,0.09976682107833426,0.9975,1
Gaia EDR3 5353695293025177088,0.009404,0.021882,160.3665264484,-55.28812083646,0.6662,0.4992,-6.845,0.539,3.101,0.401,20.034294,0.006274,,,0.9977,1
Gaia EDR3 5353695357448697088,0.001317,0.04279,160.35232410177,-55.26721420547,0.1588,0.1586,-7.115,0.168,3.679,0.138,18.789953,0.003245,1.365297,0.029014956698276032,0.9948,1
Gaia EDR3 5353695361765629824,-0.000366,0.032007,160.34936954029,-55.27799724285,-0.0262,0.1379,-7.27,0.145,3.319,0.118,18.541044,0.003174,1.735127,0.026418245571532568,0.9961,1
Gaia EDR3 5353694846348354048,-0.005914,-0.002148,160.33962027446,-55.3121514776,-0.2558,0.3723,-7.163,0.432,3.39,0.329,19.87929,0.004675,1.737131,0.12356155074425854,0.9961,1
Gaia EDR3 5353695361765643264,0.008428,0.033667,160.36480803784,-55.27633651333,0.1759,0.3423,-6.132,0.347,2.988,0.276,19.678352,0.004775,1.6292,0.06614991888074147,0.9949,1
Gaia EDR3 5353695293025224960,0.012843,0.025542,160.37256379662,-55.28445979821,0.3946,0.1959,-6.098,0.21,3.223,0.167,19.100039,0.003671,1.589563,0.033511621924485736,0.9933,1
Gaia EDR3 5353694983808490496,-0.001791,0.021768,160.3468670091,-55.28823646115,-0.5063,0.4288,-6.706,0.476,3.478,0.346,19.959085,0.005406,,,0.9985,1
Gaia EDR3 5353695288725569408,0.016293,0.026535,160.3786216629,-55.28346579145,0.3539,0.0771,-7.343,0.086,3.431,0.069,17.653019,0.002915,1.267342,0.009497184647018306,0.9935,1
Gaia EDR3 5353694983787439744,-0.004882,0.019429,160.34143856734,-55.29057469602,-0.158,0.2714,-7.325,0.28,3.173,0.225,19.474554,0.004052,1.720491,0.05137704122536213,0.9918,1
Gaia EDR3 5353695185648727040,-0.010151,0.033077,160.33219169751,-55.2769261685,0.3319,0.2142,-7.187,0.22,3.756,0.191,19.063185,0.003591,1.689173,0.04368153024636868,0.9942,1
Gaia EDR3 5353695396108773632,0.003077,0.052685,160.35541194611,-55.25731932635,0.8312,1.0041,-6.884,1.433,3.28,1.077,20.708117,0.010973,1.31889,0.18696362256762722,0.9941,1
Gaia EDR3 5353695293025199872,0.020466,0.015277,160.3859590207,-55.29472209248,0.8305,0.2333,-6.518,0.246,3.432,0.209,19.193727,0.003645,1.654026,0.04332771944169321,0.9941,1
Gaia EDR3 5353694846351607680,-0.00304,-0.000542,160.34467058713,-55.31054576491,0.8042,0.303,-6.389,0.307,3.124,0.26,19.661678,0.004397,1.269909,0.09361278263535508,0.9964,1
Gaia EDR3 5353695361744703872,0.00381,0.033832,160.35670141022,-55.27617168394,0.7081,0.2508,-6.201,0.259,3.199,0.208,19.317953,0.004055,1.614933,0.0609335283352907,0.9956,1
Gaia EDR3 5353695293027160448,0.021012,0.013607,160.38691988494,-55.29639176021,-0.3703,0.3672,-7.033,0.398,3.737,0.335,19.879261,0.004899,1.735514,0.0614827671238498,0.9916,1
Gaia EDR3 5353694949427681792,-0.0038,0.015618,160.34333934543,-55.29438612935,-0.5534,0.6005,-6.716,0.696,3.641,0.483,20.227165,0.006527,,,0.9976,1
Gaia EDR3 5353694983787527552,-0.002421,0.03078,160.34576151929,-55.27922389596,-0.2919,0.2612,-7.273,0.274,3.608,0.216,19.46412,0.003997,1.633217,0.05101546686961635,0.997,1
