EDR3Name,_x,_y,RA_ICRS,DE_ICRS,Plx,e_Plx,pmRA,e_pmRA,pmDE,e_pmDE,Gmag,e_Gmag,BP-RP,e_BP-RP,probs_final,membs_select
Gaia EDR3 2033896262839818112,0.012644,-0.004399,297.77495429518,32.23560658436,0.0353,0.0832,-2.618,0.078,-4.106,0.093,17.74609,0.002943,2.195333,0.01265543603408707,0.9863,1
Gaia EDR3 2033896232818461696,-0.000213,-0.004413,297.75975490412,32.2355934411,0.1157,0.0502,-2.623,0.045,-4.129,0.054,16.831915,0.002829,2.19317,0.009258142439414368,0.9876,1
Gaia EDR3 2033899149057823616,-0.023493,-0.009634,297.73223405965,32.23036875637,0.112,0.1259,-2.576,0.115,-4.091,0.139,18.4977,0.00309,1.620491,0.02471579901448198,0.9801,1
Gaia EDR3 2033899286505766272,-0.007228,0.014622,297.75145925932,32.25462767398,0.1274,0.0886,-2.58,0.079,-4.107,0.1,17.920452,0.002965,2.103331,0.015449744765950704,0.9848,1
Gaia EDR3 2033899183418849792,-0.007641,0.00402,297.75097263735,32.24402592466,0.1089,0.1604,-2.548,0.145,-4.125,0.178,18.859858,0.003339,1.583605,0.03701206034067618,0.9872,1
Gaia EDR3 2033899187755984128,-0.013043,0.000999,297.74458596665,32.24100385245,0.0321,0.0635,-2.539,0.057,-4.084,0.072,17.339937,0.002874,2.171493,0.01171791101467048,0.9866,1
Gaia EDR3 2033899290810193152,-0.00029,0.016928,297.75966379793,32.25693400809,0.0183,0.1048,-2.607,0.093,-4.189,0.117,18.146055,0.003016,2.281265,0.022561720455446542,0.9841,1
Gaia EDR3 2033896335897672960,0.006918,0.005352,297.76818578494,32.24535790946,0.0796,0.0862,-2.539,0.077,-4.062,0.092,17.818687,0.002954,2.187057,0.01638172118559279,0.9872,1
Gaia EDR3 2033899187731077120,-0.014921,0.006901,297.7423642179,32.24690617488,-0.0555,0.1258,-2.596,0.113,-4.133,0.139,18.43254,0.003149,1.519396,0.04172226271415314,0.9856,1
Gaia EDR3 2033896232818476160,-0.009472,-0.00287,297.7488081543,32.23713520106,0.1238,0.0739,-2.516,0.066,-4.055,0.087,17.561802,0.002894,2.065899,0.012532812422270462,0.987,1
Gaia EDR3 2033896129739236096,-0.003759,-0.022146,297.75556336444,32.2178602344,0.067,0.0429,-2.652,0.039,-3.994,0.046,16.558142,0.002819,2.28807,0.007905065992037365,0.9774,1
Gaia EDR3 2033896159760563584,-0.005937,-0.018466,297.75298827553,32.2215399985,-0.001,0.1678,-2.702,0.153,-4.183,0.194,18.938429,0.003413,1.498287,0.029843147559650597,0.981,1
Gaia EDR3 2033896335897681920,0.001413,0.006291,297.76167743176,32.24629692417,0.0503,0.0482,-2.545,0.044,-3.991,0.051,16.730103,0.002829,2.285816,0.009685388820079644,0.9873,1
Gaia EDR3 2033896232793321088,-0.000384,-0.007826,297.75955205468,32.23217994582,-0.0713,0.2306,-2.658,0.202,-4.087,0.258,19.06202,0.004197,,,0.9865,1
Gaia EDR3 2033896335872662016,-0.004996,0.003094,297.75409965797,32.24309949939,0.1983,0.1858,-2.627,0.169,-4.033,0.206,19.037874,0.003543,1.696766,0.04659895871385532,0.9873,1
Gaia EDR3 2033896232818470400,-0.007367,-0.005332,297.75129739107,32.23467330355,0.0622,0.0217,-2.489,0.02,-4.224,0.024,15.10525,0.002822,2.716073,0.005767155473546559,0.9847,1
Gaia EDR3 2033896335872602368,0.000142,0.002611,297.76017493652,32.24261684892,-0.0071,0.1309,-2.691,0.12,-4.242,0.149,17.500954,0.003151,1.947969,0.013042994965821161,0.9874,1
Gaia EDR3 2033899359533837184,-0.012555,0.03254,297.74515713564,32.2725448092,-0.0084,0.5579,-2.628,0.51,-3.959,0.599,20.300058,0.005934,1.698135,0.08097861904794541,0.9665,1
Gaia EDR3 2033896228480082304,-0.01005,-0.004212,297.74812566766,32.23579349963,0.2075,0.094,-2.689,0.082,-4.183,0.109,17.98835,0.003012,2.114244,0.01560566790186604,0.9864,1
Gaia EDR3 2033896335872623744,-0.002983,0.000728,297.75648014486,32.24073368835,0.1608,0.1315,-2.728,0.12,-4.216,0.152,18.489948,0.003168,1.585709,0.030541319053714953,0.9868,1
Gaia EDR3 2033899290810204416,-0.000951,0.017581,297.75888227061,32.2575874831,0.0151,0.2895,-2.515,0.253,-4.271,0.327,19.636784,0.004222,1.475145,0.15353530554942274,0.9808,1
Gaia EDR3 2033896331561251200,-0.000465,0.000515,297.75945700336,32.2405210514,-0.0023,0.0605,-2.449,0.054,-4.038,0.068,17.17031,0.002856,2.052578,0.01238048367730379,0.9866,1
Gaia EDR3 2033896232793426688,-0.005227,-0.001217,297.75382660538,32.23878848054,0.2244,0.2282,-2.509,0.199,-4.078,0.246,19.390577,0.003945,1.791439,0.05803616774019957,0.9874,1
Gaia EDR3 2033896335872598144,0.003594,0.007848,297.76425604037,32.24785436483,0.1376,0.1505,-2.618,0.135,-3.936,0.171,18.760853,0.003338,1.669155,0.03325544004128961,0.9856,1
Gaia EDR3 2033896335872618112,0.000471,0.005886,297.76056330924,32.24589237073,0.06,0.0811,-2.404,0.074,-4.082,0.087,17.727417,0.002906,2.138714,0.01984459420205553,0.9843,1
Gaia EDR3 2033896335897676672,0.000387,-0.00272,297.76046381578,32.23728585833,0.0809,0.1363,-2.624,0.121,-4.322,0.16,18.172997,0.003415,1.916435,0.050753100361246126,0.9866,1
Gaia EDR3 2033896267153014272,0.005671,-0.003746,297.76671153369,32.23625974514,0.2335,0.1251,-2.718,0.115,-4.187,0.146,18.46051,0.003096,1.6157,0.02300320472878269,0.9864,1
Gaia EDR3 2033899290835198080,-0.008939,0.007068,297.74943683544,32.24707393728,-0.1026,0.0889,-2.627,0.082,-3.978,0.099,17.897434,0.002964,2.143698,0.014664943455045742,0.9858,1
Gaia EDR3 2033896232793404416,-0.005193,-0.003849,297.75386690785,32.23615695297,0.2042,0.5213,-2.509,0.496,-4.248,0.572,20.16412,0.007803,,,0.9853,1
Gaia EDR3 2033896262841084032,0.014122,-0.011253,297.77670107813,32.2287517721,0.1382,0.0703,-2.584,0.064,-4.321,0.077,17.539589,0.002898,1.820835,0.012926527042217422,0.9823,1
Gaia EDR3 2033896297199600000,0.021537,0.00909,297.78547151962,32.24909373652,0.071,0.1006,-2.397,0.094,-4.055,0.116,18.120222,0.003023,2.305071,0.02363910233952116,0.9663,1
Gaia EDR3 2033896301537912192,0.021742,0.00025,297.78571235449,32.24025310276,0.2894,0.0847,-2.579,0.075,-4.142,0.098,17.509237,0.00309,,,0.9835,1
Gaia EDR3 2033899222090926720,-0.028877,0.001481,297.72586557568,32.24148285974,0.1281,0.2218,-2.391,0.19,-4.159,0.308,19.015274,0.003772,,,0.9671,1
Gaia EDR3 2033896129714061696,-0.005012,-0.022843,297.75408287326,32.21716256983,0.1914,0.3665,-2.548,0.329,-3.933,0.394,19.862999,0.004864,1.835781,0.06735974382128725,0.9775,1
Gaia EDR3 2033896335872654592,-0.002266,0.006784,297.75732685403,32.24679044249,-0.0206,0.1378,-2.713,0.123,-3.917,0.153,18.580383,0.003235,1.559488,0.022450753603927877,0.9824,1
Gaia EDR3 2033896335897688192,-0.003402,0.004006,297.75598450709,32.24401238746,0.292,0.3627,-2.631,0.324,-4.211,0.389,19.876585,0.005111,1.655506,0.08780296848792826,0.9875,1
Gaia EDR3 2033896091041110272,0.028961,-0.010656,297.79424229028,32.22934555052,-0.0013,0.1387,-2.379,0.132,-4.029,0.165,18.664454,0.003212,1.910734,0.03018680633641561,0.9614,1
Gaia EDR3 2033899325169939840,0.000591,0.019841,297.76070496517,32.2598474661,0.1115,0.3422,-2.712,0.304,-3.887,0.371,19.868998,0.004629,2.037723,0.0803986836772665,0.975,1
Gaia EDR3 2033896061019736704,0.019821,-0.015129,297.78343637449,32.2248746114,0.1505,0.0575,-2.654,0.052,-4.353,0.062,17.129322,0.002857,2.269098,0.014371480564836722,0.9786,1
Gaia EDR3 2033896232797593600,-0.005877,-0.001308,297.75305790132,32.23869752966,0.3207,0.6218,-2.608,0.528,-4.09,0.657,20.444475,0.007276,2.008556,0.07249240510000765,0.9878,1
Gaia EDR3 2033896267155036160,0.01394,-0.009705,297.7764863234,32.23029959696,0.2795,0.3949,-2.536,0.365,-4.246,0.437,20.071749,0.005167,1.675817,0.10893798713894008,0.9832,1
Gaia EDR3 2033896335872585856,0.001801,0.002782,297.76213534426,32.24278776381,0.3099,0.1457,-2.508,0.131,-4.153,0.162,18.656021,0.003211,1.529297,0.05748072323357404,0.987,1
Gaia EDR3 2033899286498070528,-0.008092,0.018998,297.75043747489,32.25900324882,0.2843,0.1445,-2.736,0.124,-4.023,0.168,18.67099,0.003748,1.661734,0.02414073000520018,0.9783,1
Gaia EDR3 2033896056681357824,0.017445,-0.016669,297.78062747713,32.22333579645,-0.01,0.1011,-2.533,0.09,-3.864,0.112,18.07285,0.00298,2.214476,0.02095143339052603,0.9781,1
Gaia EDR3 2033896335872651392,-0.000132,0.01028,297.75985101418,32.25028598467,0.145,0.0992,-2.538,0.09,-3.86,0.11,18.098763,0.002991,1.294369,0.021731563835577148,0.985,1
Gaia EDR3 2033896335897687552,-0.003158,0.002439,297.75627270639,32.24244487192,0.1104,0.0671,-2.879,0.061,-4.179,0.073,17.157604,0.002911,2.245979,0.009927191036986914,0.9796,1
Gaia EDR3 2033896335872500608,0.005475,-0.002413,297.76647908365,32.23759320658,0.1819,0.3268,-2.403,0.285,-4.276,0.369,19.819843,0.004711,1.469902,0.07162452066339176,0.9796,1
Gaia EDR3 2033899290810271360,-0.005112,0.020813,297.75396131824,32.26081881281,0.1423,0.2381,-2.685,0.207,-3.848,0.255,19.335125,0.003759,1.776365,0.03940673821608088,0.9742,1
Gaia EDR3 2033896335872547840,0.003137,-0.000199,297.76371572531,32.23980702893,0.1179,0.2296,-2.658,0.202,-3.832,0.259,19.341166,0.003848,1.560972,0.04155897904800703,0.9828,1
Gaia EDR3 2033896335872601088,0.000846,0.003695,297.76100651084,32.24370154174,-0.1442,0.1585,-2.786,0.145,-4.226,0.176,18.802917,0.003342,1.518829,0.04826303366552052,0.9853,1
Gaia EDR3 2033899290810273792,-0.011076,0.010479,297.74691011288,32.25048472185,0.0334,0.1945,-2.489,0.171,-3.84,0.225,19.126846,0.003527,1.49786,0.0339598497866881,0.9837,1
Gaia EDR3 2033896267152897920,0.01698,-0.004962,297.78008114186,32.23504200555,-0.1319,0.4242,-2.662,0.407,-4.349,0.449,19.826366,0.006255,1.838398,0.0724174961413194,0.984,1
Gaia EDR3 2033896198433707392,-0.018428,-0.021359,297.73822470158,32.21864487045,0.329,0.1947,-2.769,0.176,-4.11,0.205,19.133718,0.003533,1.611042,0.04756362593540828,0.9587,1
Gaia EDR3 2033899290810217216,-0.006334,0.010009,297.75251742692,32.25001478465,0.1859,0.2134,-2.326,0.188,-4.186,0.235,19.167957,0.003601,1.433008,0.049822715608656594,0.9739,1
Gaia EDR3 2033899290810217344,-0.00633,0.009569,297.75252241441,32.24957449739,-0.2177,0.3131,-2.686,0.297,-4.239,0.317,19.664124,0.004859,,,0.9859,1
Gaia EDR3 2033899393889554048,-0.005693,0.032973,297.75327294454,32.27297869424,0.101,0.1197,-2.73,0.108,-4.407,0.132,18.372192,0.003117,2.53223,0.02757490077436432,0.9627,1
Gaia EDR3 2033899359529846912,-0.016683,0.018633,297.74027865638,32.25863705216,0.2762,0.3343,-2.705,0.284,-4.331,0.369,19.848398,0.00545,1.738262,0.31099237703007104,0.9786,1
Gaia EDR3 2033896164073802624,0.000697,-0.011924,297.76083057919,32.22808209438,0.0594,0.2507,-2.608,0.227,-3.798,0.277,19.491201,0.003817,1.501745,0.05750490342543403,0.9813,1
Gaia EDR3 2033896370257426176,0.004611,0.017966,297.76545903779,32.25797175232,0.0501,0.082,-2.288,0.074,-4.096,0.091,17.799267,0.002909,2.409842,0.016008271300063753,0.9676,1
Gaia EDR3 2033896267152963840,0.00788,-0.008499,297.76932230111,32.23150648573,-0.1508,0.208,-2.684,0.189,-3.887,0.231,19.18262,0.00361,1.586439,0.04610361825680776,0.9814,1
Gaia EDR3 2033899290835393536,-0.009759,0.008869,297.74846755591,32.24887450169,-0.0704,0.3479,-2.721,0.311,-4.395,0.386,19.83397,0.004377,2.042952,0.07362626065324926,0.984,1
Gaia EDR3 2033899187731130496,-0.02067,0.006924,297.73556747532,32.24692744075,0.1399,0.1588,-2.298,0.145,-4.038,0.174,18.82922,0.003337,1.581194,0.034041550201057154,0.9723,1
Gaia EDR3 2033896232793482496,-0.010936,-0.001604,297.74707793667,32.23840111395,0.3565,0.3157,-2.721,0.279,-4.014,0.355,19.78506,0.004566,1.788313,0.06725408248204823,0.9842,1
Gaia EDR3 2033896198435600384,-0.02285,-0.020603,297.73299735193,32.21940005407,0.2532,0.351,-2.471,0.312,-3.868,0.353,19.825989,0.004759,1.357862,0.09186590724817251,0.9504,1
Gaia EDR3 2033896262841085312,0.007299,-0.007582,297.76863552694,32.23242343815,0.3217,0.1,-2.728,0.094,-3.927,0.116,18.04898,0.003,1.559992,0.021428310642494307,0.9807,1
Gaia EDR3 2033896232797571840,-0.008192,-0.013166,297.75032319007,32.22684009602,-0.0172,0.5459,-2.48,0.474,-3.801,0.6,20.266752,0.005671,1.901215,0.11976063696893355,0.9829,1
Gaia EDR3 2033899290810221440,-0.008059,0.007235,297.75047783999,32.24724069988,-0.044,0.1844,-2.7,0.167,-3.792,0.197,19.01817,0.003419,1.450195,0.046481271638963505,0.9772,1
Gaia EDR3 2033896232793388288,-0.004843,-0.005884,297.75428055689,32.23412241995,-0.2769,0.2463,-2.527,0.19,-4.049,0.305,19.21124,0.00385,,,0.9872,1
Gaia EDR3 2033899325169949440,0.002609,0.024976,297.76309159773,32.26498170476,0.1763,0.3466,-2.739,0.3,-3.804,0.372,19.965118,0.004722,1.758352,0.07908656829972883,0.9612,1
Gaia EDR3 2033899290810201600,-0.007722,0.004836,297.75087594327,32.24484190696,-0.0659,0.1226,-2.513,0.11,-3.796,0.14,18.473057,0.003091,1.684351,0.02336178038547074,0.9849,1
Gaia EDR3 2033896331561250816,-0.001618,0.004855,297.75809405978,32.24486124513,-0.0023,0.0937,-2.742,0.086,-3.786,0.103,17.861534,0.003308,1.92593,0.039823592488363174,0.9744,1
Gaia EDR3 2033896164098970240,0.00169,-0.019137,297.76200375321,32.22086883422,0.1069,0.0484,-2.267,0.044,-4.236,0.053,16.797258,0.002828,2.182079,0.008592651102282502,0.9525,1
Gaia EDR3 2033896335872591744,0.001031,0.002493,297.76122596161,32.24249897702,-0.1117,0.1146,-2.642,0.102,-4.435,0.132,18.319067,0.003093,1.603716,0.027404135336223562,0.985,1
Gaia EDR3 2033899320856612992,-0.000451,0.022129,297.75947354401,32.26213518521,0.1369,0.0924,-2.542,0.081,-3.764,0.103,17.91847,0.003747,1.519032,0.022002799294230456,0.9764,1
Gaia EDR3 2033896232793408128,-0.009593,-0.011443,297.7486666991,32.22856294794,0.2493,0.165,-2.404,0.15,-3.873,0.184,18.879538,0.003437,1.250568,0.037726065449449744,0.9832,1
Gaia EDR3 2033896232818460160,-0.002783,-0.010699,297.75671619539,32.229307415,0.067,0.035,-2.976,0.033,-4.066,0.04,16.179176,0.00281,2.137962,0.010572906554980475,0.9566,1
Gaia EDR3 2033899183418412032,-0.01444,0.005145,297.74293359847,32.24514977656,0.063,0.2852,-2.371,0.248,-3.831,0.312,19.68958,0.004141,1.497599,0.06354514688945953,0.9823,1
Gaia EDR3 2033896335897684480,-0.00341,0.000647,297.75597508663,32.24065299695,0.3067,0.3385,-2.349,0.292,-4.229,0.396,19.868767,0.004676,,,0.9773,1
Gaia EDR3 2033896164073838592,-0.002394,-0.012437,297.75717654212,32.22756909677,0.142,0.1608,-2.244,0.15,-4.146,0.186,18.765959,0.003301,1.609468,0.03734563680949948,0.9638,1
Gaia EDR3 2033899290810206080,-0.006108,0.008735,297.75278466097,32.24874076132,0.0272,0.3375,-2.781,0.309,-4.451,0.37,19.89719,0.004903,1.477213,0.1235898955211035,0.9833,1
Gaia EDR3 2033896164073712000,0.002037,-0.026355,297.7624140827,32.2136510977,-0.1411,0.2123,-2.314,0.188,-3.979,0.222,19.247965,0.003805,1.494383,0.03979745142210622,0.9589,1
Gaia EDR3 2033896335872547328,0.000872,-0.004383,297.7610369862,32.23562331273,-0.2779,0.2295,-2.726,0.201,-3.976,0.249,19.310047,0.003851,1.525782,0.051346511862929406,0.9837,1
Gaia EDR3 2033896335872533504,0.004642,0.000828,297.76549513006,32.24083408704,0.1235,0.3258,-2.42,0.285,-4.45,0.351,19.858622,0.004678,1.545387,0.07783848859190415,0.9723,1
Gaia EDR3 2033896164075833472,0.00171,-0.015167,297.7620275258,32.22483891064,-0.2786,0.3439,-2.812,0.317,-4.032,0.388,19.828382,0.004784,1.218384,0.15758846181698877,0.9754,1
Gaia EDR3 2033896232793449088,-0.007082,-0.000521,297.75163353252,32.23948524924,-0.053,0.1417,-2.823,0.129,-3.79,0.16,18.700619,0.003268,1.547338,0.032763747096796886,0.9641,1
Gaia EDR3 2033896335897688832,-0.004682,0.002227,297.75447068142,32.24223333862,0.1002,0.1011,-2.986,0.091,-4.286,0.115,18.01599,0.003029,2.093279,0.017980549581563983,0.9708,1
Gaia EDR3 2033896267152976512,0.009152,-0.00369,297.77082631928,32.23631567967,-0.2547,0.1527,-2.727,0.14,-4.363,0.175,18.697674,0.003379,1.556683,0.023448455846540997,0.9855,1
Gaia EDR3 2033896335872587008,0.000853,0.001216,297.76101499448,32.24122232583,0.0915,0.1993,-2.704,0.174,-4.526,0.242,18.95287,0.003488,,,0.9836,1
Gaia EDR3 2033896301514780288,0.019263,0.00769,297.78278336691,32.24769377858,0.4359,0.526,-2.802,0.465,-4.196,0.578,20.600863,0.018064,,,0.977,1
Gaia EDR3 2033899256475481600,-0.023826,0.010076,297.73183439877,32.25007878209,0.1085,0.0607,-2.946,0.056,-4.377,0.064,17.219221,0.002862,2.11585,0.015437825011944961,0.9627,1
Gaia EDR3 2033896335872508416,0.009086,0.004947,297.77074916114,32.24495279276,-0.3254,0.3318,-2.552,0.293,-3.941,0.343,19.842657,0.004725,1.829845,0.0675290677169353,0.9864,1
Gaia EDR3 2033896335872521088,0.005443,-0.000257,297.76644120003,32.23974856532,-0.3303,0.4311,-2.599,0.346,-4.292,0.554,19.967234,0.005195,,,0.9867,1
Gaia EDR3 2033896198433718912,-0.01787,-0.018713,297.73888349964,32.22129114121,-0.287,0.2873,-2.348,0.259,-4.111,0.306,19.707123,0.00443,1.762007,0.09426151893341893,0.9651,1
Gaia EDR3 2033896335876828416,0.001542,0.008631,297.76182990416,32.24863656517,0.3181,0.4839,-2.963,0.408,-4.141,0.535,20.182684,0.005418,1.827125,0.12116998325529,0.966,1
Gaia EDR3 2033899290810200192,-0.003691,0.011933,297.75564172357,32.25193901785,-0.239,0.3257,-2.394,0.281,-4.352,0.351,19.862757,0.004425,1.560185,0.10598947583483934,0.972,1
Gaia EDR3 2033896335872570624,0.004033,0.00396,297.76477454777,32.24396600249,-0.2118,0.214,-2.335,0.184,-4.324,0.222,19.190859,0.003705,1.691406,0.040568118824434125,0.9701,1
Gaia EDR3 2033896232793347584,-0.000981,-0.004853,297.75884678408,32.23515291174,0.0634,0.1603,-2.493,0.142,-4.544,0.174,18.888693,0.003462,1.614178,0.0937263860191702,0.9722,1
Gaia EDR3 2033896164073818240,0.001194,-0.009076,297.76141772648,32.23093045438,-0.3148,0.497,-2.835,0.428,-4.039,0.554,20.118576,0.005673,,,0.9772,1
Gaia EDR3 2033896335872675712,-0.002768,0.009298,297.75673370451,32.24930448302,-0.2405,0.3962,-2.284,0.348,-4.055,0.45,20.085783,0.005259,1.51815,0.07993032714734344,0.9753,1
Gaia EDR3 2033896060994429568,0.01791,-0.010317,297.78117936078,32.22968684524,-0.2124,0.3996,-2.331,0.399,-3.892,0.376,19.64983,0.004693,1.671909,0.1047985491022412,0.977,1
Gaia EDR3 2033899286496872960,-0.007099,0.022075,297.75161200536,32.26208047729,0.4888,0.2308,-2.769,0.201,-4.073,0.262,19.390467,0.003948,1.626446,0.053350518607309674,0.9759,1
Gaia EDR3 2033896335872566016,0.005933,0.007436,297.76702164221,32.24744180162,-0.0664,0.5065,-2.783,0.38,-4.53,1.591,19.417454,0.007205,,,0.9826,1
Gaia EDR3 2033896164098973056,0.000484,-0.014877,297.7605784304,32.22512910063,0.2499,0.2795,-2.726,0.241,-4.534,0.365,19.434893,0.004132,,,0.9778,1
Gaia EDR3 2033896335872637696,-0.002367,0.003437,297.75720760748,32.24344352337,0.4604,0.2311,-2.675,0.201,-4.368,0.256,19.283426,0.00389,,,0.9863,1
Gaia EDR3 2033899290839831552,-0.012694,0.01879,297.74499607534,32.25879510256,-0.2343,0.1726,-2.4,0.147,-3.808,0.195,18.903152,0.003395,1.64086,0.031038340600409067,0.9773,1
Gaia EDR3 2033896335897688448,0.000196,0.010709,297.7602384794,32.25071507888,0.2076,0.2285,-2.329,0.208,-4.475,0.258,19.292513,0.003644,,,0.9521,1
Gaia EDR3 2033896198433787520,-0.022271,-0.015501,297.73368089073,32.22450205453,-0.0472,0.1061,-2.64,0.099,-4.58,0.13,18.152267,0.005934,2.20104,0.0372499582649931,0.9575,1
Gaia EDR3 2033896267152988416,0.004552,-0.009639,297.76538748665,32.23036743613,-0.2687,0.3348,-2.383,0.299,-3.856,0.365,19.87224,0.004714,1.650782,0.06981201910926169,0.9832,1
Gaia EDR3 2033896228481347328,-0.001508,-0.003358,297.75822399922,32.23664771509,-0.2009,0.1671,-2.838,0.15,-3.79,0.181,18.693735,0.003238,1.875093,0.03749446098585742,0.9618,1
Gaia EDR3 2033899187755998208,-0.021017,0.006254,297.73515629534,32.24625715458,0.0113,0.1069,-2.189,0.097,-3.892,0.117,18.287184,0.003063,1.571737,0.01797261487487501,0.9615,1
Gaia EDR3 2033896164073739904,0.003244,-0.01854,297.76384102579,32.22146584656,0.0511,0.2317,-2.643,0.21,-4.596,0.253,19.316057,0.003741,1.536121,0.03780077902140558,0.9682,1
Gaia EDR3 2033896060994401664,0.018151,-0.01599,297.78146230803,32.22401378018,-0.0658,0.2683,-2.778,0.239,-4.549,0.285,19.593409,0.004026,1.594782,0.06545296135924315,0.973,1
Gaia EDR3 2033896331559293952,0.003903,-0.004389,297.76462111618,32.23561651857,0.4111,0.1555,-2.936,0.141,-4.042,0.17,18.77988,0.003364,1.917833,0.032952463746983796,0.9656,1
Gaia EDR3 2033896267157319168,0.014,-0.008364,297.77655647767,32.23164070974,0.4787,0.466,-2.43,0.434,-3.93,0.51,20.164577,0.005469,1.462111,0.4484836421185841,0.9833,1
Gaia EDR3 2033899355216353536,-0.010212,0.023399,297.74793041849,32.26340419605,0.3685,0.0954,-2.501,0.084,-3.746,0.104,18.049925,0.003003,1.579283,0.01564298345286189,0.9741,1
Gaia EDR3 2033896335872609664,-0.001015,0.002176,297.75880669718,32.24218204562,0.1859,0.3114,-2.609,0.258,-3.629,0.379,19.420248,0.006676,,,0.9756,1
Gaia EDR3 2033896267178188544,0.006393,-0.004495,297.76756506204,32.2355110571,0.3459,0.1791,-2.325,0.333,-4.43,0.134,17.3434,0.003938,,,0.9582,1
Gaia EDR3 2033896331560567552,0.004717,0.00656,297.7655843296,32.24656561201,0.3383,0.2055,-3.032,0.178,-4.23,0.22,19.1176,0.003612,,,0.9582,1
Gaia EDR3 2033899355216357632,-0.009534,0.024897,297.74873165453,32.26490282911,0.3735,0.2841,-2.657,0.254,-4.542,0.321,18.819925,0.004719,1.83359,0.03135086102695564,0.9695,1
Gaia EDR3 2033896164073685632,0.009948,-0.017357,297.77176545168,32.22264865039,0.3934,0.4963,-2.681,0.415,-4.525,0.569,20.239492,0.005832,1.820942,0.09866933673350269,0.9753,1
Gaia EDR3 2033896370234276096,0.010766,0.019021,297.77273723978,32.25902600649,-0.3498,0.399,-2.803,0.366,-4.402,0.43,20.074509,0.005281,1.6723,0.1104372785353449,0.9745,1
Gaia EDR3 2033896301512619520,0.019364,-0.004086,297.78289946843,32.2359178671,0.1496,0.2451,-2.844,0.221,-4.603,0.282,19.460579,0.003901,1.888685,0.055099381513812315,0.9742,1
Gaia EDR3 2033899325171783296,0.005683,0.020202,297.76672691922,32.26020823382,0.2501,0.3656,-2.927,0.319,-4.543,0.399,19.885418,0.006107,1.691074,0.06672542069157265,0.9642,1
Gaia EDR3 2033899187735103104,-0.024109,0.003019,297.73150246946,32.24302147747,0.5541,0.8077,-2.881,0.778,-4.208,0.885,20.644478,0.00938,1.579042,0.17126224330324477,0.9695,1
Gaia EDR3 2033896267152992768,0.009352,-0.000158,297.77106285298,32.23984765517,-0.0675,0.2031,-2.427,0.174,-3.591,0.235,19.189522,0.003746,1.803984,0.0380617524011459,0.9787,1
Gaia EDR3 2033899290810182912,-0.004637,0.007439,297.7545236328,32.24744534088,-0.456,0.272,-2.389,0.239,-4.255,0.29,19.564053,0.004905,1.176659,0.10126523191438733,0.9783,1
Gaia EDR3 2033896267152970240,0.010228,-0.003139,297.77209800586,32.23686601241,-0.3074,0.3391,-2.478,0.299,-3.682,0.37,19.811369,0.004467,1.522768,0.05910766486918513,0.9814,1
Gaia EDR3 2033896198433691776,-0.015825,-0.018878,297.74130042795,32.22112704058,0.1367,0.4764,-2.322,0.408,-3.603,0.481,19.815119,0.005462,,,0.968,1
Gaia EDR3 2033896301517071872,0.01789,-0.000676,297.7811568989,32.2393281908,0.3799,0.6687,-2.5,0.625,-4.607,0.819,20.50024,0.007288,1.493753,0.1951086012175166,0.9646,1
Gaia EDR3 2033896129716097152,-0.00612,-0.02754,297.75277299934,32.21246569263,0.6053,0.3852,-2.513,0.351,-4.371,0.458,20.003633,0.004977,1.57921,0.09050683455795992,0.9511,1
Gaia EDR3 2033896335876821120,-0.005542,0.004673,297.75345441177,32.24467916052,-0.2747,0.7731,-2.483,0.668,-3.623,0.753,20.626625,0.007842,1.612669,0.1851293577899688,0.9801,1
Gaia EDR3 2033899187731113984,-0.020093,0.004723,297.73625010502,32.24472639116,-0.3009,0.1949,-2.682,0.17,-4.613,0.207,19.133146,0.003439,1.69343,0.03568487624619868,0.9725,1
Gaia EDR3 2033896365920990592,0.007714,0.014175,297.76912837483,32.2541810864,0.0159,0.1487,-3.015,0.131,-4.607,0.163,18.734818,0.003269,2.246969,0.040513571317178115,0.955,1
Gaia EDR3 2033899256454599680,-0.019246,0.014725,297.7372481539,32.25472894296,-0.3607,0.4511,-2.885,0.39,-4.535,0.49,20.150879,0.005608,1.658638,0.08198867782477304,0.9704,1
Gaia EDR3 2033896198463375360,-0.019472,-0.010824,297.73698828644,32.22917985346,-0.5168,0.7503,-2.406,0.631,-4.378,0.619,20.51737,0.006855,1.739206,0.12917102185346366,0.9651,1
Gaia EDR3 2033896060994391680,0.01632,-0.020744,297.77929654844,32.21926062045,0.6996,0.5912,-2.794,0.5,-4.209,0.629,20.39416,0.006691,,,0.9718,1
Gaia EDR3 2033896159760567168,-0.003626,-0.017242,297.75572060448,32.22276435845,0.6821,0.2537,-2.849,0.226,-4.208,0.278,19.372566,0.004112,1.750383,0.03784487957038677,0.9755,1
Gaia EDR3 2033896194121604992,-0.015159,-0.012184,297.74208710557,32.22782069609,0.0175,0.1056,-2.306,0.096,-3.519,0.117,18.199581,0.00304,2.277204,0.019661865618570765,0.9707,1
Gaia EDR3 2033896335872599424,0.004641,0.010101,297.76549364085,32.25010710206,0.0493,0.2712,-2.703,0.235,-4.785,0.297,19.620596,0.004102,1.677612,0.12661522114862142,0.9677,1
Gaia EDR3 2033895957915182464,0.015056,-0.022249,297.77780281214,32.21775588409,0.2929,0.186,-2.478,0.163,-3.488,0.198,19.03988,0.003522,1.870066,0.04447890162991471,0.9519,1
Gaia EDR3 2033899290810287104,-0.008431,0.018934,297.7500368221,32.25893953423,0.29,0.6637,-2.366,0.559,-3.518,0.893,20.358881,0.00691,,,0.9575,1
Gaia EDR3 2033896232793448960,-0.006841,-0.000287,297.75191839374,32.23971930578,0.0498,1.0316,-2.988,0.869,-4.693,2.044,20.651733,0.010021,,,0.9671,1
Gaia EDR3 2033896370236563584,0.013282,0.006875,297.77571037923,32.24688059088,-0.2901,1.0022,-2.763,0.836,-4.696,0.948,20.71574,0.008808,2.133081,0.2046596524392994,0.9731,1
Gaia EDR3 2033896159761428864,3.9e-05,-0.017288,297.76005285738,32.22271761306,0.4251,0.2641,-2.665,0.241,-4.723,0.284,19.47694,0.003967,1.531355,0.0478278811684155,0.955,1
Gaia EDR3 2033899359534176640,-0.018923,0.024837,297.73762777899,32.26484105729,0.7283,0.4435,-2.361,0.422,-4.086,0.522,20.063332,0.00591,1.383902,0.16981092643278614,0.9642,1
Gaia EDR3 2033895957917387648,0.010956,-0.018704,297.77295648798,32.22130190693,0.5711,0.4122,-2.624,0.389,-4.631,0.437,20.10179,0.005547,1.68536,0.28386530614572575,0.9648,1
Gaia EDR3 2033896335872609280,-0.001175,0.003171,297.75861703541,32.24317743929,0.7553,0.2483,-2.48,0.219,-4.34,0.266,19.370098,0.003977,,,0.9823,1
Gaia EDR3 2033896232795318912,-0.005232,-0.014178,297.75382147379,32.22582777463,0.7919,0.4094,-2.562,0.384,-3.983,0.457,20.087261,0.005235,1.638317,0.13541794943826027,0.9846,1
Gaia EDR3 2033899187735098240,-0.017793,0.000783,297.73897021038,32.24078746736,-0.3338,0.5634,-2.54,0.456,-3.491,0.616,20.290705,0.005839,1.673065,0.11318532073846066,0.9628,1
Gaia EDR3 2033896335897690880,-0.003482,0.006956,297.75589001079,32.24696154635,0.423,0.0407,-2.595,0.036,-4.778,0.049,16.315687,0.002829,,,0.9609,1
Gaia EDR3 2033896370232335360,0.00605,0.012076,297.76716034707,32.25208154979,0.2411,0.2177,-2.913,0.189,-4.817,0.235,19.292028,0.003747,1.727678,0.049197025507704654,0.9552,1
Gaia EDR3 2033899187731134208,-0.01936,0.010013,297.73711541693,32.25001721054,0.8462,0.6316,-2.489,0.578,-4.026,0.658,20.54449,0.007729,1.611763,0.12115559292239203,0.9825,1
Gaia EDR3 2033896370232254976,0.012445,0.012344,297.77472157758,32.25234929927,0.7062,1.0316,-2.802,0.979,-4.772,0.84,20.702244,0.009105,1.416794,0.17095367967812705,0.9568,1
