EDR3Name,_x,_y,RA_ICRS,DE_ICRS,Plx,e_Plx,pmRA,e_pmRA,pmDE,e_pmDE,Gmag,e_Gmag,BP-RP,e_BP-RP,probs_final,membs_select
Gaia EDR3 5857909816393029376,0.015382,0.013616,198.85469895436,-65.90538012406,0.0567,0.0976,-5.123,0.088,-0.448,0.109,18.004374,0.002961,0.959845,0.014023360571587349,0.9988,1
Gaia EDR3 5857909713297191808,-0.006134,-0.008102,198.80198260523,-65.92710224532,0.0413,0.0335,-5.102,0.031,-0.424,0.038,16.000805,0.002787,2.12737,0.0061835271417053535,0.9994,1
Gaia EDR3 5857909644577796736,0.005494,-0.004528,198.83048812702,-65.9235277286,0.0346,0.0838,-5.086,0.081,-0.433,0.103,17.722397,0.002951,1.127523,0.014111487840909683,0.9995,1
Gaia EDR3 5857909743327023744,0.0151,0.006226,198.85401897996,-65.91277048159,0.0658,0.0981,-5.106,0.092,-0.402,0.114,18.003738,0.002951,1.082756,0.016344697247294628,0.9992,1
Gaia EDR3 5857909678954485120,-0.009832,-0.008212,198.7929156647,-65.92721057097,0.1295,0.1384,-5.106,0.124,-0.428,0.176,18.566984,0.003194,1.235661,0.049728245126442805,0.9993,1
Gaia EDR3 5857912771330538880,0.008583,0.017321,198.83804122988,-65.90167855725,0.0758,0.0498,-5.15,0.044,-0.396,0.058,16.666204,0.002814,1.889102,0.00694473847694668,0.9985,1
Gaia EDR3 5857909610217934592,-0.006687,-0.011696,198.80062490187,-65.9306955246,0.1033,0.0778,-5.147,0.077,-0.389,0.083,17.145325,0.002969,,,0.9992,1
Gaia EDR3 5857909747656997248,0.01307,-0.005703,198.84905842694,-65.92470049016,0.0712,0.0455,-5.167,0.04,-0.391,0.055,16.54003,0.002855,1.838995,0.018718589535843225,0.9989,1
Gaia EDR3 5857909713313757824,-0.001293,-0.002675,198.81385136776,-65.92167543404,0.0124,0.052,-5.151,0.046,-0.41,0.063,16.7334,0.003222,2.166529,0.023185113709011843,0.9996,1
Gaia EDR3 5857909743308243072,0.013185,-0.002882,198.84933815382,-65.92187907228,0.0351,0.0595,-5.18,0.056,-0.495,0.068,17.107416,0.00287,1.072523,0.013743209725775772,0.9991,1
Gaia EDR3 5857909747673533184,0.016417,0.007055,198.85724391416,-65.91194036092,0.0514,0.0259,-5.2,0.023,-0.444,0.03,14.963481,0.002782,2.183358,0.00531680057706979,0.999,1
Gaia EDR3 5857909708948517888,-0.003285,-0.001762,198.80896934115,-65.92076269557,0.1536,0.0544,-5.11,0.048,-0.471,0.06,15.816808,0.003186,1.729695,0.017318318726437056,0.9996,1
Gaia EDR3 5857909674607553792,-0.014483,-0.006817,198.78151454935,-65.92581362595,0.1326,0.1412,-5.183,0.133,-0.472,0.172,18.699312,0.003184,1.251532,0.03131163976065098,0.999,1
Gaia EDR3 5857909674588755200,-0.010515,-0.007883,198.79124063335,-65.92688194868,-0.004,0.0888,-5.096,0.078,-0.408,0.112,17.836658,0.002997,1.152389,0.017429481488893984,0.9993,1
Gaia EDR3 5857909640233811456,0.006794,-0.002558,198.83367224772,-65.92155737511,0.0519,0.09,-5.054,0.08,-0.39,0.108,17.842592,0.002981,1.221375,0.013294238309573542,0.9995,1
Gaia EDR3 5857912633891495808,-0.02368,-0.010143,198.75896082635,-65.9291329811,0.0406,0.06,-5.152,0.054,-0.362,0.065,17.086338,0.002827,1.881397,0.00961824358937439,0.9972,1
Gaia EDR3 5857909747673520384,0.012296,0.00307,198.84715043311,-65.91592734093,0.0274,0.0263,-5.15,0.024,-0.365,0.031,15.443993,0.002772,1.205524,0.005028497685163677,0.9993,1
Gaia EDR3 5857909713297375744,0.005396,0.002546,198.83024411307,-65.91645425957,0.1507,0.1366,-5.092,0.132,-0.383,0.167,18.518322,0.004151,1.02202,0.0313372829808671,0.9996,1
Gaia EDR3 5857909747673504256,0.008002,-0.001416,198.83663339086,-65.92041499725,-0.0087,0.0438,-5.148,0.039,-0.383,0.052,16.493156,0.002827,2.131798,0.00761300398322985,0.9995,1
Gaia EDR3 5857912629545051904,-0.019513,-0.000215,198.76919796108,-65.91920813755,0.1581,0.1264,-5.19,0.116,-0.457,0.146,18.434387,0.003073,0.91884,0.021559820280498417,0.9982,1
Gaia EDR3 5857912668235067776,0.000569,0.013037,198.81841433743,-65.90596322007,0.0313,0.1372,-5.011,0.123,-0.454,0.161,18.56844,0.003188,0.98634,0.018595913357807848,0.9987,1
Gaia EDR3 5857909610234501376,-0.012836,-0.017722,198.78554064786,-65.936719061,0.1024,0.1134,-5.008,0.103,-0.477,0.136,18.275248,0.00306,1.106688,0.016913380271117343,0.998,1
Gaia EDR3 5857912629526268544,-0.012957,-0.001026,198.7852634938,-65.92002290657,-0.0112,0.2218,-5.082,0.204,-0.377,0.24,19.2353,0.00357,,,0.9992,1
Gaia EDR3 5857909816393044608,0.011132,0.018163,198.84428300433,-65.90083494081,-0.0436,0.0476,-5.162,0.042,-0.437,0.055,16.464956,0.002823,1.830028,0.01488081456849414,0.9984,1
Gaia EDR3 5857909713297388160,-0.005017,0.002994,198.80472493713,-65.9160063307,0.0526,0.0649,-5.246,0.059,-0.439,0.074,16.939623,0.002952,1.822789,0.014316393922880885,0.9994,1
Gaia EDR3 5857909713297343104,0.003346,-0.000515,198.82522067658,-65.9195156043,-0.0538,0.2615,-5.148,0.246,-0.477,0.296,19.480696,0.004043,,,0.9996,1
Gaia EDR3 5857909708953282560,-0.004282,-0.003983,198.80652347514,-65.92298354927,0.0316,0.067,-5.226,0.059,-0.521,0.08,17.245232,0.002878,1.920456,0.01480509419230883,0.9996,1
Gaia EDR3 5857909404076053632,-0.004945,-0.025352,198.80488917528,-65.94435182491,-0.0141,0.0467,-5.143,0.04,-0.554,0.055,16.512262,0.002807,2.000926,0.007699832100614198,0.9961,1
Gaia EDR3 5857909713314224768,-0.008544,-0.001425,198.79607868976,-65.92042372758,0.1832,0.2038,-5.197,0.185,-0.444,0.237,19.067429,0.00405,1.077946,0.055222039945567396,0.9995,1
Gaia EDR3 5857909713297354752,-0.003376,0.001856,198.80874750514,-65.9171446965,0.0488,0.1078,-5.232,0.094,-0.376,0.117,18.117666,0.00303,1.247299,0.01828898859065274,0.9995,1
Gaia EDR3 5857909644594284928,0.005513,-0.002195,198.83053137154,-65.92119477727,0.1606,0.0574,-5.166,0.05,-0.356,0.071,16.69086,0.002881,2.067086,0.015193092131593701,0.9995,1
Gaia EDR3 5857909816393040128,0.013302,0.017568,198.84959913077,-65.90142942806,0.072,0.0552,-5.08,0.048,-0.316,0.062,16.865187,0.002859,1.858591,0.008781199184654621,0.9983,1
Gaia EDR3 5857909678939846016,-0.010053,-0.010524,198.79237203094,-65.929522955,-0.0367,0.2017,-5.216,0.191,-0.466,0.246,19.169567,0.003502,1.076742,0.03487386594254095,0.9991,1
Gaia EDR3 5857909816376633344,0.009411,0.003398,198.84008182882,-65.91560115941,0.1749,0.1801,-5.059,0.176,-0.547,0.212,18.994404,0.003375,1.056385,0.03845598287439922,0.9994,1
Gaia EDR3 5857909438435804672,0.011219,-0.020796,198.84453692453,-65.93979365474,0.0582,0.1563,-4.982,0.135,-0.388,0.18,18.151077,0.003156,1.383026,0.04194979326460527,0.9955,1
Gaia EDR3 5857912629545050880,-0.012692,-0.000222,198.78591430957,-65.91921984202,0.0673,0.0758,-5.192,0.069,-0.319,0.089,17.51606,0.002878,1.157854,0.0128973138444208,0.9991,1
Gaia EDR3 5857909747673514240,0.009646,0.001977,198.84065913391,-65.91702207623,0.1352,0.0526,-5.06,0.051,-0.327,0.064,16.875162,0.002831,1.129744,0.008534883498932024,0.9995,1
Gaia EDR3 5857909713313754880,-0.002786,-0.004041,198.81019131593,-65.9230411183,-0.0084,0.0497,-5.251,0.041,-0.447,0.055,16.289543,0.002891,1.466231,0.05733552767858301,0.9996,1
Gaia EDR3 5857909747657197952,0.01683,0.00541,198.85825743239,-65.91358522206,0.0261,0.1657,-5.201,0.158,-0.579,0.204,18.823261,0.003271,1.038113,0.039014710330816306,0.9989,1
Gaia EDR3 5857909812027741952,0.014263,0.008316,198.85196461457,-65.91068024946,0.1861,0.1036,-5.031,0.096,-0.516,0.124,18.118944,0.002978,1.024027,0.013774098937840248,0.9991,1
Gaia EDR3 5857909816376664704,0.009773,0.005335,198.8409673022,-65.9136633329,0.0258,0.1101,-5.04,0.101,-0.321,0.123,17.968472,0.00302,,,0.9994,1
Gaia EDR3 5857909747657035904,0.009859,-0.003824,198.84118646021,-65.92282231081,0.0711,0.1806,-5.089,0.17,-0.615,0.213,18.9619,0.003364,,,0.9992,1
Gaia EDR3 5857909644577821952,0.004526,-0.003295,198.82811487946,-65.92229477524,0.0526,0.1766,-4.986,0.155,-0.358,0.209,18.51396,0.003313,1.378059,0.045798635017637195,0.9995,1
Gaia EDR3 5857909713297412992,-0.000103,0.00401,198.81676692623,-65.91499038376,0.0304,0.0622,-5.276,0.055,-0.42,0.075,16.717728,0.002881,1.896752,0.014372691051979471,0.9994,1
Gaia EDR3 5857912698245769088,-0.016187,0.010804,198.77736453985,-65.90819107687,-0.035,0.0818,-5.209,0.071,-0.548,0.091,16.745665,0.002961,1.84734,0.016120706035235927,0.9965,1
Gaia EDR3 5857912668235063168,-0.00475,0.013661,198.80538579866,-65.90533946227,-0.0396,0.1053,-5.027,0.089,-0.542,0.119,17.905739,0.003031,1.180761,0.0410040311295454,0.9981,1
Gaia EDR3 5857909708953287680,0.005889,0.000174,198.83145181484,-65.91882597429,0.0376,0.069,-5.188,0.065,-0.608,0.082,17.392136,0.002879,1.934715,0.013729318664349647,0.9995,1
Gaia EDR3 5857909713299596928,-0.007287,0.001287,198.79916121636,-65.91771255495,0.2177,0.2185,-5.176,0.183,-0.526,0.232,19.072668,0.003617,0.997852,0.05257941759036123,0.9994,1
Gaia EDR3 5857909438419187584,0.00911,-0.017101,198.83936196271,-65.93609978119,-0.035,0.0734,-5.101,0.066,-0.59,0.089,17.518562,0.002905,1.159098,0.011263425074996086,0.9977,1
Gaia EDR3 5857909816376887424,0.013051,0.018923,198.84898302198,-65.90007422849,0.0712,0.2566,-4.945,0.242,-0.463,0.273,19.285065,0.003852,0.945896,0.07948067834726762,0.998,1
Gaia EDR3 5857909713297220992,-0.003336,-0.006088,198.80884081748,-65.9250879918,-0.0845,0.1527,-5.078,0.122,-0.526,0.248,18.261906,0.003186,,,0.9995,1
Gaia EDR3 5857909713313759232,-0.002386,-0.002887,198.81117114394,-65.92188757613,0.053,0.0855,-5.295,0.074,-0.46,0.094,17.238274,0.003038,1.201403,0.01123268378585541,0.9995,1
Gaia EDR3 5857909541498467072,0.014116,-0.012373,198.85163200129,-65.93136951817,-0.1035,0.2758,-5.07,0.259,-0.482,0.308,19.555285,0.004063,1.094402,0.0604870272785366,0.9978,1
Gaia EDR3 5857909713297289472,-0.001249,-0.000688,198.81395930431,-65.91968877908,0.0929,0.1093,-5.27,0.104,-0.566,0.135,18.218172,0.003107,1.53389,0.022022360114350107,0.9996,1
Gaia EDR3 5857909816393022464,0.017976,0.011033,198.86105565393,-65.90796120586,-0.0443,0.0474,-5.268,0.042,-0.475,0.059,16.751911,0.002846,0.891787,0.006941823140915747,0.9987,1
Gaia EDR3 5857909644577834240,0.005608,-0.002702,198.83076648023,-65.92170179917,0.0351,0.132,-5.268,0.126,-0.566,0.179,18.378393,0.003304,,,0.9995,1
Gaia EDR3 5857909644577606144,-0.001522,-0.016296,198.81328846236,-65.93529667294,0.1261,0.1448,-5.013,0.134,-0.303,0.174,18.68695,0.003909,1.108913,0.08934196377178509,0.9986,1
Gaia EDR3 5857912668237103360,-0.006639,0.005261,198.80075303967,-65.91373831562,0.0267,0.1328,-4.945,0.119,-0.373,0.169,18.499294,0.003092,1.052755,0.03232250177717694,0.9992,1
Gaia EDR3 5857909644577630976,0.005147,-0.015414,198.82964218869,-65.93441366361,-0.1214,0.232,-5.138,0.21,-0.493,0.259,19.31194,0.003841,0.976385,0.08078045499142951,0.9985,1
Gaia EDR3 5857909713297352832,-0.000696,0.001452,198.81531539514,-65.91754859824,-0.0696,0.111,-5.026,0.105,-0.351,0.136,18.187613,0.003059,1.328991,0.04420149883857444,0.9996,1
Gaia EDR3 5857912771314416256,0.006489,0.020955,198.83290980363,-65.8980445668,0.1201,0.1999,-5.312,0.169,-0.456,0.207,18.92396,0.003571,1.153629,0.05982162936739243,0.9974,1
Gaia EDR3 5857909713297421952,-0.005225,0.00465,198.80421715332,-65.91435009035,-0.0865,0.1069,-5.05,0.098,-0.347,0.118,18.12138,0.003026,0.9862,0.023680753998588332,0.9994,1
Gaia EDR3 5857909816376699008,0.012856,0.007044,198.84852007419,-65.91195321159,0.0227,0.1504,-4.926,0.14,-0.501,0.181,18.72776,0.003204,1.090912,0.02186895045771563,0.9992,1
Gaia EDR3 5857909644577662080,-0.000269,-0.012789,198.81635927991,-65.9317896946,-0.0709,0.3112,-4.969,0.321,-0.454,0.382,19.755465,0.004409,1.363216,0.06987629327890386,0.9991,1
Gaia EDR3 5857909747657094144,0.011198,-0.000543,198.84446471112,-65.91954093009,0.0509,0.284,-4.997,0.299,-0.288,0.333,19.634052,0.004163,1.168966,0.16798295172544667,0.9993,1
Gaia EDR3 5857909644594255616,0.002608,-0.012222,198.82341586939,-65.93122269805,0.264,0.072,-5.099,0.065,-0.38,0.085,17.20474,0.003009,1.93819,0.014415798638797305,0.999,1
Gaia EDR3 5857909708948518400,-0.000715,0.00335,198.8152680968,-65.91565029757,0.0466,0.0296,-5.027,0.026,-0.265,0.034,15.771812,0.002788,2.171462,0.006294663864468151,0.9995,1
Gaia EDR3 5857909747657112832,0.01009,0.000733,198.8417473868,-65.91826564405,-0.1171,0.1471,-5.064,0.146,-0.54,0.178,18.72295,0.003242,0.893175,0.02860168307052771,0.9994,1
Gaia EDR3 5857909713297309824,-0.005823,-0.002025,198.8027471004,-65.92102505628,0.0243,0.172,-5.039,0.173,-0.261,0.209,18.633322,0.003674,1.004539,0.10020909792390176,0.9995,1
Gaia EDR3 5857909713313761536,-0.006055,-0.001831,198.80217810896,-65.92083109068,0.2029,0.1128,-5.104,0.107,-0.623,0.144,18.215673,0.003384,1.110369,0.02294802797698221,0.9994,1
Gaia EDR3 5857909678937424256,-0.008731,-0.00919,198.79561442658,-65.92818896625,-0.0664,0.2436,-4.959,0.228,-0.498,0.288,19.3681,0.003774,1.277622,0.06985957417616953,0.9993,1
Gaia EDR3 5857909644577623424,-0.000996,-0.015687,198.81457645934,-65.93468804773,-0.0366,0.1077,-5.176,0.101,-0.632,0.13,18.175467,0.003032,1.126257,0.019387439649778213,0.9988,1
Gaia EDR3 5857909812046497408,0.01228,0.011559,198.8471019569,-65.90743915374,0.1665,0.135,-5.151,0.127,-0.646,0.166,18.609407,0.003178,0.988275,0.023930414348816542,0.9988,1
Gaia EDR3 5857909713313761024,-0.00326,-0.001981,198.8090297957,-65.92098090321,-0.0625,0.1152,-4.95,0.199,-0.424,0.087,16.909056,0.003339,,,0.9996,1
Gaia EDR3 5857909713297353344,-0.000275,0.00017,198.81634557056,-65.91883080324,0.2747,0.1884,-5.163,0.179,-0.389,0.22,18.975254,0.003908,1.215139,0.07403270278454145,0.9996,1
Gaia EDR3 5857909708953283200,-0.002636,-0.001161,198.81055911944,-65.92016101367,0.0717,0.0383,-4.976,0.037,-0.286,0.044,15.726241,0.002884,2.05163,0.014155551427101844,0.9996,1
Gaia EDR3 5857909644577559680,-0.0022,-0.021065,198.81162388785,-65.94006524012,-0.0657,0.274,-4.941,0.265,-0.456,0.339,19.633682,0.004049,1.050518,0.054908858108822754,0.9979,1
Gaia EDR3 5857912668235150720,-0.000863,0.018498,198.81490638266,-65.90050274856,0.1086,0.1618,-5.203,0.149,-0.663,0.186,18.751133,0.003299,1.605722,0.03302044149266739,0.9964,1
Gaia EDR3 5857912702611035648,-0.020595,0.01047,198.76656719532,-65.90852184572,0.2436,0.1138,-5.21,0.097,-0.332,0.12,17.999767,0.003058,0.964167,0.014805226880253434,0.9955,1
Gaia EDR3 5857909713313782528,0.003618,0.003975,198.82588570941,-65.91502503007,0.2103,0.0613,-4.986,0.058,-0.324,0.074,17.210453,0.002854,1.923552,0.010942030181347892,0.9995,1
Gaia EDR3 5857909644577830400,0.003478,-0.002869,198.82554401976,-65.9218697392,0.1824,0.0723,-5.119,0.066,-0.249,0.086,17.441353,0.002939,2.120382,0.030327415290088814,0.9995,1
Gaia EDR3 5857909713297289088,0.001533,0.000523,198.82077651451,-65.9184779021,-0.087,0.1794,-5.25,0.171,-0.568,0.219,18.875452,0.003606,1.353025,0.07830287114497658,0.9996,1
Gaia EDR3 5857912633893970688,-0.018878,0.006271,198.7707649597,-65.91272219021,-0.0644,0.1422,-5.056,0.129,-0.27,0.163,18.552948,0.003211,1.502527,0.027646119052573418,0.9977,1
Gaia EDR3 5857909713297467648,1.7e-05,0.007693,198.81706231137,-65.91130766803,-0.0568,0.1196,-4.935,0.11,-0.537,0.14,18.261272,0.00316,1.153671,0.025108340651050838,0.9992,1
Gaia EDR3 5857912668234996096,-0.004506,0.009181,198.80597972456,-65.90981949251,0.0066,0.306,-4.912,0.278,-0.563,0.308,19.593788,0.004123,1.104534,0.08802635620075307,0.9988,1
Gaia EDR3 5857909644577691648,0.007468,-0.01108,198.83533135913,-65.93007985048,-0.0808,0.5061,-5.2,0.564,-0.629,0.537,20.203829,0.005945,1.365822,0.1243873824808997,0.9989,1
Gaia EDR3 5857912766965262336,0.007287,0.018702,198.83486476656,-65.90029766447,-0.1283,0.0914,-5.26,0.081,-0.41,0.104,17.758398,0.002923,1.073244,0.013429481602598624,0.9981,1
Gaia EDR3 5857909713299588096,-0.006299,-0.006447,198.80157710469,-65.92544667475,-0.0999,0.4529,-5.082,0.484,-0.632,0.522,20.131557,0.005643,1.273764,0.12199655900332164,0.9994,1
Gaia EDR3 5857909644577689600,8.8e-05,-0.010761,198.81723668304,-65.92976177828,0.2879,0.1905,-5.233,0.185,-0.505,0.22,19.027308,0.003518,1.406782,0.04016111390851011,0.9992,1
Gaia EDR3 5857912663886021760,-0.006951,0.006228,198.79998767957,-65.91277144944,-0.1801,0.1247,-5.078,0.111,-0.459,0.156,18.22184,0.003324,1.095715,0.042866869814853534,0.9991,1
Gaia EDR3 5857912633875118848,-0.012703,0.001211,198.78588795455,-65.91778619805,-0.0145,0.1352,-5.325,0.124,-0.588,0.157,18.523521,0.003067,1.216301,0.023907350252083102,0.9988,1
Gaia EDR3 5857909713297289216,0.001231,-0.000555,198.82003708655,-65.91955523249,0.3129,0.1847,-5.206,0.18,-0.392,0.219,18.812918,0.003406,,,0.9996,1
Gaia EDR3 5857909605874065152,-0.010777,-0.021509,198.79058445935,-65.94050761946,0.3105,0.1482,-5.231,0.142,-0.448,0.201,18.714085,0.003268,1.895874,0.035650756758806475,0.997,1
Gaia EDR3 5857909713297326848,-0.004276,-0.00072,198.80654043578,-65.9197202955,0.2827,0.2103,-5.203,0.311,-0.319,0.217,18.94971,0.003623,,,0.9995,1
Gaia EDR3 5857912633875084544,-0.013768,-0.000605,198.78327597237,-65.91960199734,0.1701,0.1151,-5.352,0.105,-0.371,0.132,18.260592,0.003012,1.157469,0.0213993835404501,0.9987,1
Gaia EDR3 5857909644577738496,-0.000101,-0.007344,198.81677145533,-65.92634425783,0.3218,0.741,-5.069,0.834,-0.552,1.417,20.440739,0.008338,,,0.9995,1
Gaia EDR3 5857909644577794048,0.007704,-0.00486,198.83590496336,-65.92385895622,0.0268,0.0942,-5.383,0.084,-0.381,0.112,17.662167,0.002976,1.257051,0.015226275149745372,0.999,1
Gaia EDR3 5857909816376756096,0.010244,0.01071,198.84211453931,-65.90828848633,-0.1289,0.1327,-4.935,0.129,-0.394,0.164,18.558474,0.003191,1.153561,0.05945974999684085,0.9991,1
Gaia EDR3 5857909644594259840,-0.004246,-0.010033,198.80661007589,-65.9290333454,0.06,0.0749,-4.898,0.073,-0.285,0.088,17.42181,0.002896,,,0.9992,1
Gaia EDR3 5857909747656976512,0.014882,-0.006926,198.85350339086,-65.92592211697,0.1926,0.1238,-5.257,0.114,-0.667,0.149,18.457449,0.003037,0.990044,0.018470820630552925,0.9982,1
Gaia EDR3 5857909816376754048,0.007767,0.01099,198.8360465285,-65.90800921617,0.1911,0.3525,-5.336,0.296,-0.589,0.367,19.593128,0.004472,,,0.9988,1
Gaia EDR3 5857909747657096960,0.014559,-0.000504,198.8527014997,-65.91950000494,0.2022,0.3069,-5.11,0.328,-0.199,0.344,19.714758,0.004233,1.335689,0.0615330820697291,0.9988,1
Gaia EDR3 5857909713297319168,-0.007142,-0.001315,198.79951539193,-65.92031422186,-0.2033,0.1804,-5.112,0.181,-0.364,0.273,18.941256,0.003762,1.235537,0.0420321788490438,0.9995,1
Gaia EDR3 5857909713297325952,-0.006034,-0.000143,198.80223165889,-65.91914275596,0.1677,0.3584,-4.961,0.356,-0.23,0.454,19.639296,0.006951,1.089754,0.2654182683050577,0.9995,1
Gaia EDR3 5857909816376732032,0.010983,0.009341,198.84392660219,-65.90965686009,-0.0145,0.1271,-4.889,0.117,-0.61,0.154,18.469194,0.003168,1.09267,0.022459107144908466,0.9988,1
Gaia EDR3 5857909678939844736,-0.007972,-0.011567,198.79747419602,-65.93056592341,0.153,0.2525,-4.921,0.249,-0.651,0.298,19.389446,0.003877,1.179119,0.035102950004623504,0.9989,1
Gaia EDR3 5857912668234974080,-0.002992,0.007482,198.80968799307,-65.91151848801,0.1587,0.3692,-4.972,0.347,-0.691,0.41,19.873856,0.004828,0.922022,0.12289212777750082,0.9987,1
Gaia EDR3 5857909713297401856,0.004965,0.002799,198.82918730716,-65.9162014816,-0.1486,0.2153,-5.241,0.243,-0.296,0.24,19.079868,0.003538,,,0.9994,1
Gaia EDR3 5857909713297293568,0.001141,-0.002859,198.81981668614,-65.92185918644,0.1662,0.1574,-4.853,0.145,-0.546,0.19,18.335045,0.004093,1.228096,0.0350713338922059,0.9994,1
Gaia EDR3 5857912668235090432,-0.001884,0.015022,198.81240546711,-65.9039784824,0.119,0.1155,-5.408,0.101,-0.389,0.124,18.083498,0.003008,1.083668,0.031032882628704902,0.9961,1
Gaia EDR3 5857909713297288832,0.001433,0.000965,198.820531432,-65.91803601714,-0.2251,0.2514,-5.106,0.238,-0.388,0.281,19.421654,0.00395,,,0.9996,1
Gaia EDR3 5857909713297317248,0.003271,-0.00227,198.82503746002,-65.92127033707,0.1392,0.0525,-4.823,0.046,-0.403,0.063,16.640507,0.002999,2.201483,0.04457372242012472,0.9995,1
Gaia EDR3 5857909713297375872,0.00508,0.00177,198.82947030218,-65.9172303513,-0.0078,0.0638,-5.406,0.053,-0.374,0.074,16.538528,0.00333,1.60199,0.21996406820781755,0.9993,1
Gaia EDR3 5857909644577680768,-0.003463,-0.01135,198.80852883785,-65.93035001477,0.2368,0.0739,-5.119,0.064,-0.714,0.086,16.757223,0.003047,1.873956,0.01030336775500321,0.9991,1
Gaia EDR3 5857909644577735808,0.005219,-0.008009,198.82981507734,-65.92700952657,0.2451,0.1382,-5.374,0.136,-0.458,0.169,18.630236,0.003223,1.015411,0.03870248703974894,0.999,1
Gaia EDR3 5857909708953281664,-0.005595,-0.005205,198.80330572336,-65.92420525201,0.2441,0.0854,-5.219,0.078,-0.69,0.101,17.34167,0.003149,1.788294,0.019586970781760974,0.9994,1
Gaia EDR3 5857909674607554432,-0.012632,-0.013247,198.78604472878,-65.93224440985,0.314,0.1564,-5.317,0.15,-0.456,0.19,18.771175,0.003225,1.029949,0.028356608978572655,0.9984,1
Gaia EDR3 5857912633874970112,-0.023136,-0.006301,198.76030498576,-65.92529078574,-0.2293,0.2702,-5.027,0.226,-0.46,0.277,19.365284,0.003895,1.377348,0.07729759121962794,0.9978,1
Gaia EDR3 5857909816376711296,0.005758,0.008498,198.83112701073,-65.91050177291,0.0757,0.1551,-5.389,0.143,-0.619,0.183,18.807104,0.003237,1.002022,0.051613941930789047,0.9989,1
Gaia EDR3 5857909644594275456,0.007448,-0.006146,198.83527893935,-65.92514557372,0.0998,0.0418,-5.016,0.037,-0.752,0.052,16.413948,0.002811,2.3594,0.008506582283651653,0.9988,1
Gaia EDR3 5857912633875100288,-0.011934,0.000187,198.78777131514,-65.91881058654,0.1804,0.1427,-5.16,0.129,-0.155,0.163,18.60726,0.003135,1.107233,0.02474987123606302,0.9988,1
Gaia EDR3 5857909644594252544,-0.005151,-0.01288,198.80438883603,-65.93188013308,0.3339,0.106,-5.061,0.098,-0.638,0.126,18.19784,0.003054,1.098783,0.017582922994279618,0.9991,1
Gaia EDR3 5857909816393033344,0.008448,0.015215,198.83771305776,-65.90378431112,-0.2349,0.3846,-5.002,0.35,-0.46,0.406,19.689,0.005228,1.789459,0.07740814074498642,0.9988,1
Gaia EDR3 5857909713297293696,0.001355,-0.003033,198.82034123077,-65.92203369267,0.0202,0.1579,-5.211,0.153,-0.137,0.187,18.59702,0.003553,,,0.9992,1
Gaia EDR3 5857909644577722240,0.00151,-0.008561,198.82072288785,-65.92756173357,0.1603,0.2107,-5.304,0.207,-0.719,0.239,19.156939,0.003464,1.385458,0.04060134828985472,0.9992,1
Gaia EDR3 5857912629545051008,-0.015123,-0.001034,198.77995424601,-65.92003042635,-0.0367,0.138,-4.838,0.135,-0.301,0.159,18.57541,0.003157,1.095995,0.02210510195078855,0.9988,1
Gaia EDR3 5857909713297488512,0.004433,0.00785,198.82788083173,-65.91115009361,0.2406,0.1996,-5.074,0.177,-0.746,0.218,19.026852,0.003463,1.018934,0.03589809977394068,0.9988,1
Gaia EDR3 5857909644594268800,0.006485,-0.00809,198.83291774507,-65.92708943594,0.0993,0.3785,-4.799,0.428,-0.34,0.449,20.051836,0.004944,1.293257,0.23165836504138843,0.9991,1
Gaia EDR3 5857912771314417408,0.003912,0.021177,198.82660052851,-65.89782282645,0.3008,0.4919,-5.01,0.496,-0.224,0.604,20.231424,0.006179,1.696066,0.10410647349626487,0.9972,1
Gaia EDR3 5857909640233808128,0.001286,-0.015908,198.82017388114,-65.93490903609,0.1785,0.0977,-5.197,0.089,-0.771,0.112,18.00331,0.002936,1.596449,0.017808742127174582,0.9982,1
Gaia EDR3 5857909678953999616,-0.007513,-0.009894,198.79860047543,-65.92889390506,0.037,0.0407,-5.414,0.036,-0.279,0.051,16.304615,0.002831,2.902869,0.014007850369488425,0.9981,1
Gaia EDR3 5857909713297267328,0.000309,-0.004656,198.81777834151,-65.92365643096,0.1999,0.2184,-5.427,0.202,-0.544,0.238,19.116734,0.00367,1.49164,0.04387394570855243,0.9994,1
Gaia EDR3 5857909713313781120,-0.000196,0.003729,198.81653851517,-65.9152718019,0.0513,0.4535,-5.075,0.936,-0.799,0.4,19.684591,0.005311,,,0.9989,1
Gaia EDR3 5857912736957888512,-0.008968,0.021491,198.79506064347,-65.89750836518,0.26,0.5958,-5.401,0.665,-0.54,0.861,20.470345,0.006817,1.363216,0.25186849680584694,0.98,1
Gaia EDR3 5857909644596701568,-0.002675,-0.018269,198.81045884431,-65.93726953621,0.1237,0.3603,-4.778,0.348,-0.389,0.433,20.006145,0.004941,0.71574,0.23509103587612762,0.9982,1
Gaia EDR3 5857909816376787584,0.005843,0.01333,198.83133292054,-65.9056697944,0.3694,0.2007,-4.984,0.184,-0.327,0.219,19.11276,0.003454,0.99645,0.030878220129377968,0.9988,1
Gaia EDR3 5857912668235039744,-0.003589,0.011487,198.80822751609,-65.90751326257,-0.0964,0.1871,-5.064,0.163,-0.148,0.204,18.93338,0.003368,0.945682,0.029435293350469797,0.9982,1
Gaia EDR3 5857909747657010432,0.009975,-0.00485,198.84147205586,-65.92384885673,0.2874,0.2811,-5.392,0.276,-0.522,0.324,19.616491,0.004144,1.268204,0.1888452421464151,0.999,1
Gaia EDR3 5857909713297289856,0.001271,-0.001145,198.8201338023,-65.92014578693,-0.1713,0.1085,-5.211,0.101,-0.211,0.123,17.887201,0.003408,1.162632,0.12830271361761303,0.9994,1
Gaia EDR3 5857909747673546240,0.01979,0.010699,198.86550115976,-65.90829421995,-0.1979,0.3127,-5.238,0.306,-0.252,0.363,19.801628,0.004408,0.928593,0.09775447343831958,0.9979,1
Gaia EDR3 5857909816376780160,0.015924,0.011986,198.85602838805,-65.90700953703,0.1846,0.0706,-5.357,0.064,-0.697,0.077,17.109158,0.002876,1.021088,0.01488161491318945,0.9983,1
Gaia EDR3 5857909713297342336,0.002499,-0.000106,198.82314465596,-65.91910635097,-0.0527,0.1642,-4.848,0.153,-0.654,0.184,18.585274,0.005291,1.014574,0.20795531393126013,0.9992,1
Gaia EDR3 5857909644577746304,0.000793,-0.006521,198.81896468183,-65.92552178542,-0.1134,0.4534,-5.008,0.458,-0.743,0.538,20.072443,0.005402,,,0.9992,1
Gaia EDR3 5857909644577628032,-0.005262,-0.014511,198.80411632772,-65.93351128775,-0.1835,0.1341,-5.357,0.128,-0.362,0.164,18.569666,0.00323,1.121494,0.03447388484076665,0.9981,1
Gaia EDR3 5857909713297288192,0.001556,-0.000107,198.82083445268,-65.91910752932,0.1869,0.1065,-5.219,0.091,-0.785,0.124,16.783031,0.003153,1.897647,0.009784363675242099,0.9993,1
Gaia EDR3 5857909644577718400,0.005909,-0.009247,198.83150696878,-65.92824733679,0.2637,0.1182,-4.971,0.112,-0.732,0.135,18.102797,0.003145,1.367979,0.0159357007030465,0.9987,1
Gaia EDR3 5857909713297403008,0.00136,0.003132,198.82035187701,-65.91586875368,-0.1968,0.1402,-5.376,0.133,-0.472,0.171,18.647865,0.003217,1.137865,0.030477183621754275,0.9994,1
Gaia EDR3 5857909644594263168,0.007021,-0.009178,198.83423218385,-65.92817759448,0.1904,0.1109,-4.857,0.107,-0.218,0.132,18.217339,0.003109,1.107668,0.03394089041316814,0.9989,1
Gaia EDR3 5857909713297333632,0.002738,-0.001088,198.82372940646,-65.92008871499,0.3902,0.1142,-5.293,0.105,-0.537,0.127,18.128784,0.003087,1.480816,0.0755471165464156,0.9995,1
Gaia EDR3 5857909713299593984,-0.008451,-0.001864,198.79630541764,-65.92086336635,0.1528,0.3935,-5.483,0.366,-0.43,0.511,19.921057,0.00519,,,0.9989,1
Gaia EDR3 5857912633875196416,-0.012351,0.005873,198.78675673794,-65.91312428384,-0.1688,0.2551,-5.407,0.197,-0.471,0.404,19.050016,0.003817,,,0.9981,1
Gaia EDR3 5857912633875158400,-0.014497,0.00376,198.78149681925,-65.91523658049,-0.0916,0.3025,-5.382,0.282,-0.667,0.32,19.58594,0.004838,1.19792,0.08227206440452779,0.9979,1
Gaia EDR3 5857909678937386496,-0.01914,-0.012529,198.7700875899,-65.93152262312,-0.0616,0.1541,-4.759,0.146,-0.464,0.185,18.736118,0.003241,,,0.9965,1
Gaia EDR3 5857909713297278464,-0.004989,-0.003448,198.8047922075,-65.92244836986,0.4221,0.3758,-4.973,0.662,-0.506,0.337,19.576942,0.004806,,,0.9995,1
Gaia EDR3 5857912633875069056,-0.018075,-0.001338,198.77271848058,-65.92033238053,0.2592,0.2655,-4.92,0.254,-0.727,0.291,19.47439,0.003924,1.56498,0.04711681104077296,0.9965,1
Gaia EDR3 5857909541498509184,0.022899,-0.009812,198.87316337398,-65.92880259904,0.2107,0.2901,-5.061,0.279,-0.098,0.34,19.729958,0.004366,1.375107,0.05490213019327013,0.9904,1
Gaia EDR3 5857909678937432192,-0.012521,-0.009714,198.78632168808,-65.92871131828,0.0435,0.264,-5.143,0.251,-0.84,0.298,19.482187,0.003941,,,0.9977,1
Gaia EDR3 5857909678937510016,-0.012637,-0.00423,198.78604347276,-65.92322780145,-0.3106,0.5693,-5.118,0.682,-0.377,0.854,20.42241,0.006602,,,0.9993,1
Gaia EDR3 5857909743327024000,0.014056,0.005322,198.85146030884,-65.91367517292,0.1308,0.1549,-5.503,0.148,-0.43,0.187,18.728119,0.003283,1.12969,0.022267552702725797,0.9983,1
Gaia EDR3 5857909678954000640,-0.012964,-0.009122,198.78523659987,-65.92811957126,0.2842,0.1454,-5.423,0.132,-0.574,0.17,18.257072,0.003191,1.185604,0.02108447140519431,0.9985,1
Gaia EDR3 5857909713299596288,-0.007687,0.00075,198.79818181359,-65.91824974048,-0.3132,0.4615,-5.049,0.493,-0.446,0.578,20.20399,0.005948,,,0.9995,1
Gaia EDR3 5857909713297288960,0.002229,0.000902,198.82248278525,-65.91809825714,-0.3094,0.1966,-5.153,0.184,-0.537,0.232,18.869263,0.004338,1.227219,0.03497442070664179,0.9996,1
Gaia EDR3 5857909678940394368,-0.010603,-0.002493,198.79103027924,-65.92149181732,0.3222,0.4049,-5.408,0.403,-0.375,0.562,20.079502,0.00512,1.044304,0.08158622315564219,0.9989,1
Gaia EDR3 5857912668237107072,-0.008068,0.007842,198.79725165168,-65.91115752333,-0.064,0.3806,-4.748,0.365,-0.426,0.465,19.95828,0.005055,,,0.9985,1
Gaia EDR3 5857912668234996608,-0.005622,0.009326,198.80324596121,-65.90967354997,0.3203,0.5457,-5.16,0.441,-0.146,0.689,20.039547,0.01052,1.784277,0.5294797514964954,0.9984,1
Gaia EDR3 5857909713299590912,-0.008582,-0.004476,198.79598272588,-65.92347555432,-0.2954,0.2751,-5.065,0.249,-0.608,0.31,18.115173,0.004419,1.14946,0.017920109900561924,0.9993,1
Gaia EDR3 5857909674593538048,-0.022961,-0.011442,198.76072206677,-65.93043259151,0.0709,0.1025,-4.758,0.095,-0.271,0.114,18.084476,0.002981,1.875889,0.021254587971251456,0.996,1
Gaia EDR3 5857909644577746944,0.006133,-0.00724,198.83205568614,-65.92624004233,-0.2217,0.2422,-5.084,0.234,-0.17,0.279,19.428661,0.003857,1.01524,0.059970021887412156,0.9991,1
Gaia EDR3 5857909610234502784,-0.006904,-0.016927,198.80008797661,-65.93592707402,-0.208,0.2642,-5.203,0.241,-0.745,0.283,19.035057,0.00499,1.203873,0.0352577328631455,0.9982,1
Gaia EDR3 5857912736954577152,-0.010193,0.016139,198.7920541277,-65.90285925063,-0.2922,0.1744,-4.945,0.194,-0.543,0.179,18.538284,0.003457,,,0.996,1
Gaia EDR3 5857909743308248960,0.018218,0.002284,198.86166487673,-65.91670970111,-0.0915,0.1728,-5.497,0.158,-0.482,0.205,18.469572,0.003419,1.505701,0.019975188495437158,0.9975,1
Gaia EDR3 5857909713299596416,-0.008309,0.000792,198.79665550635,-65.9182071457,-0.0647,0.2191,-5.426,0.199,-0.694,0.251,19.149088,0.003639,1.100918,0.04478772860526993,0.9989,1
Gaia EDR3 5857909816376635904,0.006372,0.003855,198.83263430515,-65.91514500083,0.0545,0.1235,-5.531,0.119,-0.472,0.152,18.383844,0.003085,1.096216,0.028745957058536945,0.9988,1
Gaia EDR3 5857909713297289728,-0.000375,-0.00098,198.81610131407,-65.91998090008,-0.2937,0.5167,-5.13,0.615,-0.653,0.636,20.097889,0.00669,,,0.9995,1
Gaia EDR3 5857909644577733504,0.00306,-0.007216,198.82452250673,-65.92621638548,0.0325,0.54,-4.998,0.778,-0.858,0.555,20.104557,0.005865,,,0.9984,1
Gaia EDR3 5857909610217889792,-0.005904,-0.015012,198.80254207728,-65.93401158389,-0.2613,0.1573,-5.037,0.145,-0.203,0.186,18.717972,0.003869,,,0.9985,1
Gaia EDR3 5857909644577646720,-0.002382,-0.013677,198.81117785322,-65.93267726034,-0.0131,0.2428,-5.043,0.226,-0.042,0.274,19.353905,0.003951,1.137667,0.04677333484981297,0.9979,1
Gaia EDR3 5857909678940370304,-0.01576,-0.005979,198.77838506822,-65.92497515532,0.3819,0.4784,-5.113,0.48,-0.16,0.662,20.212048,0.005457,1.14653,0.08057475788994442,0.9984,1
Gaia EDR3 5857909816376676352,0.006397,0.006236,198.83269320007,-65.91276351678,-0.1553,0.3938,-5.251,0.339,-0.105,0.451,19.853117,0.004712,,,0.9986,1
Gaia EDR3 5857909644594288896,0.005119,-0.001397,198.82956622342,-65.92039718804,0.4121,0.1106,-5.263,0.101,-0.218,0.132,18.135284,0.002973,1.302858,0.030197864030561433,0.9993,1
Gaia EDR3 5857909644577692544,0.00284,-0.010748,198.8239826137,-65.92974817172,-0.0922,0.1144,-5.464,0.104,-0.68,0.13,17.973139,0.003022,1.097113,0.04735460006511078,0.9987,1
Gaia EDR3 5857909678937347456,-0.018785,-0.015912,198.77095191422,-65.93490530784,-0.2859,0.3886,-5.34,0.39,-0.301,0.443,20.013744,0.004974,1.157797,0.06729030057745299,0.994,1
Gaia EDR3 5857912668235056640,-0.004312,0.012702,198.80645704257,-65.90629784828,0.0157,0.4,-4.673,0.359,-0.418,0.457,19.849808,0.004871,0.87612,0.27198889739887916,0.9978,1
Gaia EDR3 5857909640247832960,-0.001544,-0.017357,198.81323345196,-65.93635711548,0.2946,0.185,-4.787,0.178,-0.244,0.208,18.969658,0.003425,1.187096,0.037876406960610766,0.9982,1
Gaia EDR3 5857909713313755648,-0.001759,-0.004379,198.81270840779,-65.92337962307,0.11,0.0865,-5.459,0.076,-0.158,0.101,17.71132,0.003284,1.157524,0.03232036788260285,0.9982,1
Gaia EDR3 5857909644594279552,0.008007,-0.004688,198.83664795121,-65.92368778608,-0.1526,0.3407,-5.055,0.261,-0.064,0.357,19.44784,0.004598,,,0.9989,1
Gaia EDR3 5857912633891537408,-0.017361,0.003358,198.77447574226,-65.91563706316,0.2364,0.0864,-4.697,0.077,-0.485,0.096,17.422401,0.002897,2.071897,0.013000345874910776,0.9961,1
Gaia EDR3 5857909438438268416,0.00862,-0.022335,198.83816364525,-65.9413344771,0.2047,0.0195,-4.745,0.017,-0.228,0.022,14.3938,0.002762,1.676325,0.004847065761254174,0.9931,1
Gaia EDR3 5857909713297434240,-0.004143,0.005298,198.80686848775,-65.91370256614,0.4104,0.2506,-5.201,0.233,-0.156,0.272,19.31261,0.004125,1.246612,0.04711671479179403,0.999,1
Gaia EDR3 5857912668237680256,-0.00336,0.008217,198.80878762174,-65.91078290899,0.0098,0.5297,-5.4,0.544,-0.096,0.718,20.24291,0.006058,,,0.9974,1
Gaia EDR3 5857909678939843200,-0.009438,-0.012174,198.79387777204,-65.93117304436,-0.0204,0.1118,-4.8,0.1,-0.134,0.14,18.19762,0.003041,1.139589,0.0180637241001114,0.9983,1
Gaia EDR3 5857909713299592832,-0.007969,-0.002554,198.79748649323,-65.92155380153,-0.2374,0.2401,-4.948,0.219,-0.751,0.285,19.352777,0.003756,1.028097,0.049937076219693066,0.9988,1
Gaia EDR3 5857909816376609664,0.007088,0.002227,198.83438862093,-65.91677299111,0.2979,0.1954,-5.167,0.188,-0.055,0.221,19.06107,0.003727,1.218779,0.028834712182978714,0.9988,1
Gaia EDR3 5857909644580104576,0.002756,-0.013611,198.82377792653,-65.93261107936,0.2313,0.6044,-5.133,0.724,-0.887,1.215,20.360996,0.007266,1.43121,0.10728886210440523,0.9976,1
Gaia EDR3 5857909713297365504,-0.001769,0.000641,198.81268402069,-65.91835905983,0.1935,0.6147,-4.765,0.617,-0.726,0.898,20.302444,0.00748,,,0.9987,1
Gaia EDR3 5857909816376679552,0.006954,0.006322,198.83405943776,-65.91267724101,0.4754,0.3894,-5.302,0.358,-0.317,0.413,19.893608,0.00491,,,0.9991,1
Gaia EDR3 5857912668234996736,-0.005252,0.009291,198.80415202267,-65.90970956626,0.4153,0.312,-4.903,0.269,-0.683,0.309,19.433315,0.004646,1.183044,0.055419204674267745,0.9983,1
Gaia EDR3 5857909644577708160,0.007446,-0.009031,198.83527460181,-65.92803024906,-0.3064,0.3411,-4.939,0.295,-0.668,0.339,19.674177,0.004734,,,0.9987,1
Gaia EDR3 5857909541515032448,0.012694,-0.016863,198.84814982688,-65.93586041973,-0.2988,0.4538,-5.052,0.469,-0.171,0.592,20.224503,0.005371,1.247637,0.10505592679855923,0.9952,1
Gaia EDR3 5857909713300908928,-0.002422,0.001529,198.81108339925,-65.91747134465,0.407,0.5004,-4.799,0.523,-0.374,0.667,20.217999,0.00628,1.473551,0.2967972548388187,0.9994,1
Gaia EDR3 5857912633875186944,-0.016775,0.00568,198.77591755854,-65.91331491807,-0.374,0.2828,-5.107,0.256,-0.293,0.295,19.529072,0.003961,0.924406,0.04134446317672402,0.9981,1
Gaia EDR3 5857909816393021056,0.014596,0.010664,198.85277669186,-65.90833294098,0.061,0.5184,-5.359,0.792,-0.045,0.67,20.401981,0.00676,1.292004,0.11684988193249865,0.9956,1
Gaia EDR3 5857909438419177216,0.008568,-0.017981,198.83803422924,-65.93697998863,0.0136,0.2473,-4.648,0.257,-0.466,0.282,19.416597,0.004077,1.204971,0.2704151894199282,0.9942,1
Gaia EDR3 5857909747659977344,0.022035,0.003965,198.87101477521,-65.91502589389,-0.3061,0.771,-5.307,0.923,-0.225,0.913,20.547255,0.007786,1.525381,0.6229833959008546,0.9965,1
Gaia EDR3 5857909713297408384,0.001915,0.003394,198.82171296362,-65.91560657443,0.5067,0.1983,-4.949,0.188,-0.567,0.225,19.126045,0.003597,1.237835,0.07568368905395802,0.9994,1
Gaia EDR3 5857909713297268352,-0.005209,-0.004185,198.80425203577,-65.92318537898,-0.2606,0.4214,-5.352,0.601,-0.716,0.442,20.003134,0.005073,1.325851,0.1818434516693267,0.9993,1
Gaia EDR3 5857909816376847232,0.012759,0.016826,198.84826844881,-65.90217138274,0.3598,0.201,-4.885,0.184,-0.766,0.212,19.07682,0.003395,1.480005,0.03486616143871275,0.9943,1
Gaia EDR3 5857909747657016320,0.015812,-0.004774,198.85578060382,-65.92377014126,0.3564,0.3742,-5.141,0.367,-0.852,0.444,20.014194,0.00484,1.501947,0.16797191414417628,0.9959,1
Gaia EDR3 5857909816376640512,0.010647,0.004206,198.84310947175,-65.9147919461,-0.3399,0.5347,-4.853,0.992,-0.414,0.607,20.005522,0.006685,,,0.9993,1
Gaia EDR3 5857909644577773696,0.006095,-0.005101,198.83196092701,-65.92410089009,-0.1765,0.1922,-5.544,0.178,-0.429,0.223,18.838121,0.003889,1.176403,0.048182846410602984,0.9985,1
Gaia EDR3 5857909678939846144,-0.010757,-0.01034,198.79064558693,-65.92933848361,-0.3294,0.2142,-5.132,0.204,-0.752,0.262,19.27652,0.003564,0.988434,0.060856144958621836,0.9986,1
Gaia EDR3 5857909747657052544,0.011537,-0.002899,198.84529792236,-65.92189711117,-0.3416,0.3059,-4.888,0.305,-0.286,0.367,19.756218,0.004283,1.397375,0.0909310899725716,0.9992,1
Gaia EDR3 5857909816395424768,0.006504,0.006919,198.83295566196,-65.91208041435,-0.158,0.517,-4.673,0.37,-0.42,0.476,19.879702,0.007775,,,0.9989,1
Gaia EDR3 5857912668234928128,-0.010038,0.006202,198.79242457677,-65.91279634245,-0.206,0.4225,-4.811,0.345,-0.742,0.392,19.751001,0.005042,2.167532,0.11090554612984244,0.9973,1
Gaia EDR3 5857909541498547968,0.017104,-0.006992,198.85894969123,-65.92598645437,0.2713,0.324,-4.768,0.316,-0.148,0.372,19.861269,0.004551,1.135971,0.06546618721769289,0.9963,1
Gaia EDR3 5857909644577826304,0.007231,-0.003384,198.8347430755,-65.92238340523,0.1727,0.1511,-4.833,0.144,-0.047,0.189,18.743374,0.003261,1.064465,0.09329170841773202,0.9991,1
Gaia EDR3 5857912668237679232,-0.007751,0.011796,198.79803119558,-65.90720365321,0.3711,0.5238,-5.055,0.507,-0.859,0.628,20.207531,0.007527,,,0.9959,1
Gaia EDR3 5857909713297292672,-0.001333,-0.002243,198.8137532787,-65.92124324202,-0.4001,0.1908,-5.189,0.289,-0.267,0.213,18.686222,0.003537,,,0.9995,1
Gaia EDR3 5857909713297447168,0.003513,0.005666,198.82562891775,-65.91333443427,-0.085,0.2637,-5.028,0.251,0.026,0.289,19.518908,0.003925,1.008783,0.07292703605358934,0.9986,1
Gaia EDR3 5857909713297287168,0.001788,0.001191,198.82140161599,-65.91780965213,0.4578,0.6658,-4.927,0.65,-0.745,1.118,20.30079,0.007557,,,0.9991,1
Gaia EDR3 5857909816393015808,0.006628,0.009587,198.83325736761,-65.90941229963,0.0273,0.0433,-5.375,0.038,-0.907,0.052,16.554855,0.00281,1.982135,0.012097588968353442,0.9972,1
Gaia EDR3 5857909678939846656,-0.010538,-0.009349,198.79118374927,-65.92834714971,0.1934,0.2822,-5.574,0.276,-0.683,0.352,19.678127,0.004218,0.982815,0.09708136516760722,0.998,1
Gaia EDR3 5857912668234869632,-0.010833,0.001779,198.79047176385,-65.91721933231,0.2123,0.1522,-4.704,0.136,-0.166,0.165,18.485184,0.003158,1.122372,0.8082261027263272,0.9987,1
Gaia EDR3 5857909644577738624,-0.000456,-0.007405,198.81590213463,-65.92640565168,-0.2507,0.3357,-5.517,0.331,-0.573,0.387,19.789999,0.005664,1.559977,0.09377190688616406,0.999,1
Gaia EDR3 5857909541498358016,0.014952,-0.020814,198.85369338709,-65.93981011853,-0.2509,0.2751,-5.375,0.262,-0.124,0.317,19.668169,0.004093,0.973656,0.06818476776776183,0.9683,1
Gaia EDR3 5857909678939856000,-0.011663,-0.001173,198.78843380897,-65.92017135063,0.3715,0.3739,-4.724,0.367,-0.636,0.48,20.019539,0.005042,1.495247,0.21144864982099038,0.9979,1
Gaia EDR3 5857909713297220864,-0.003039,-0.006091,198.8095693522,-65.92509159873,-0.2544,0.1444,-5.047,0.129,-0.041,0.216,17.304628,0.003558,1.725082,0.02098275532948488,0.999,1
Gaia EDR3 5857909644577765760,0.001187,-0.005272,198.81993025228,-65.92427276001,0.4462,0.2127,-4.883,0.194,-0.749,0.233,19.0758,0.003857,,,0.9989,1
Gaia EDR3 5857909713297326208,-0.005876,-0.000807,198.80261756404,-65.91980711912,-0.0127,0.3154,-4.68,0.283,-0.745,0.343,18.544046,0.004686,,,0.9977,1
Gaia EDR3 5857912633891517056,-0.015975,-0.003482,198.77786264059,-65.92247800436,0.4701,0.3341,-5.297,0.333,-0.761,0.389,18.812904,0.004406,1.619824,0.02294166351490904,0.9978,1
Gaia EDR3 5857909644594245632,-0.002239,-0.0159,198.81152922354,-65.93490022923,0.2941,0.0699,-4.872,0.065,-0.872,0.085,17.443525,0.002873,1.240967,0.009347730201773454,0.9954,1
Gaia EDR3 5857909747673524864,0.016407,0.005039,198.85722198046,-65.91395650983,0.4151,0.3,-5.531,0.299,-0.471,0.361,19.596685,0.004621,1.262361,0.132976352623462,0.9979,1
Gaia EDR3 5857909713297243904,-0.00322,-0.00557,198.80912544446,-65.92457014464,0.5498,0.1929,-5.336,0.183,-0.339,0.214,18.884949,0.00362,,,0.9993,1
Gaia EDR3 5857912732624255744,-0.015412,0.013936,198.77926956521,-65.9050598287,0.3422,0.4047,-5.065,0.388,-0.923,0.417,19.790983,0.005147,1.492069,0.06108571784682005,0.9776,1
Gaia EDR3 5857912668251300992,-0.001046,0.010278,198.81445675207,-65.90872293519,-0.3301,0.4303,-5.207,0.39,-0.815,0.449,20.006823,0.005593,1.762814,0.09784593456262221,0.9978,1
Gaia EDR3 5857909610220859264,-0.009592,-0.022828,198.79349049127,-65.94182634381,-0.3373,0.3178,-4.992,0.335,-0.106,0.447,19.800829,0.004574,1.490126,0.05072620629385095,0.9947,1
Gaia EDR3 5857909747657168896,0.019726,0.003548,198.86535754173,-65.91544499699,-0.1032,0.2094,-4.642,0.205,-0.225,0.246,19.247684,0.003569,1.058472,0.037635921937331604,0.9952,1
Gaia EDR3 5857909747657235840,0.01599,0.007937,198.85619639727,-65.9110588472,0.6218,0.3361,-5.036,0.361,-0.446,0.345,19.540432,0.00585,0.959072,0.14468895036015925,0.9991,1
Gaia EDR3 5857909713297325696,-0.006516,0.0008,198.80105099553,-65.91819988739,0.5031,0.2631,-5.331,0.253,-0.16,0.307,19.50597,0.003901,1.110708,0.08199018559276185,0.9988,1
Gaia EDR3 5857912668237103488,-0.007033,0.005009,198.79978599762,-65.91399068279,-0.144,0.4268,-5.299,0.395,0.04,0.554,19.9823,0.00525,,,0.9972,1
Gaia EDR3 5857909713297293952,-0.000392,-0.003016,198.81605786356,-65.92201689948,-0.2507,0.4614,-4.695,0.481,-0.658,0.751,19.71224,0.006132,,,0.9988,1
Gaia EDR3 5857909644577683328,-0.005446,-0.010972,198.80366598852,-65.92997155519,-0.4302,0.2216,-4.927,0.218,-0.648,0.253,19.19604,0.003936,1.197382,0.03559094941383759,0.999,1
Gaia EDR3 5857909541515070592,0.020737,-0.003554,198.86784931002,-65.92254629189,0.1455,0.2662,-5.189,0.204,-1.018,0.373,18.78534,0.003788,1.396359,0.03625104561505202,0.9745,1
Gaia EDR3 5857912668251725696,-0.008905,0.005066,198.79519933134,-65.91393298934,0.5516,0.1223,-5.097,0.105,-0.141,0.15,18.191906,0.003139,1.2742,0.02328230230950293,0.9988,1
Gaia EDR3 5857912702594693888,-0.021947,0.007754,198.76324782432,-65.91123728631,0.6065,0.2492,-5.267,0.236,-0.293,0.269,19.416594,0.003775,0.99085,0.03992443666193949,0.9955,1
Gaia EDR3 5857909678937347584,-0.014026,-0.016193,198.78262422287,-65.93518969624,-0.3014,0.2663,-5.431,0.248,-0.775,0.287,19.484325,0.003921,1.100519,0.056593220300794556,0.9967,1
Gaia EDR3 5857909816376774016,0.018436,0.011359,198.86218250304,-65.90763476094,0.0285,0.4377,-4.976,0.398,0.11,0.525,20.038458,0.005661,,,0.9945,1
Gaia EDR3 5857909713313776000,0.003451,0.002201,198.82547797376,-65.91679969471,0.3904,0.1516,-4.81,0.14,-0.072,0.18,18.53288,0.003704,1.09219,0.02675498022249742,0.9992,1
Gaia EDR3 5857909610217810048,-0.01522,-0.021104,198.77968747997,-65.94010045909,-0.0145,0.1989,-4.54,0.19,-0.485,0.228,19.16203,0.003478,1.61393,0.04032988374378321,0.9889,1
Gaia EDR3 5857909713297286784,-0.000939,-0.002845,198.81471893922,-65.92184574415,0.0383,0.1011,-5.516,0.092,-0.884,0.124,17.778149,0.003122,,,0.9988,1
Gaia EDR3 5857909713297294208,-0.000118,-0.00316,198.81673182749,-65.92216058804,0.413,0.1604,-5.418,0.145,-0.079,0.175,17.116114,0.003537,1.955567,0.040142659218633525,0.9981,1
Gaia EDR3 5857909438419121664,0.004695,-0.021516,198.82853713987,-65.94051649511,-0.2233,0.2421,-5.473,0.25,-0.824,0.258,19.12575,0.004116,1.390724,0.1070906857984014,0.9937,1
Gaia EDR3 5857909713297248000,-0.005258,-0.005156,198.8041316795,-65.92415573711,0.299,0.2672,-4.995,0.208,0.078,0.424,18.991352,0.003841,,,0.9985,1
Gaia EDR3 5857909713297257472,-0.001423,-0.004141,198.81353093242,-65.92314182836,0.1838,0.2047,-5.385,0.171,-0.973,0.24,18.94198,0.004423,,,0.9984,1
Gaia EDR3 5857912633874950912,-0.022518,-0.007801,198.76181650515,-65.92679156445,0.294,0.2642,-5.632,0.255,-0.253,0.287,19.385933,0.003958,1.926266,0.10310670255795773,0.9757,1
Gaia EDR3 5857912633875119232,-0.014733,0.001362,198.78091465666,-65.91763398704,-0.1222,0.474,-5.596,0.467,-0.752,0.573,20.18401,0.005379,1.400141,0.13385975216084364,0.9967,1
Gaia EDR3 5857909713297353600,-0.003476,0.001115,198.80850036479,-65.91788548862,0.173,0.2463,-5.214,0.228,0.127,0.264,19.227448,0.003983,,,0.9975,1
Gaia EDR3 5857909816376705664,0.01117,0.007615,198.84438763747,-65.91138327134,-0.4711,0.485,-5.077,0.526,-0.705,0.676,20.294619,0.006003,0.842499,0.16274605179432433,0.9989,1
Gaia EDR3 5857909743327041792,0.014298,-0.007896,198.85207163,-65.92689263809,0.6057,0.2057,-5.33,0.196,-0.627,0.233,19.155985,0.004012,1.043734,0.03091490049543592,0.9982,1
Gaia EDR3 5857909438419124736,0.010741,-0.022351,198.84336686589,-65.94134901813,-0.2041,0.2981,-4.967,0.281,0.063,0.338,19.553091,0.004264,2.015009,0.07519886860844967,0.9836,1
Gaia EDR3 5857912668237111296,-0.009222,0.011344,198.7944296495,-65.90765497041,-0.3267,0.2978,-4.772,0.264,-0.751,0.313,19.48145,0.004063,1.375315,0.05402671229954146,0.996,1
Gaia EDR3 5857912668251727872,-0.007462,0.01596,198.79874233897,-65.90303938347,0.1292,0.0553,-5.71,0.048,-0.575,0.066,16.846601,0.00282,1.86766,0.010165538607438537,0.9779,1
Gaia EDR3 5857909816376804736,0.007974,0.014317,198.83655209908,-65.90468199266,-0.0076,0.1505,-5.189,0.136,0.148,0.173,18.639978,0.00332,1.485577,0.02040954140219795,0.9927,1
Gaia EDR3 5857909816379431936,0.005129,0.011135,198.82958397175,-65.90786502345,-0.1297,0.4416,-5.414,0.465,-0.959,0.625,20.136564,0.005684,1.363592,0.08213432475329213,0.9955,1
Gaia EDR3 5857909713297456128,0.004371,0.006052,198.8277303991,-65.91294820873,0.6176,0.3872,-4.832,0.376,-0.558,0.44,19.975534,0.004828,1.1035,0.11962696054364828,0.9992,1
Gaia EDR3 5857909816376856704,0.009433,0.017479,198.84012384983,-65.901520198,0.2019,0.3361,-5.661,0.308,-0.74,0.356,19.700968,0.004347,1.480904,0.0707636008911696,0.9932,1
Gaia EDR3 5857909713297326976,-0.004325,-0.001089,198.80641855992,-65.92008898378,0.2569,0.1106,-5.676,0.104,-0.674,0.13,18.135132,0.003583,1.193237,0.02428128988911947,0.9983,1
Gaia EDR3 5857909747657216640,0.01757,0.006406,198.86007025284,-65.91258881475,0.6615,0.4589,-5.231,0.466,-0.644,0.508,19.864851,0.006305,1.421701,0.15919557226660871,0.9986,1
Gaia EDR3 5857909644594240384,0.000245,-0.018034,198.81762115336,-65.93703421615,-0.3476,0.0845,-5.238,0.074,0.005,0.107,16.421665,0.003097,2.078759,0.00792759419886825,0.9911,1
Gaia EDR3 5857909708953283584,-0.001514,-0.005321,198.81330782797,-65.92432170303,0.1199,0.1244,-4.488,0.106,-0.529,0.144,17.388115,0.003791,1.19133,0.023108734002037393,0.9978,1
Gaia EDR3 5857909816376619520,0.007716,0.002824,198.83592835387,-65.91617549502,0.455,0.369,-5.623,0.352,-0.377,0.419,19.952484,0.00472,1.33445,0.08595306454914255,0.9979,1
Gaia EDR3 5857909644594259968,-0.003795,-0.010314,198.80771575774,-65.92931440169,0.1165,0.0421,-5.43,0.037,-1.011,0.051,16.435732,0.002852,1.65046,0.02444444599118179,0.9973,1
Gaia EDR3 5857909644577752960,-7.2e-05,-0.005605,198.81684455057,-65.92460606559,-0.1581,0.3636,-4.771,0.561,0.038,0.362,19.753647,0.004706,,,0.9989,1
Gaia EDR3 5857909713297211136,-0.005456,-0.007448,198.80364474142,-65.92644765635,0.1009,0.1359,-5.064,0.11,0.188,0.154,18.02885,0.004515,1.211922,0.0935975917502172,0.9971,1
Gaia EDR3 5857909713297389312,-0.003782,0.002532,198.80775278365,-65.9164685217,0.1759,0.3036,-5.05,0.29,-1.089,0.331,19.48378,0.004497,1.557026,0.13345464644690752,0.9923,1
Gaia EDR3 5857912633875037056,-0.023151,-0.002449,198.76027467051,-65.92143904943,0.5815,0.4408,-5.302,0.375,-0.808,0.455,19.930891,0.005397,1.826328,0.08433131147504877,0.9942,1
Gaia EDR3 5857909713297355008,-0.004525,0.00118,198.80592964881,-65.91782031236,0.2487,0.276,-4.688,0.526,-0.904,0.251,19.189814,0.004078,,,0.994,1
Gaia EDR3 5857909434089399168,0.010575,-0.014934,198.84295152809,-65.933932221,0.1804,0.2436,-4.514,0.23,-0.67,0.277,19.429718,0.003845,1.128542,0.04888511151074461,0.9712,1
Gaia EDR3 5857909713297412864,0.000177,0.004629,198.81745446262,-65.91437138209,0.3288,0.1583,-5.591,0.144,-0.084,0.188,18.280523,0.003467,1.276466,0.031911632698391014,0.9957,1
Gaia EDR3 5857909541500894336,0.015442,-0.010254,198.854879666,-65.92924946005,-0.3049,0.4858,-5.006,0.495,0.071,0.59,20.240816,0.005642,1.428965,0.10360245697307899,0.9947,1
Gaia EDR3 5857909644577773568,0.005262,-0.005757,198.82991841463,-65.9247572718,-0.5455,0.3985,-5.01,0.399,-0.65,0.489,19.834927,0.013149,,,0.9993,1
Gaia EDR3 5857909747673501952,0.008256,-0.00249,198.83725658484,-65.92148958604,0.6347,0.3496,-5.295,0.335,-0.749,0.4,19.45177,0.005133,,,0.9991,1
Gaia EDR3 5857909610234518016,-0.006873,-0.011435,198.80016732133,-65.93043510223,0.2208,0.0978,-4.476,0.091,-0.459,0.11,16.946617,0.003679,2.052043,0.025933046903681225,0.9963,1
Gaia EDR3 5857912668235165696,-0.001178,0.019427,198.81413419657,-65.89957374974,-0.3607,0.3935,-4.718,0.387,-0.755,0.423,20.02981,0.004924,1.063923,0.12408348325566382,0.9877,1
Gaia EDR3 5857909713299597056,0.000788,0.000868,198.81895070123,-65.9181321317,-0.5513,0.4995,-4.879,0.549,-0.483,0.637,20.257036,0.005715,1.468739,0.17782010208218116,0.9995,1
Gaia EDR3 5857909713297393408,-0.002486,0.002763,198.81092667475,-65.91623789456,0.2951,0.3124,-5.24,0.301,-1.073,0.461,19.468046,0.005195,,,0.9954,1
Gaia EDR3 5857909816376740864,0.006928,0.010008,198.83399144055,-65.90899192521,-0.2973,0.224,-5.201,0.211,0.099,0.254,18.992607,0.003859,,,0.9963,1
Gaia EDR3 5857909644594263040,0.007561,-0.009453,198.83555635629,-65.92845267633,0.1104,0.4082,-4.639,0.426,0.015,0.421,20.021725,0.005016,,,0.9978,1
Gaia EDR3 5857912668235097600,-0.001994,0.015632,198.81213493409,-65.90336887927,-0.4676,0.4184,-5.374,0.37,-0.136,0.368,19.525957,0.007079,,,0.9949,1
Gaia EDR3 5857909678939849600,-0.010495,-0.006445,198.79129150354,-65.92544323229,-0.4482,0.518,-5.042,0.576,-0.883,0.675,20.370623,0.006337,1.317745,0.19190661668182513,0.9976,1
Gaia EDR3 5857909713297293184,-0.0033,-0.002438,198.80893263468,-65.92143791363,-0.3229,0.3719,-5.125,0.384,-1.007,0.411,19.839605,0.005479,,,0.9974,1
Gaia EDR3 5857909708948523136,-0.002484,0.008208,198.81093502794,-65.91079277786,0.3383,0.2667,-4.715,0.238,0.025,0.275,19.38705,0.003846,1.072121,0.05966239171700872,0.998,1
Gaia EDR3 5857909713314224640,-0.0092,-0.002772,198.79446898714,-65.92177111098,-0.5765,0.2194,-5.009,0.215,-0.27,0.254,18.61816,0.003456,1.016962,0.023192662664149075,0.9994,1
Gaia EDR3 5857909713300157184,-0.005972,0.001746,198.80238566427,-65.91725425354,0.168,0.4819,-5.176,0.447,0.219,0.599,20.160458,0.005656,1.223041,0.1590678555064588,0.9955,1
Gaia EDR3 5857912633875074816,-0.013941,-0.001272,198.7828521447,-65.9202686372,0.6348,0.3315,-4.88,0.302,-0.149,0.335,19.718489,0.004367,1.131466,0.18834323851305648,0.9988,1
Gaia EDR3 5857909644577743488,0.007155,-0.007519,198.83456012969,-65.92651877326,-0.0417,0.376,-4.604,0.409,-0.893,0.442,20.01862,0.005068,1.202391,0.10891734695797535,0.9793,1
Gaia EDR3 5857909610220857728,-0.011192,-0.021932,198.78956614386,-65.94092981571,0.5818,0.7642,-4.875,1.043,-0.859,1.082,20.5851,0.008369,1.241728,0.5105778921095353,0.9908,1
Gaia EDR3 5857909747657057920,0.008463,-0.002249,198.83776256088,-65.92124827466,0.1403,0.1545,-5.812,0.14,-0.417,0.186,18.181732,0.003347,1.586142,0.04236862036206929,0.9938,1
Gaia EDR3 5857909747657014272,0.011248,-0.004606,198.84459111151,-65.92360444004,-0.2606,0.1892,-5.599,0.177,-0.839,0.216,18.906563,0.003331,1.193523,0.044593749955230515,0.9973,1
Gaia EDR3 5857912668251727616,-0.00382,0.012456,198.8076635064,-65.90654387451,-0.3261,0.5997,-5.656,0.641,-0.673,0.678,20.057634,0.006979,,,0.9918,1
Gaia EDR3 5857909713297376128,0.004634,0.001091,198.82837716157,-65.91790928024,0.4789,0.1017,-5.686,0.105,-0.367,0.116,17.69617,0.003059,,,0.9974,1
Gaia EDR3 5857909610220365824,-0.008045,-0.013054,198.79729359538,-65.93205359276,0.2454,0.4554,-5.445,0.415,0.151,0.592,19.632772,0.006274,1.468302,0.040652414515925286,0.9811,1
Gaia EDR3 5857909816376665984,0.007374,0.00591,198.83508695858,-65.91308995186,0.3473,0.2697,-5.765,0.255,-0.552,0.305,19.36082,0.003949,1.444935,0.04584276026559628,0.9966,1
Gaia EDR3 5857909747657243264,0.018536,0.00814,198.86243277145,-65.9108540441,-0.098,0.4413,-4.878,0.401,0.195,0.442,19.952938,0.004987,1.540564,0.08633241094143182,0.9915,1
Gaia EDR3 5857909713297278336,-0.00499,-0.003229,198.80478878072,-65.92222937079,0.0013,0.2645,-4.412,0.24,-0.371,0.297,18.722641,0.004005,1.185169,0.03374302313628985,0.9973,1
Gaia EDR3 5857909713316199808,0.003744,-0.001874,198.82619679731,-65.92087456436,-0.3483,0.4798,-5.187,0.415,0.124,0.51,20.002249,0.005962,,,0.9977,1
Gaia EDR3 5857909713297289600,7.1e-05,-0.000905,198.81719272054,-65.9199053161,-0.0168,0.3814,-5.701,0.369,-0.042,0.445,19.767866,0.006213,1.36178,0.14667851784371347,0.9917,1
Gaia EDR3 5857909713297325568,-0.007236,0.000375,198.79928722515,-65.91862447478,-0.1416,0.3104,-5.178,0.307,-1.139,0.404,19.656744,0.004591,1.07313,0.11936332417556887,0.9897,1
Gaia EDR3 5857909747659985408,0.022751,0.006325,198.87276352239,-65.91266555629,0.1212,0.5003,-4.404,0.533,-0.381,0.736,20.30196,0.005967,1.174742,0.24421139216688187,0.9667,1
Gaia EDR3 5857909644594271488,0.00107,-0.006978,198.8196431445,-65.92597829893,0.5266,0.1899,-4.825,0.18,0.021,0.223,18.723797,0.003576,1.378309,0.05489384630518143,0.9989,1
Gaia EDR3 5857909713297288704,0.002504,0.001053,198.82315728745,-65.91794752142,-0.0069,0.3824,-4.555,0.295,-0.011,0.393,19.63342,0.004914,,,0.9985,1
Gaia EDR3 5857909644577795968,0.001419,-0.004282,198.82049911738,-65.92328239974,0.1764,0.1486,-5.775,0.136,-0.74,0.173,18.561247,0.0034,1.740469,0.03841318242682699,0.9975,1
Gaia EDR3 5857909713313778048,-0.00089,0.002736,198.81483795611,-65.91626492365,0.3814,0.1698,-5.543,0.169,-0.954,0.199,18.738712,0.003468,1.517904,0.0511036883545383,0.9978,1
Gaia EDR3 5857909678937368320,-0.012639,-0.014315,198.78602618233,-65.93331204561,0.4929,0.4426,-4.533,0.433,-0.374,0.517,20.138084,0.005683,1.548616,0.09798055232303848,0.9953,1
Gaia EDR3 5857909644577638784,-8.1e-05,-0.014123,198.8168206197,-65.93312350051,-0.427,0.2826,-5.054,0.271,-0.98,0.316,19.582407,0.004092,1.289921,0.07934831348660185,0.9953,1
Gaia EDR3 5857909713297353472,-0.003192,0.000764,198.80919673779,-65.91823635248,0.2685,0.2158,-5.313,0.173,0.219,0.477,18.541458,0.003763,,,0.9944,1
Gaia EDR3 5857909644594266624,-0.000389,-0.008257,198.81606538099,-65.92725722441,0.044,0.0605,-4.596,0.057,0.055,0.07,16.933283,0.002881,2.501371,0.011358456990895141,0.9983,1
Gaia EDR3 5857912668235021696,0.000923,0.010401,198.81928159615,-65.90859942923,0.3562,0.4573,-5.688,0.432,-0.816,0.583,20.058226,0.005447,-0.471405,1.8425998343248307,0.9942,1
Gaia EDR3 5857909816393025408,0.01624,0.012004,198.85680267093,-65.90699172529,0.1353,0.4743,-5.082,0.434,0.276,0.851,19.988167,0.006527,,,0.9821,1
Gaia EDR3 5857909713297383040,0.001725,0.001881,198.82124689531,-65.91711979086,-0.3056,0.3776,-5.421,0.307,-1.007,0.677,19.488163,0.005234,,,0.9977,1
Gaia EDR3 5857909644577719552,0.004501,-0.009023,198.82805468027,-65.92802294279,-0.2655,0.2207,-4.625,0.223,-0.02,0.253,19.205832,0.003793,1.115427,0.040258321099265436,0.9984,1
Gaia EDR3 5857909644577723392,-0.001781,-0.00829,198.81265297179,-65.92729031051,-0.1062,0.1951,-4.45,0.186,-0.18,0.219,18.992493,0.003845,1.253714,0.0616857199445503,0.9975,1
Gaia EDR3 5857909713297202816,-0.005281,-0.007904,198.80407377094,-65.92690412413,0.2213,0.1627,-4.997,0.144,0.265,0.201,18.540037,0.003323,,,0.9962,1
Gaia EDR3 5857912668235006720,-0.012206,0.010194,198.78711733503,-65.90880346983,-0.4548,0.3389,-5.627,0.307,-0.598,0.347,19.737871,0.004195,1.153175,0.06678640319459737,0.9933,1
Gaia EDR3 5857909713297348096,-0.001349,-2.2e-05,198.81371375044,-65.91902261757,-0.4025,0.2859,-5.321,0.281,0.085,0.346,19.578968,0.004176,1.337629,0.10644881984232449,0.9975,1
Gaia EDR3 5857909605869265920,-0.00515,-0.01512,198.80439020201,-65.93411966151,0.1862,0.173,-5.812,0.166,-0.706,0.213,18.832714,0.00363,,,0.9901,1
Gaia EDR3 5857909541498502656,0.014581,-0.009838,198.85276963204,-65.92883472774,-0.6547,0.3422,-5.102,0.334,-0.635,0.426,19.95348,0.004686,1.599449,0.10575438119860768,0.998,1
Gaia EDR3 5857909708967291520,-0.008592,-0.000984,198.79596237743,-65.9199828251,0.4873,0.327,-4.553,0.328,-0.195,0.426,19.66151,0.00422,,,0.9984,1
Gaia EDR3 5857909713297419904,-0.005814,0.00457,198.80277459911,-65.91442980817,-0.1025,0.2822,-4.398,0.253,-0.306,0.312,19.413755,0.004957,1.203993,0.12786098930470066,0.9963,1
Gaia EDR3 5857909640247810304,0.002327,-0.001847,198.82272249145,-65.92084722067,0.5044,0.1266,-5.465,0.109,-0.968,0.183,16.979795,0.00359,,,0.9984,1
Gaia EDR3 5857909644577838080,0.007038,-0.002687,198.83427120051,-65.92168621062,-0.585,0.6466,-5.164,0.677,-0.829,1.171,20.163403,0.006639,,,0.9988,1
Gaia EDR3 5857912633877878400,-0.021329,0.001605,198.76475026619,-65.9173867851,-0.3595,0.6624,-4.812,0.782,0.089,0.832,20.418596,0.006456,1.852493,0.20051209131310035,0.9944,1
Gaia EDR3 5857909816376874496,0.01057,0.018185,198.84290598428,-65.9008129774,0.1505,0.1069,-4.401,0.089,-0.202,0.115,17.731773,0.003018,1.361126,0.05421145694240412,0.9864,1
Gaia EDR3 5857909644594266368,-0.002232,-0.008244,198.81154674469,-65.92724460444,0.2537,0.3481,-5.863,0.293,-0.469,0.318,19.550056,0.004373,,,0.9915,1
Gaia EDR3 5857909713313776512,-0.003451,0.002576,198.80856204984,-65.91642456066,0.1937,1.3196,-4.393,1.655,-0.673,2.053,20.70361,0.013186,,,0.9924,1
Gaia EDR3 5857912633893969024,-0.017131,0.004606,198.77504177046,-65.91438892832,0.3656,0.047,-4.555,0.04,-0.019,0.054,16.583096,0.002805,1.135341,0.0074452011645998115,0.9952,1
Gaia EDR3 5857909713297210752,-0.00525,-0.006827,198.80414901718,-65.92582736046,0.5574,0.384,-4.596,0.352,-0.164,0.381,19.80888,0.005069,,,0.9986,1
Gaia EDR3 5857909644577663104,-0.004625,-0.012382,198.80567948048,-65.93138171872,0.0248,0.1268,-4.789,0.116,0.244,0.153,18.502127,0.00317,1.088348,0.021285056352647713,0.9959,1
Gaia EDR3 5857909713297426432,-0.000971,0.005039,198.81463946996,-65.91396192977,0.7678,0.3114,-5.293,0.284,-0.742,0.552,19.213806,0.004886,,,0.999,1
Gaia EDR3 5857909438422202496,0.005404,-0.024682,198.83027735711,-65.9436817106,0.459,0.8088,-5.424,1.266,-1.052,1.442,20.70378,0.008893,1.687969,0.3148849094584976,0.9727,1
Gaia EDR3 5857909713297292800,-0.0038,-0.002189,198.80770579165,-65.92118961833,0.0961,0.2752,-5.264,0.231,-1.219,0.288,19.150036,0.004257,,,0.987,1
Gaia EDR3 5857912629545054208,-0.018662,-0.004207,198.77127436125,-65.92320073761,-0.1676,0.3204,-5.468,0.303,-1.11,0.395,19.55352,0.004205,1.515625,0.11031457737783838,0.9822,1
Gaia EDR3 5857909713297325312,-0.005737,-0.001053,198.80295931432,-65.92005324543,0.1299,0.1152,-5.815,0.107,-0.808,0.126,17.007051,0.003864,1.74749,0.018872770266835318,0.9958,1
Gaia EDR3 5857909678937404672,-0.022471,-0.011037,198.76192374479,-65.93002814089,0.2702,0.4283,-4.44,0.398,-0.099,0.435,19.939474,0.005177,,,0.9818,1
Gaia EDR3 5857912668237703808,0.001097,0.011498,198.8197069112,-65.90750302325,-0.5984,0.5168,-5.47,0.616,-0.199,0.664,20.305656,0.006281,1.182083,0.1525849041351946,0.9964,1
Gaia EDR3 5857909816376849664,0.015112,0.016857,198.85403198798,-65.90213925917,0.6873,0.1485,-4.612,0.136,-0.353,0.171,18.642008,0.003145,1.462511,0.02461943632699624,0.9959,1
Gaia EDR3 5857909713297385984,0.004262,0.002274,198.82746326987,-65.91672605969,0.6162,0.8131,-4.533,0.67,-0.57,0.833,20.126173,0.007743,,,0.9979,1
Gaia EDR3 5857909644577837952,0.007686,-0.002635,198.83585916741,-65.92163463849,-0.0838,0.1513,-5.523,0.148,-1.138,0.189,18.739067,0.003246,1.121635,0.03849202505702405,0.9938,1
Gaia EDR3 5857912633875133824,-0.018486,0.002431,198.77171845527,-65.91656340512,-0.1961,0.5286,-5.699,0.515,-0.96,0.526,20.266413,0.00589,1.714274,0.09708473163985674,0.988,1
Gaia EDR3 5857912633875170176,-0.01849,0.004759,198.77171339461,-65.91423476934,0.7617,0.3853,-4.688,0.351,-0.527,0.386,19.83716,0.004836,1.123758,0.0719231007683016,0.9943,1
Gaia EDR3 5857909747659928448,0.009853,-0.000175,198.84116785759,-65.91917322056,0.4115,0.7595,-4.384,0.757,-0.33,1.105,20.562181,0.007695,0.520336,0.25677408119214784,0.9946,1
Gaia EDR3 5857909644577638272,-0.001391,-0.014418,198.81360933644,-65.93341816653,0.6958,0.3656,-5.624,0.358,-0.291,0.449,19.943933,0.00497,1.394142,0.06197843480502112,0.9907,1
Gaia EDR3 5857909678937414784,-0.022304,-0.010313,198.76233501799,-65.92930352877,-0.4546,0.3186,-5.461,0.305,-0.987,0.348,19.790705,0.004317,1.511917,0.10080849639210104,0.9885,1
Gaia EDR3 5857909747659909760,0.01067,-0.00741,198.84317836953,-65.92640861919,0.0012,0.7099,-5.533,0.676,-1.163,1.07,20.466663,0.007485,2.304365,0.4340336048315159,0.9872,1
Gaia EDR3 5857909713313770368,-0.003392,0.00072,198.80870727111,-65.91828060574,0.6251,0.1982,-5.373,0.166,-1.009,0.21,17.032824,0.003146,1.158815,0.010462179636038732,0.9975,1
Gaia EDR3 5857909747657057280,0.010808,-0.002673,198.8435114599,-65.92167109033,-0.4976,0.1804,-5.682,0.172,-0.654,0.217,18.971666,0.003512,1.166279,0.037857264827071704,0.9974,1
Gaia EDR3 5857909816376670720,0.009161,0.005729,198.8394670449,-65.9132695945,0.2678,0.0696,-5.917,0.064,-0.578,0.083,17.443487,0.002859,1.208141,0.022284843451193147,0.9925,1
Gaia EDR3 5857912668234960512,-0.005099,0.006933,198.80452689466,-65.91206722847,-0.2745,0.2261,-5.809,0.211,-0.144,0.24,19.18226,0.004856,1.055803,0.05028190064410114,0.9792,1
Gaia EDR3 5857909644577721088,0.002117,-0.008757,198.82220964101,-65.92775721094,0.5544,0.3751,-4.559,0.374,-0.07,0.429,19.914825,0.004875,,,0.9983,1
Gaia EDR3 5857909713313784448,-0.003942,0.005684,198.80736028958,-65.91331614603,0.3825,0.9615,-5.577,2.255,-1.082,1.778,20.595991,0.009795,,,0.9919,1
Gaia EDR3 5857909644577732736,0.002333,-0.007627,198.82273908297,-65.92662707873,0.0458,0.7396,-4.555,1.248,0.169,1.107,20.521381,0.009489,,,0.9974,1
Gaia EDR3 5857909713297249280,-0.001365,-0.004992,198.8136747174,-65.92399242179,-0.115,0.181,-5.601,0.255,0.213,0.2,18.648891,0.003442,,,0.9669,1
Gaia EDR3 5857909644577638912,-6.8e-05,-0.01448,198.81685207291,-65.93348047826,-0.7252,0.3585,-5.235,0.451,-0.714,0.382,19.66471,0.004524,1.19029,0.14817670382421388,0.9987,1
Gaia EDR3 5857909678937404544,-0.022749,-0.010744,198.76124381382,-65.92973457891,0.8179,0.3404,-4.788,0.313,-0.688,0.366,19.632938,0.007383,1.251772,0.06601235728990186,0.9949,1
Gaia EDR3 5857909644577766016,0.001459,-0.005884,198.82059630664,-65.92488416209,-0.5186,0.3285,-5.484,0.398,-0.951,0.326,19.35459,0.004626,,,0.9984,1
Gaia EDR3 5857909644577695488,0.008382,-0.010951,198.83757086135,-65.92995011624,-0.4343,0.4288,-5.301,0.388,-1.121,0.43,19.932613,0.004702,1.641809,0.08204350858469792,0.9891,1
Gaia EDR3 5857909644577778944,0.003015,-0.005266,198.82441132746,-65.92426638841,0.3325,0.1323,-5.739,0.115,-0.985,0.217,17.233418,0.003604,1.727717,0.012773970979449734,0.9965,1
Gaia EDR3 5857912633877872128,-0.016976,-0.004374,198.77540687803,-65.92336854619,-0.1188,0.5274,-4.452,0.578,0.071,0.81,20.321682,0.005951,1.524742,0.11829381547897198,0.9914,1
Gaia EDR3 5857909541498374528,0.015648,-0.019826,198.85540024549,-65.93882209665,0.4138,0.3631,-4.706,0.343,0.232,0.397,19.89531,0.004626,1.67386,0.09167774464631952,0.9653,1
Gaia EDR3 5857909816378824832,0.012532,0.009001,198.84772309754,-65.9099970142,-0.1192,0.4816,-5.973,0.546,-0.496,0.639,20.352125,0.005944,1.001471,0.13799497330061677,0.9831,1
Gaia EDR3 5857909816376811008,0.016685,0.013981,198.8578904629,-65.90501452632,0.7964,0.283,-5.578,0.262,-0.259,0.318,19.635273,0.004385,1.198298,0.056766141423794915,0.993,1
Gaia EDR3 5857912633875218816,-0.017561,0.007524,198.77399484731,-65.91147022699,-0.6347,0.469,-5.501,0.446,-0.827,0.459,20.038828,0.005167,1.350222,0.08490683791469329,0.9934,1
Gaia EDR3 5857909816393000192,0.006985,0.004657,198.83413598001,-65.91434292691,-0.0454,0.1415,-5.971,0.129,-0.241,0.166,16.402418,0.003014,1.877279,0.0065958180396682746,0.9654,1
Gaia EDR3 5857909678937327744,-0.015841,-0.017798,198.77816980622,-65.93679376968,-0.572,0.2685,-5.698,0.256,-0.653,0.312,19.582838,0.003996,1.168604,0.08913727067257912,0.9896,1
Gaia EDR3 5857909541498502784,0.017563,-0.010018,198.86008106127,-65.92901242287,0.407,0.3583,-4.707,0.355,0.268,0.402,19.927319,0.004457,1.178001,0.06576147384588925,0.9864,1
Gaia EDR3 5857909438419143168,0.005975,-0.020222,198.83167591616,-65.93922178881,0.925,0.3478,-5.155,0.4,-0.737,0.344,19.639505,0.004689,1.470249,0.24319927308099143,0.9965,1
Gaia EDR3 5857909644577772032,0.001864,-0.005586,198.82158872511,-65.92458627578,0.1919,0.3691,-5.854,0.357,-0.964,0.582,19.884102,0.00489,,,0.9947,1
Gaia EDR3 5857912663904787840,-0.012774,0.009096,198.78572402313,-65.90990123797,0.7049,0.3582,-5.36,0.338,-1.05,0.373,19.780537,0.004728,1.301971,0.06588778661121883,0.9817,1
Gaia EDR3 5857909713297201536,-0.004754,-0.007959,198.80536574547,-65.92695933278,0.6289,0.3379,-5.379,0.327,-1.122,0.372,19.818586,0.004762,,,0.9952,1
Gaia EDR3 5857909541498456064,0.011667,-0.013281,198.8456274727,-65.93227935118,-0.4194,0.5967,-5.392,0.669,-1.17,0.883,20.350616,0.007365,,,0.9701,1
Gaia EDR3 5857909713297309568,-0.00654,-0.002581,198.80099025347,-65.92158053769,0.732,0.811,-4.486,1.339,-0.375,1.278,20.58954,0.007936,0.585468,0.5246615127569747,0.998,1
Gaia EDR3 5857909816376686336,0.008792,0.006644,198.83856220797,-65.91235518022,0.625,0.1815,-5.688,0.168,-0.928,0.201,18.986563,0.003503,1.634668,0.03423664105684398,0.9952,1
Gaia EDR3 5857909713297319296,-0.006795,-0.001535,198.80036545415,-65.92053459238,-0.7546,0.2312,-4.989,0.229,-0.857,0.316,19.305958,0.004036,,,0.9983,1
Gaia EDR3 5857909713313770496,-0.004654,0.000775,198.80561499691,-65.91822480926,-0.189,0.1985,-4.552,0.17,0.237,0.225,16.649103,0.003743,1.674721,0.015515132080807893,0.9955,1
Gaia EDR3 5857909713297412608,-0.000588,0.004654,198.81558018266,-65.91434682879,0.1952,0.1604,-5.842,0.151,-1.032,0.192,18.779114,0.0035,1.014282,0.31122828490549265,0.9905,1
Gaia EDR3 5857909713299592448,-0.009239,-0.00256,198.79437341195,-65.92155869446,-0.5692,0.2856,-5.752,0.54,-0.734,0.308,18.998405,0.005184,,,0.9965,1
Gaia EDR3 5857912668251725952,-0.010366,0.005411,198.79161926762,-65.91358745741,0.0391,0.0199,-5.936,0.017,-0.933,0.024,13.813337,0.002955,3.374919,0.008764991023631884,0.977,1
Gaia EDR3 5857909713297292032,-0.001307,-0.001889,198.81381734443,-65.92088999314,0.9539,0.1296,-5.324,0.116,-0.755,0.148,17.943834,0.003536,1.532446,0.043646045913295434,0.9993,1
Gaia EDR3 5857909816379441280,0.007099,0.01299,198.83440916373,-65.90600972656,-0.2465,0.4832,-4.632,0.513,0.306,0.578,20.215765,0.005614,1.303967,0.10399835552183385,0.9882,1
Gaia EDR3 5857909644577778688,0.003191,-0.005295,198.82484164512,-65.92429516,-0.1329,0.1177,-5.453,0.099,-1.333,0.226,17.704025,0.004784,,,0.9687,1
Gaia EDR3 5857909644580107520,-0.002241,-0.011027,198.81152531702,-65.93002775636,0.5445,0.4768,-5.373,0.493,-1.255,0.6,20.276056,0.005789,1.328648,0.20535563295152168,0.9794,1
Gaia EDR3 5857909816378822784,0.005092,0.007185,198.82949511425,-65.91181543516,-0.8779,0.3216,-4.956,0.309,-0.381,0.383,19.776028,0.004404,1.128254,0.08030073413287052,0.9994,1
Gaia EDR3 5857909678937434752,-0.017903,-0.009226,198.77312680293,-65.92822072518,0.66,0.3305,-5.779,0.303,-0.849,0.365,19.804787,0.004381,1.627152,0.07764585329640576,0.9874,1
Gaia EDR3 5857909747673504640,0.012509,-0.001686,198.84767887608,-65.92068339626,0.0857,0.0355,-5.742,0.034,-1.222,0.041,16.173363,0.002789,1.921852,0.007396820313743356,0.975,1
Gaia EDR3 5857909644580645888,-0.00572,-0.010398,198.80299547395,-65.92939804287,-0.75,0.6271,-5.017,0.865,0.103,0.896,20.572275,0.00699,1.896191,0.2066633124899743,0.9976,1
Gaia EDR3 5857909708948520064,0.00162,0.005773,198.82098903541,-65.91322788801,0.2484,0.0863,-5.918,0.082,-1.027,0.103,17.388317,0.002938,1.791023,0.011760386146966896,0.9843,1
Gaia EDR3 5857909747656946432,0.010249,-0.008503,198.84214628204,-65.92750201988,0.1464,0.3296,-4.187,0.291,-0.098,0.378,18.88229,0.004661,1.297878,0.05476119608404509,0.9683,1
Gaia EDR3 5857912771317628416,0.002937,0.016006,198.82421387152,-65.90299430544,0.9802,0.6395,-4.726,0.711,-0.301,0.988,20.428047,0.006717,1.59515,0.10211719196690307,0.9977,1
Gaia EDR3 5857909713297297152,0.001845,-0.003325,198.82154183247,-65.92232597935,0.9392,0.3066,-5.521,0.261,-0.804,0.317,19.213787,0.005297,,,0.999,1
Gaia EDR3 5857909713313769984,-0.000267,0.000783,198.8163658536,-65.9182179642,-0.1128,0.109,-5.952,0.101,-1.027,0.131,17.843924,0.003193,1.285486,0.021277345141871653,0.988,1
