EDR3Name,_x,_y,RA_ICRS,DE_ICRS,Plx,e_Plx,pmRA,e_pmRA,pmDE,e_pmDE,Gmag,e_Gmag,BP-RP,e_BP-RP,probs_final,membs_select
Gaia EDR3 5985413200471731840,-0.050222,-0.009978,234.77178544534,-50.0589484617,0.0439,0.0587,-3.945,0.058,-3.073,0.057,16.580854,0.002832,2.223832,0.009733353034598892,0.9974,1
Gaia EDR3 5985412517645814784,-0.023558,-0.003652,234.8133225953,-50.05264293078,0.0601,0.0928,-3.972,0.097,-3.093,0.081,17.569256,0.002913,2.158791,0.014144870147428146,0.9966,1
Gaia EDR3 5985413303550156416,-0.050483,0.011317,234.77141330344,-50.03765329363,0.0615,0.1115,-3.912,0.12,-3.117,0.101,17.822895,0.002998,1.767742,0.02405115701871771,0.9974,1
Gaia EDR3 5985413406630589312,-0.064708,0.001499,234.74924601331,-50.04745393488,0.0808,0.1462,-3.921,0.148,-3.113,0.117,18.168371,0.003202,1.916664,0.022569163493594512,0.996,1
Gaia EDR3 5985413406630178944,-0.059556,0.006658,234.75727822427,-50.04230207619,0.0829,0.1288,-3.959,0.13,-3.139,0.118,18.043701,0.002986,1.832378,0.04218089275190094,0.9968,1
Gaia EDR3 5985413273560103040,-0.03033,0.015665,234.80279519571,-50.03332218311,0.0006,0.0696,-3.954,0.071,-3.023,0.059,16.968073,0.002847,2.303207,0.013618930591966828,0.996,1
Gaia EDR3 5985414815379872000,-0.032887,0.026889,234.79882588105,-50.02209635797,0.1044,0.0812,-3.967,0.085,-3.039,0.069,17.265448,0.002852,2.252672,0.012837550080798484,0.9941,1
Gaia EDR3 5985413342279595520,-0.043252,0.018758,234.78268253979,-50.03021916859,-0.0004,0.0854,-3.937,0.088,-3.139,0.073,17.355183,0.002886,1.824535,0.013738833048883962,0.9966,1
Gaia EDR3 5985413514044473216,-0.052795,0.009696,234.76781136072,-50.03927195091,0.0115,0.1268,-3.89,0.119,-3.132,0.107,18.042286,0.003122,,,0.9973,1
Gaia EDR3 5985413273560080000,-0.031782,0.002039,234.8005204507,-50.04694705199,0.063,0.1023,-4.046,0.108,-3.097,0.096,17.730366,0.002929,1.860329,0.015330972154053813,0.9973,1
Gaia EDR3 5985413200472154496,-0.053593,-0.007662,234.76653880645,-50.05662887621,0.0648,0.5166,-4.047,0.538,-3.055,0.413,19.772045,0.00573,1.699623,0.18439869145324667,0.9972,1
Gaia EDR3 5985413170480869888,-0.062688,-0.011074,234.75236548624,-50.06002956744,-0.0244,0.0772,-4.004,0.08,-3.015,0.067,17.206627,0.002875,2.152105,0.012711858701363418,0.9957,1
Gaia EDR3 5985413234831894656,-0.033831,-0.00433,234.79732280113,-50.05331521287,0.1364,0.1408,-3.956,0.134,-3.024,0.108,18.116941,0.00304,1.870008,0.02667594386537694,0.9976,1
Gaia EDR3 5985413307885853312,-0.043018,-0.004336,234.78301410507,-50.05331324592,-0.0463,0.0381,-3.971,0.038,-3.022,0.034,15.44389,0.002939,3.404514,0.010628506999165701,0.9978,1
Gaia EDR3 5985413273560091264,-0.031885,0.008035,234.80036671933,-50.04095135739,0.1384,0.0989,-3.967,0.12,-3.02,0.071,17.17429,0.003071,,,0.9971,1
Gaia EDR3 5985413204840594432,-0.046043,-0.007607,234.77829826738,-50.0565816282,-0.0276,0.0442,-4.011,0.042,-3.011,0.039,16.090809,0.002837,2.720369,0.012820068074820964,0.9977,1
Gaia EDR3 5985412375838426112,-0.030562,-0.022327,234.80239569277,-50.07131434552,0.0901,0.1032,-4.047,0.109,-3.024,0.089,17.75017,0.002955,2.087555,0.017350241179729886,0.9957,1
Gaia EDR3 5985412478926509952,-0.025844,-0.009574,234.80975791033,-50.05856383909,0.0858,0.0941,-3.961,0.097,-2.966,0.082,17.58276,0.002915,2.184805,0.016491405173047768,0.9967,1
Gaia EDR3 5985413307919838592,-0.046489,0.00591,234.77762414507,-50.04306424593,0.1501,0.0733,-4.012,0.075,-3.108,0.069,17.060047,0.002846,2.098984,0.015184423491054512,0.9977,1
Gaia EDR3 5985413514044510720,-0.053168,0.014195,234.76723727143,-50.03477260685,-0.003,0.134,-4.079,0.133,-3.091,0.114,18.044413,0.003024,1.891468,0.02252084744042223,0.9968,1
Gaia EDR3 5985413269200491648,-0.030814,0.010122,234.80203502108,-50.03886504376,0.1108,0.0725,-4.0,0.076,-2.97,0.061,17.035488,0.002867,2.270422,0.019263795376270567,0.9966,1
Gaia EDR3 5985413514044535552,-0.050227,0.019506,234.77182479809,-50.02946514496,-0.014,0.2113,-3.852,0.214,-3.151,0.163,18.729343,0.003448,,,0.9964,1
Gaia EDR3 5985413307885924480,-0.045613,0.000344,234.77898016366,-50.04863141554,-0.029,0.0619,-3.835,0.058,-3.088,0.053,15.589411,0.003999,4.249034,0.03488242952568561,0.9978,1
Gaia EDR3 5985412483286065792,-0.028637,-0.011221,234.80540608865,-50.06020972771,0.1646,0.0552,-4.031,0.053,-3.057,0.047,16.613432,0.002822,2.308795,0.008919331353905997,0.9969,1
Gaia EDR3 5985413307919831424,-0.040028,0.004232,234.78768282755,-50.0447485695,0.0497,0.0849,-4.092,0.09,-3.124,0.072,17.331423,0.002915,2.116295,0.02271244502106242,0.9976,1
Gaia EDR3 5985412517645803904,-0.022639,-0.008196,234.81475141017,-50.05718792242,0.0064,0.159,-3.812,0.15,-3.104,0.118,18.197393,0.003054,2.046545,0.023682875897030633,0.9965,1
Gaia EDR3 5985413337911120384,-0.035892,0.024527,234.79414580883,-50.02445606191,-0.022,0.1656,-3.962,0.162,-3.215,0.126,18.316736,0.00312,2.027981,0.03292639444386129,0.9946,1
Gaia EDR3 5985413307885853056,-0.042666,-0.003715,234.78356274346,-50.05269303567,-0.0838,0.1254,-3.956,0.123,-3.162,0.106,18.036343,0.003375,1.807024,0.03160785437968083,0.9978,1
Gaia EDR3 5985412517611783040,-0.025665,-0.005301,234.81003963818,-50.05429139106,-0.0587,0.2396,-3.992,0.248,-3.186,0.189,18.920294,0.003509,2.071014,0.03715773280845293,0.9968,1
Gaia EDR3 5985413170446889856,-0.058725,-0.013507,234.75853329182,-50.06246780502,0.065,0.0583,-3.999,0.057,-3.225,0.05,16.646404,0.002855,2.180213,0.008936847551020264,0.9957,1
Gaia EDR3 5985413342245820288,-0.041901,0.02013,234.78478739978,-50.02884902035,0.0443,0.4324,-4.02,0.489,-3.224,0.34,19.672297,0.004436,1.773394,0.09373746887075883,0.996,1
Gaia EDR3 5985413239166390656,-0.040023,-0.002259,234.78768147268,-50.05123946758,0.0594,0.1615,-4.083,0.174,-2.979,0.124,18.060282,0.003528,,,0.9976,1
Gaia EDR3 5985413582797782144,-0.064133,0.023271,234.75018663385,-50.02568299984,0.0457,0.045,-4.102,0.044,-3.007,0.04,16.032217,0.002821,2.610474,0.010028029541425267,0.994,1
Gaia EDR3 5985413410999050240,-0.059317,-0.003411,234.7576312168,-50.05237087962,0.1457,0.0772,-4.093,0.081,-3.06,0.059,16.938711,0.002847,2.184099,0.010708860645469982,0.9967,1
Gaia EDR3 5985413200471736832,-0.056188,-0.005323,234.76250125367,-50.05428706329,0.1193,0.1344,-3.796,0.132,-3.063,0.112,18.084032,0.003025,1.881964,0.022787069049181836,0.9971,1
Gaia EDR3 5985413337910707712,-0.034312,0.013325,234.79659372567,-50.03565968789,0.0545,0.1651,-4.132,0.153,-3.098,0.14,18.067207,0.003528,1.785717,0.03004784619169721,0.9965,1
Gaia EDR3 5985413200481010944,-0.049897,-0.008306,234.77229393496,-50.05727658936,-0.1144,0.1427,-3.959,0.148,-3.161,0.124,18.11756,0.003134,1.917356,0.026726866274908372,0.9974,1
Gaia EDR3 5985413200471003520,-0.048173,-0.008785,234.77497892633,-50.05775750604,0.0985,0.0798,-4.129,0.084,-3.088,0.075,17.262432,0.002903,2.221313,0.01681223689156917,0.9974,1
Gaia EDR3 5985413204806659456,-0.048782,-0.005165,234.77403517376,-50.05413743954,0.0669,0.1293,-4.136,0.184,-3.086,0.194,17.561249,0.003118,,,0.9975,1
Gaia EDR3 5985413307885921920,-0.044973,0.000531,234.77997702696,-50.04844522927,-0.0391,0.1329,-3.829,0.132,-2.977,0.108,18.106497,0.003097,2.1143,0.04162567803441871,0.9979,1
Gaia EDR3 5985412380206830848,-0.033841,-0.023673,234.79728531843,-50.07265822278,0.1763,0.1358,-4.085,0.13,-3.092,0.107,18.108282,0.003054,1.922762,0.024705510341312034,0.9956,1
Gaia EDR3 5985412483286060928,-0.030288,-0.014761,234.80283069056,-50.06374854133,-0.059,0.1523,-3.835,0.147,-3.174,0.126,18.190592,0.003066,1.947321,0.02656127594476064,0.9966,1
Gaia EDR3 5985413307919838720,-0.039796,0.009455,234.78805026628,-50.03952581214,-0.0305,0.0635,-4.079,0.065,-2.961,0.055,16.838575,0.002847,2.193268,0.00837220410800778,0.9972,1
Gaia EDR3 5985413307885964928,-0.043178,0.005983,234.78277874996,-50.04299432112,0.0437,0.1462,-3.856,0.149,-3.237,0.124,18.163626,0.003083,2.016163,0.023594522705777745,0.9974,1
Gaia EDR3 5985413509718656000,-0.050968,0.018979,234.77067154393,-50.02999078755,0.027,0.1336,-4.039,0.136,-2.912,0.122,18.049505,0.003014,1.958139,0.03591024407349128,0.9961,1
Gaia EDR3 5985413307885986432,-0.045905,0.006725,234.77853466152,-50.04224975513,0.0046,0.1055,-3.791,0.112,-2.995,0.097,17.750267,0.00308,1.750568,0.07404944110209624,0.9978,1
Gaia EDR3 5985413239166247808,-0.032363,-0.013034,234.79960038176,-50.06202051802,-0.1454,0.1224,-3.918,0.127,-3.085,0.115,17.950502,0.003752,1.894228,0.033984515548606806,0.9972,1
Gaia EDR3 5985413303550421120,-0.047743,0.00568,234.77567107717,-50.0432936782,0.1829,0.1422,-4.082,0.141,-3.017,0.114,18.152456,0.00306,1.971291,0.052782995744862345,0.9975,1
Gaia EDR3 5985414751030065664,-0.028074,0.021473,234.80631200598,-50.02751603235,0.141,0.1037,-4.121,0.105,-3.141,0.085,16.954865,0.003212,,,0.994,1
Gaia EDR3 5985413239166348032,-0.03448,-0.003158,234.79631300255,-50.05214252984,0.1146,0.1589,-4.138,0.149,-3.012,0.121,18.161186,0.003057,2.060837,0.021687972491542223,0.9973,1
Gaia EDR3 5985413131772719488,-0.041316,-0.016998,234.78564790324,-50.06597671243,-0.1027,0.2039,-3.881,0.19,-2.956,0.152,18.63231,0.00378,1.77788,0.10598665972369589,0.9971,1
Gaia EDR3 5985413342245715328,-0.036792,0.010452,234.79272877198,-50.03853045397,-0.1121,0.4038,-3.926,0.455,-2.943,0.313,19.545584,0.004694,1.950741,0.07983344192231835,0.9972,1
Gaia EDR3 5985413239200308096,-0.032932,-0.014462,234.7987121319,-50.06344798508,-0.0867,0.0536,-4.102,0.052,-3.182,0.051,16.547228,0.002818,2.192605,0.008605451631800438,0.9968,1
Gaia EDR3 5985413307886018048,-0.043534,0.012615,234.7822349968,-50.0363619657,-0.081,0.0878,-3.942,0.088,-2.893,0.076,17.39445,0.003088,2.119005,0.03158460897331357,0.9972,1
Gaia EDR3 5985413234831895296,-0.031775,-0.002984,234.80052558399,-50.05197047359,-0.091,0.1057,-4.04,0.109,-3.24,0.091,17.698673,0.002943,1.955635,0.01920903259497497,0.9972,1
Gaia EDR3 5985413307919842688,-0.045918,0.008409,234.77851727854,-50.04056637933,-0.1564,0.0745,-3.884,0.077,-2.99,0.07,17.112427,0.002853,2.10906,0.016501097336878465,0.9977,1
Gaia EDR3 5985413136121094400,-0.044286,-0.019261,234.78101729283,-50.06823746558,0.2364,0.1494,-3.836,0.144,-3.026,0.123,18.143559,0.003082,1.954451,0.05657114031303698,0.9968,1
Gaia EDR3 5985413131752671744,-0.040034,-0.019725,234.78764141987,-50.06870499455,0.2498,0.1457,-3.957,0.14,-3.189,0.113,18.113565,0.003056,1.886591,0.022713261342778686,0.9964,1
Gaia EDR3 5985413376639302400,-0.062321,-0.009828,234.7529390918,-50.05878401967,-0.1784,0.1369,-4.024,0.134,-3.046,0.112,18.122698,0.003032,1.872049,0.029377175001703063,0.9959,1
Gaia EDR3 5985413204840621696,-0.053481,0.000865,234.76672764695,-50.04810183531,0.2404,0.0783,-4.059,0.085,-3.162,0.065,17.138626,0.002861,2.212635,0.014245267498613285,0.9974,1
Gaia EDR3 5985413234831896832,-0.035926,0.000491,234.79406586561,-50.04849235645,-0.1833,0.1739,-3.994,0.172,-3.127,0.131,18.32842,0.003095,1.976067,0.03026172217769956,0.9977,1
Gaia EDR3 5985413204806674560,-0.048977,-0.004442,234.77373372997,-50.0534138343,-0.0467,0.174,-3.767,0.171,-3.212,0.131,18.408806,0.005367,1.464254,0.058866098360719696,0.9972,1
Gaia EDR3 5985413239200330112,-0.035683,-0.004439,234.79443851238,-50.05342234473,0.2382,0.1382,-3.836,0.133,-3.193,0.11,18.122168,0.003057,1.952833,0.021533075322350312,0.9975,1
Gaia EDR3 5985413410965271680,-0.062777,0.006405,234.75226172632,-50.0425512975,-0.112,0.2331,-4.158,0.227,-3.139,0.185,18.703428,0.004621,,,0.9959,1
Gaia EDR3 5985413136121110784,-0.044134,-0.011403,234.78126609646,-50.06037946483,0.0156,0.1385,-4.108,0.129,-2.862,0.12,18.092428,0.003423,1.999073,0.02760318285709011,0.9968,1
Gaia EDR3 5985413131751723904,-0.042867,-0.017379,234.78323134537,-50.06635709787,0.279,0.2225,-4.08,0.221,-3.029,0.181,18.711542,0.003293,1.139973,0.044206533268006803,0.9969,1
Gaia EDR3 5985413234846624384,-0.035589,-0.002455,234.79458686187,-50.05143906622,-0.0984,0.0871,-3.725,0.084,-3.107,0.076,15.769359,0.007873,5.216534,0.05427638176774595,0.9975,1
Gaia EDR3 5985412513276169600,-0.020112,-0.004136,234.81868996199,-50.05312836249,0.2715,0.1225,-4.108,0.114,-3.111,0.101,18.030163,0.002988,2.072649,0.02810784323795747,0.9955,1
Gaia EDR3 5985413097392928640,-0.052465,-0.030484,234.76825636081,-50.07945193058,0.3071,0.1412,-4.021,0.134,-3.026,0.11,18.11087,0.003062,2.01469,0.025726380747062964,0.994,1
Gaia EDR3 5985413548404319488,-0.04357,0.029852,234.78220253839,-50.01912506829,-0.1118,0.2454,-3.734,0.255,-3.141,0.204,18.850895,0.003668,2.018873,0.05583538703780424,0.9935,1
Gaia EDR3 5985413166111194752,-0.061275,-0.021372,234.75454539676,-50.07032968191,0.2449,0.1705,-4.16,0.167,-3.063,0.13,18.280231,0.003087,1.844833,0.022445155569865816,0.9938,1
Gaia EDR3 5985413376640527872,-0.071188,-0.001335,234.73914837932,-50.0502794551,-0.057,0.1477,-3.743,0.147,-3.244,0.114,18.192995,0.003055,1.93231,0.03510290893251292,0.9923,1
Gaia EDR3 5985412517611772544,-0.021644,-0.004378,234.81630362467,-50.05336960768,0.108,0.4401,-4.139,0.455,-3.296,0.331,19.670143,0.004492,1.907045,0.09859625228485949,0.9953,1
Gaia EDR3 5985413204840599424,-0.04524,-0.006057,234.77955086885,-50.05503271692,-0.0606,0.1209,-3.747,0.12,-3.256,0.106,17.97641,0.003017,1.878832,0.023512791854153024,0.997,1
Gaia EDR3 5985412792489718784,-0.064214,-0.021961,234.74996509558,-50.07091522599,-0.1208,0.0908,-3.712,0.087,-3.063,0.079,16.789587,0.002945,2.114993,0.009296316989851975,0.9934,1
Gaia EDR3 5985412483252023680,-0.026326,-0.008328,234.80900761004,-50.05731740872,0.0866,0.1507,-3.675,0.146,-3.173,0.115,18.203701,0.003051,1.977255,0.03139017930765172,0.9963,1
Gaia EDR3 5985413303560226176,-0.049751,0.004922,234.77254342027,-50.04404865751,-0.1248,0.1604,-4.146,0.162,-2.92,0.127,18.306734,0.003229,2.002912,0.035835488898438926,0.997,1
Gaia EDR3 5985413307885899776,-0.044204,-0.000695,234.78117195874,-50.04967195621,-0.0937,0.1622,-4.064,0.159,-3.323,0.126,18.127092,0.003051,2.002207,0.029936251048359903,0.9973,1
Gaia EDR3 5985413166112412416,-0.053923,-0.015275,234.76601099089,-50.06424118155,0.2777,0.1253,-4.092,0.121,-2.941,0.107,17.952345,0.003015,2.072514,0.02434370555141347,0.9963,1
Gaia EDR3 5985413136087910272,-0.043568,-0.024907,234.78212828427,-50.07388414285,-0.1507,0.1365,-3.75,0.127,-3.184,0.113,18.077377,0.00306,1.884687,0.020640006211525407,0.9948,1
Gaia EDR3 5985413273526191104,-0.031778,0.007713,234.80053175267,-50.0412732093,-0.1281,0.1449,-3.738,0.138,-3.209,0.117,16.582651,0.003831,2.44729,0.03359558327736408,0.9965,1
Gaia EDR3 5985412513277388160,-0.011652,-0.006029,234.83186418036,-50.05502480336,0.2038,0.1525,-3.905,0.146,-2.818,0.115,18.2101,0.003111,1.975346,0.02256698202949124,0.9924,1
Gaia EDR3 5985413204806670976,-0.047131,-0.003899,234.77660866249,-50.05287294729,-0.0925,0.2852,-3.782,0.318,-2.862,0.25,19.094055,0.003877,1.822332,0.19520438163720397,0.9977,1
Gaia EDR3 5985413376605461376,-0.069815,-0.005585,234.74127628444,-50.05453091967,0.1592,0.2141,-3.807,0.212,-2.828,0.171,18.69885,0.003357,1.626316,0.0319769407008928,0.9936,1
Gaia EDR3 5985413200481011328,-0.049332,-0.006497,234.77317687212,-50.05546811142,-0.023,0.1246,-3.651,0.131,-3.135,0.116,17.891674,0.003077,1.89415,0.04800242922064598,0.997,1
Gaia EDR3 5985413273560088320,-0.024942,0.009606,234.81117726914,-50.03938435774,0.1452,0.1074,-3.657,0.114,-3.018,0.09,17.668013,0.002957,2.142483,0.01419755317018012,0.9956,1
Gaia EDR3 5985413204806645376,-0.048334,-0.006845,234.77473061178,-50.05581736132,-0.2376,0.1699,-4.09,0.155,-3.18,0.142,18.05946,0.004757,,,0.9974,1
Gaia EDR3 5985413136087081472,-0.043737,-0.013689,234.78188117301,-50.06266587712,-0.1855,0.3813,-3.92,0.405,-2.844,0.287,19.44025,0.004132,2.011522,0.0803437600437786,0.9971,1
Gaia EDR3 5985413514044485120,-0.053441,0.010838,234.76680694275,-50.03812952905,0.1175,0.2331,-3.69,0.236,-2.89,0.181,18.757751,0.003356,1.829098,0.05395290036064528,0.9971,1
Gaia EDR3 5985413337910703616,-0.037268,0.008981,234.79198635994,-50.04000191257,-0.2233,0.1685,-3.811,0.158,-2.941,0.148,18.072702,0.003432,,,0.9975,1
Gaia EDR3 5985413479685349248,-0.065661,0.01736,234.74779562771,-50.03159215951,0.0438,0.1706,-3.62,0.171,-3.123,0.151,18.095146,0.003119,1.952652,0.026184766462452373,0.994,1
Gaia EDR3 5985413204840603648,-0.049488,-0.005475,234.7729352433,-50.05444607219,-0.126,0.1321,-4.15,0.133,-2.859,0.114,18.062965,0.003149,,,0.9967,1
Gaia EDR3 5985413136087001984,-0.033966,-0.017072,234.79709857979,-50.06605655113,0.0044,0.2508,-4.255,0.223,-3.245,0.182,18.767225,0.003666,1.753195,0.062036050206960056,0.9959,1
Gaia EDR3 5985413204840606080,-0.051004,-0.005909,234.77057334942,-50.05487929152,0.2709,0.1244,-4.181,0.12,-3.21,0.119,18.041996,0.003265,1.840855,0.030259330232922613,0.9971,1
Gaia EDR3 5985413170446883712,-0.06067,-0.015294,234.75550049713,-50.06425301968,-0.2604,0.2268,-3.799,0.242,-3.044,0.176,18.85861,0.003455,2.006802,0.0940645697484668,0.9957,1
Gaia EDR3 5985413410965238528,-0.06206,0.002817,234.75337134548,-50.0461399973,0.1697,0.3236,-3.651,0.371,-3.187,0.259,19.268513,0.003944,1.897862,0.057328921343038984,0.9955,1
Gaia EDR3 5985413303560228352,-0.042855,0.000602,234.7832744365,-50.04837551495,0.3484,0.1859,-4.045,0.195,-2.934,0.157,18.536448,0.003256,1.867365,0.045092659113353806,0.9976,1
Gaia EDR3 5985413514044553472,-0.0604,0.01743,234.75598450418,-50.03152897098,0.3478,0.1474,-4.145,0.15,-3.056,0.123,18.154028,0.003154,1.837336,0.06062154588286941,0.9955,1
Gaia EDR3 5985413342279593984,-0.036348,0.02131,234.79343239451,-50.02767354228,0.3616,0.1533,-3.979,0.151,-2.909,0.119,18.230045,0.003134,2.028793,0.030903117822233924,0.9954,1
Gaia EDR3 5985413307919837056,-0.0498,0.0031,234.77246398479,-50.04587072223,0.0994,0.0794,-4.207,0.085,-3.332,0.067,17.007711,0.002945,2.264972,0.013681562422490825,0.9969,1
Gaia EDR3 5985413200481011968,-0.047514,-0.011551,234.77600148044,-50.06052456974,0.0064,0.1512,-4.316,0.147,-3.123,0.127,18.181686,0.003094,2.0168,0.05094886347350889,0.9965,1
Gaia EDR3 5985413204806656000,-0.045071,-0.004322,234.77981615546,-50.0532976921,-0.0034,0.1812,-3.606,0.185,-3.19,0.139,18.499744,0.003118,1.955008,0.04818894623420329,0.9969,1
Gaia EDR3 5985413307919843712,-0.052479,0.005666,234.7682967468,-50.04330227268,-0.029,0.2346,-3.6,0.239,-3.164,0.177,18.820757,0.003423,1.93092,0.07232366109021375,0.9967,1
Gaia EDR3 5985413170446773248,-0.054134,-0.023731,234.76566801351,-50.07269704328,-0.1658,0.1934,-4.1,0.185,-3.352,0.148,18.563969,0.003249,1.441105,0.02605634015761987,0.9933,1
Gaia EDR3 5985414746659979520,-0.01801,0.011977,234.82197281369,-50.03701705981,0.1478,0.0658,-4.212,0.068,-3.335,0.057,16.964455,0.002834,2.082237,0.009432246610597973,0.9903,1
Gaia EDR3 5985413101761524224,-0.044574,-0.025069,234.78056105659,-50.07404505799,0.3413,0.1107,-3.92,0.117,-2.844,0.099,17.767958,0.002955,1.772486,0.01465072253419331,0.9957,1
Gaia EDR3 5985413204840741504,-0.049314,-0.011566,234.7731964034,-50.06053806061,0.2136,0.1323,-3.925,0.13,-2.739,0.124,18.055315,0.003059,1.909315,0.02713727202639248,0.9966,1
Gaia EDR3 5985413342245736192,-0.037089,0.012425,234.79226859103,-50.0365579508,-0.1164,0.2065,-3.667,0.206,-3.269,0.164,18.72456,0.003335,1.910877,0.04124306155611239,0.9957,1
Gaia EDR3 5985413410965856896,-0.057038,0.003716,234.76119383222,-50.04524691398,0.1563,0.3241,-3.923,0.377,-3.444,0.281,19.268179,0.004165,1.80887,0.05921014718636885,0.995,1
Gaia EDR3 5985413307887614848,-0.052075,0.007711,234.76892906537,-50.04125781269,-0.2342,1.0084,-3.688,0.958,-3.102,0.935,20.50223,0.009208,1.098057,0.26362762314225996,0.9972,1
Gaia EDR3 5985413101728167936,-0.043806,-0.029257,234.78175083443,-50.07823376345,-0.3385,0.1698,-3.853,0.159,-3.019,0.129,18.365461,0.003356,1.359692,0.04883053686018307,0.9952,1
Gaia EDR3 5985413514078280576,-0.052597,0.01015,234.76811984672,-50.03881849869,0.2666,0.1211,-3.635,0.157,-3.177,0.173,17.59459,0.003085,,,0.9966,1
Gaia EDR3 5985413269191634560,-0.027596,-0.001084,234.80703686194,-50.0500728725,-0.1933,0.1569,-3.631,0.15,-3.049,0.119,18.234264,0.00312,2.013651,0.021972150655087275,0.9969,1
Gaia EDR3 5985413307885993344,-0.043259,0.008984,234.78265721544,-50.03999383307,0.1249,0.612,-3.811,0.795,-3.45,0.638,20.009632,0.006302,1.353638,0.1434740234456472,0.9951,1
Gaia EDR3 5985413273560096128,-0.032929,0.009488,234.79874232241,-50.03949736778,0.4226,0.2348,-3.987,0.238,-3.226,0.177,18.842525,0.003357,2.029009,0.04917714947929525,0.9968,1
Gaia EDR3 5985413204806638336,-0.044438,-0.005471,234.78080099613,-50.05444761058,0.2268,0.1532,-4.3,0.157,-3.198,0.12,18.14732,0.003226,1.85882,0.024809371455518318,0.9971,1
Gaia EDR3 5985413445358802432,-0.076315,-0.002687,234.73115919738,-50.05162366953,0.3381,0.1998,-4.239,0.199,-3.065,0.163,18.521654,0.003222,1.291267,0.04199086561676429,0.9888,1
Gaia EDR3 5985413273560095232,-0.026726,0.012336,234.80840289161,-50.03665393972,-0.1081,0.6175,-4.32,0.703,-3.181,0.475,19.859798,0.005176,1.860903,0.12381476941932987,0.9941,1
Gaia EDR3 5985413342246378496,-0.039449,0.011479,234.78859244101,-50.03750160501,0.3749,0.6489,-3.72,0.754,-3.144,0.563,20.1702,0.006357,1.809524,0.18709479439835286,0.997,1
Gaia EDR3 5985413342245807872,-0.04523,0.017067,234.77959989852,-50.03190857729,0.4384,0.24,-3.878,0.252,-2.988,0.205,19.06549,0.003687,2.109835,0.038730997220308455,0.997,1
Gaia EDR3 5985413273526208640,-0.035638,0.007753,234.79452168093,-50.04123024127,0.1282,0.19,-4.33,0.182,-3.235,0.147,18.169222,0.003276,1.84561,0.041986047792684215,0.9962,1
Gaia EDR3 5985413410965293952,-0.059374,0.010781,234.75756934567,-50.03817925277,-0.2556,0.5243,-4.208,0.627,-2.936,0.413,19.862902,0.00559,1.885368,0.19699993652865652,0.9955,1
Gaia EDR3 5985413410965211648,-0.05619,0.002621,234.76251158569,-50.04634317442,-0.3207,0.2475,-3.983,0.263,-2.878,0.224,19.05123,0.003739,1.838451,0.059241292457520384,0.997,1
Gaia EDR3 5985413445325051648,-0.073324,0.006296,234.73583916999,-50.04264474509,-0.2144,0.3213,-3.679,0.369,-3.258,0.263,19.285295,0.005737,1.650005,0.0543256342268383,0.991,1
Gaia EDR3 5985413234831888896,-0.034819,-0.015,234.79577158338,-50.06398401354,-0.0907,0.173,-4.334,0.167,-2.956,0.14,18.090542,0.003335,1.963959,0.0186112644628919,0.995,1
Gaia EDR3 5985413166121270784,-0.060054,-0.014253,234.75646157006,-50.06321258081,0.0944,0.1661,-3.62,0.173,-2.83,0.129,18.325396,0.003187,2.045332,0.028227735704369847,0.9954,1
Gaia EDR3 5985413410965287808,-0.058675,0.010468,234.75865659195,-50.03849343626,0.2765,0.2326,-3.767,0.247,-2.776,0.181,18.844595,0.003562,1.864679,0.03950060362559548,0.9963,1
Gaia EDR3 5985412375837209344,-0.038003,-0.030678,234.79079205845,-50.07966036284,-0.2322,0.2118,-4.131,0.211,-2.805,0.174,18.730425,0.003311,1.865704,0.039400442379355055,0.9928,1
Gaia EDR3 5985412483251888000,-0.022904,-0.02176,234.81432729822,-50.07075105598,0.2437,0.0759,-4.02,0.08,-2.705,0.066,17.276073,0.002876,1.307829,0.019591574040586465,0.991,1
Gaia EDR3 5985413170482085120,-0.059636,-0.011414,234.75711808907,-50.06037418967,-0.2514,0.8206,-3.644,0.964,-3.056,0.958,19.927025,0.006535,,,0.9957,1
Gaia EDR3 5985413410965865856,-0.062729,0.010998,234.7523460383,-50.03795772039,0.1458,0.1538,-4.129,0.155,-3.461,0.133,18.140282,0.00309,1.941128,0.01946027447659882,0.9933,1
Gaia EDR3 5985412483287302400,-0.027225,-0.010897,234.80760574347,-50.05988585325,-0.2844,0.1384,-3.931,0.136,-3.366,0.124,17.735582,0.003457,1.911861,0.1681646251296408,0.9955,1
Gaia EDR3 5985413136121116672,-0.043883,-0.007872,234.78166232878,-50.05684844457,-0.0561,0.1319,-3.847,0.14,-3.502,0.114,17.893387,0.003069,2.023212,0.02338199029977439,0.9943,1
Gaia EDR3 5985412483252033024,-0.026959,-0.007182,234.80802308673,-50.05617096517,0.0964,0.3227,-3.51,0.342,-3.039,0.249,19.330713,0.003813,1.661694,0.0822159278804734,0.9963,1
Gaia EDR3 5985413131772190848,-0.040105,-0.027165,234.78752205354,-50.07614509053,-0.0295,0.4717,-3.791,0.493,-2.665,0.417,19.89074,0.005307,1.492449,0.07519441647498715,0.9943,1
Gaia EDR3 5985414819748337024,-0.030596,0.020264,234.8023857304,-50.02872290082,0.2742,0.0188,-3.579,0.018,-3.181,0.017,14.149314,0.002765,2.133862,0.0048449386663303685,0.9933,1
Gaia EDR3 5985413995080628096,-0.018438,0.008367,234.82130461731,-50.04062613043,0.4236,0.3095,-3.773,0.332,-2.894,0.239,19.154818,0.00408,,,0.994,1
Gaia EDR3 5985414819714572160,-0.034602,0.024157,234.79615369016,-50.02482735604,-0.0069,0.5495,-4.113,0.654,-3.518,0.427,20.081974,0.005601,1.54994,0.1934039180464201,0.9899,1
Gaia EDR3 5985413307886826880,-0.045524,0.009392,234.77913120979,-50.03958357116,0.3937,0.777,-3.831,0.87,-3.374,0.641,20.171787,0.007581,1.984842,0.22790886899149917,0.9962,1
Gaia EDR3 5985413303571406720,-0.048899,0.000863,234.77386242337,-50.04810900329,-0.2183,0.5154,-3.691,0.633,-3.375,0.425,19.653809,0.005169,1.823065,0.0593052710314091,0.9957,1
Gaia EDR3 5985413239166319488,-0.032193,-0.005365,234.79987275069,-50.05435117312,-0.1837,0.4906,-3.552,0.522,-3.218,0.399,19.717735,0.010094,1.370333,0.5767488627006433,0.996,1
Gaia EDR3 5985413239200334720,-0.036466,-0.002809,234.79322018387,-50.05179255508,0.2849,0.1411,-4.382,0.137,-3.136,0.11,18.116056,0.003098,1.990118,0.02088203623120599,0.9964,1
Gaia EDR3 5985413101761332096,-0.044198,-0.030991,234.78113857468,-50.07996723044,-0.2986,0.1765,-3.795,0.167,-3.402,0.133,18.297213,0.003139,1.996979,0.02623722369925833,0.989,1
Gaia EDR3 5985413410999175808,-0.060288,0.003201,234.75613202107,-50.04575799077,0.4663,0.0417,-3.95,0.042,-3.346,0.038,16.02521,0.002786,1.10689,0.00574658068168859,0.9956,1
Gaia EDR3 5985413307885999104,-0.050384,0.006545,234.77155989395,-50.04242547603,-0.1313,0.4981,-4.105,0.582,-2.633,0.395,19.78789,0.005763,0.931782,0.15825007091332585,0.9941,1
Gaia EDR3 5985413410999175424,-0.057287,0.001752,234.76080155084,-50.04721066179,0.2872,0.1522,-3.546,0.158,-3.242,0.132,18.13309,0.004458,1.7931,0.026951127638028708,0.9952,1
Gaia EDR3 5985413410965859328,-0.06008,0.003859,234.75645767725,-50.04510057312,-0.3649,0.2339,-4.017,0.257,-3.366,0.199,18.859526,0.003548,1.631651,0.13078415373894683,0.9956,1
Gaia EDR3 5985413170447848704,-0.053879,-0.013851,234.76608274973,-50.06281772009,-0.3161,0.7211,-4.171,0.747,-3.362,0.609,20.09973,0.006087,1.802916,0.27869992752560685,0.9953,1
Gaia EDR3 5985413342246885504,-0.03595,0.015119,234.79404437025,-50.0338647224,0.0639,1.3055,-3.563,1.407,-3.403,0.956,20.72486,0.011108,1.808174,0.3005475143850867,0.9906,1
Gaia EDR3 5985413239166297344,-0.034563,-0.008838,234.79617693503,-50.05782254872,-0.4249,0.2823,-3.767,0.3,-3.018,0.241,19.115248,0.00369,2.069834,0.06632828736654794,0.9975,1
Gaia EDR3 5985413342245721216,-0.037691,0.010645,234.79132975195,-50.03833752552,0.416,0.4008,-3.67,0.448,-3.304,0.312,19.568092,0.004558,2.927458,0.5741385470855163,0.9956,1
Gaia EDR3 5985413410965267456,-0.0656,0.005023,234.74786301061,-50.04392947368,-0.2921,0.2413,-3.66,0.222,-3.348,0.19,18.685993,0.003692,,,0.9926,1
Gaia EDR3 5985412483252004224,-0.0271,-0.010327,234.8078010746,-50.05931652121,0.4456,0.1806,-4.238,0.185,-2.861,0.188,18.326963,0.003156,,,0.9945,1
Gaia EDR3 5985413514044527104,-0.054666,0.015669,234.76490788615,-50.0332969382,-0.3505,0.3251,-3.6,0.369,-3.153,0.26,19.27737,0.003943,1.934341,0.06264250111091538,0.9958,1
Gaia EDR3 5985413234830941312,-0.033626,-0.008161,234.7976379514,-50.05714619089,0.0756,0.2616,-4.371,0.272,-3.421,0.224,18.980043,0.003527,1.073814,0.03520294636273187,0.9954,1
Gaia EDR3 5985413204806667520,-0.050533,-0.005925,234.77130799055,-50.05489507928,-0.0546,0.423,-4.311,0.466,-2.678,0.356,19.477512,0.005366,,,0.9919,1
Gaia EDR3 5985413204806681856,-0.050099,-0.004108,234.77198608299,-50.05307897581,-0.1476,0.3388,-3.672,0.353,-3.505,0.263,19.254606,0.007311,1.458241,0.07680971717428732,0.9922,1
Gaia EDR3 5985412380206837376,-0.03417,-0.021096,234.79677531025,-50.07008112942,0.052,0.4695,-3.574,0.507,-2.684,0.373,19.340036,0.005047,1.468664,0.08087058134852297,0.995,1
Gaia EDR3 5985413136087916160,-0.047075,-0.019997,234.77667099924,-50.06897108954,0.0347,0.139,-3.592,0.142,-3.492,0.13,17.811525,0.003067,,,0.9858,1
Gaia EDR3 5985412513277383296,-0.018979,-0.014336,234.82044692005,-50.06332964544,-0.1817,0.15,-3.516,0.149,-2.815,0.116,18.221714,0.003055,1.893663,0.01673943198222745,0.9944,1
Gaia EDR3 5985413136087107200,-0.042939,-0.010562,234.78312836578,-50.05953974345,0.536,0.6946,-4.13,0.801,-2.854,0.59,20.411608,0.006433,1.969246,0.24095631856316102,0.9967,1
Gaia EDR3 5985412998648215936,-0.070708,-0.018248,234.7398566448,-50.06719268173,-0.2483,0.5414,-3.561,0.601,-2.794,0.414,19.930592,0.005255,1.432451,0.11401051414400734,0.9901,1
Gaia EDR3 5985413136087911296,-0.043474,-0.023693,234.78227676024,-50.07267025788,0.4531,0.6756,-3.819,0.854,-2.701,0.671,19.855957,0.007192,,,0.9952,1
Gaia EDR3 5985413410965865088,-0.061871,0.010395,234.75368037943,-50.03856207022,0.3324,0.251,-4.255,0.273,-2.683,0.224,18.802868,0.004457,1.55932,0.04831307482438311,0.9909,1
Gaia EDR3 5985413273526144000,-0.022878,0.00813,234.81439021451,-50.04086122976,0.1895,0.4179,-3.413,0.492,-2.959,0.325,19.615646,0.004976,1.755766,0.1180989725262708,0.9938,1
Gaia EDR3 5985413307919834240,-0.043529,0.004558,234.7822304637,-50.04441891244,-0.0448,0.2087,-4.526,0.231,-3.029,0.171,18.491997,0.003997,,,0.994,1
Gaia EDR3 5985413239201558912,-0.040675,-0.002691,234.78666610134,-50.05167064479,0.1546,0.2452,-3.389,0.248,-3.021,0.232,18.063402,0.004565,1.811369,0.025186310180727756,0.9966,1
Gaia EDR3 5985413200470938624,-0.052896,0.003864,234.76764441642,-50.04510395927,0.1996,0.1776,-4.267,0.179,-3.546,0.137,18.475744,0.003247,1.766809,0.04876663580805492,0.9944,1
Gaia EDR3 5985413273526245120,-0.032177,0.013471,234.79991671141,-50.03551537009,0.3853,0.3368,-4.419,0.386,-2.982,0.266,19.329786,0.004066,1.455578,0.04852910235651617,0.9923,1
Gaia EDR3 5985413303560228480,-0.041848,0.004074,234.78484733728,-50.04490464344,0.4343,0.1771,-4.378,0.19,-3.195,0.15,18.452417,0.003313,1.632465,0.05500962845518847,0.9966,1
Gaia EDR3 5985413307886040832,-0.045216,0.013408,234.77961628828,-50.03556734722,0.6193,2.764,-3.841,2.413,-3.131,2.453,20.827929,0.024541,,,0.9973,1
Gaia EDR3 5985413200471732480,-0.053509,-0.009495,234.76666562644,-50.05846202641,0.0441,0.1571,-3.853,0.156,-2.491,0.137,18.070307,0.003413,1.894852,0.022478023141939727,0.9931,1
Gaia EDR3 5985413342280788608,-0.03498,0.010665,234.79554984366,-50.03831938073,0.0562,0.2263,-4.203,0.231,-3.624,0.175,18.83281,0.003915,1.521709,0.03277514038848922,0.9914,1
Gaia EDR3 5985413548404305792,-0.044559,0.027468,234.78065940263,-50.02150855101,0.1303,0.1878,-4.111,0.18,-2.505,0.144,18.199064,0.003563,1.378876,0.05172643814063249,0.9837,1
Gaia EDR3 5985413239200348032,-0.039216,0.001278,234.78894244413,-50.04770310676,-0.4816,0.1369,-3.795,0.128,-3.33,0.116,17.990997,0.003085,2.065643,0.022388740109278552,0.9967,1
Gaia EDR3 5985413307919819136,-0.041406,-0.002299,234.78552678475,-50.05127780226,-0.4102,0.1704,-3.77,0.168,-3.438,0.147,18.090916,0.003313,1.856461,0.0234683104493845,0.9954,1
Gaia EDR3 5985413303550958336,-0.042187,0.000996,234.78431617697,-50.04798197016,-0.1436,0.2442,-4.509,0.259,-3.263,0.204,18.921629,0.003648,1.916565,0.08093417229586397,0.9957,1
Gaia EDR3 5985413410999069696,-0.064337,0.006273,234.74983335829,-50.04268080991,0.1209,0.1162,-3.709,0.118,-2.52,0.1,17.943356,0.002967,1.418276,0.02012547332183243,0.9924,1
Gaia EDR3 5985413170448011136,-0.051794,-0.021371,234.76931756507,-50.07034033878,-0.0753,0.8022,-3.484,0.786,-3.466,0.724,20.462584,0.007552,1.472195,0.12288222614567006,0.9809,1
Gaia EDR3 5985413307885926656,-0.047245,-0.000373,234.77643629533,-50.0493468333,0.1497,0.2501,-3.341,0.253,-3.069,0.184,18.801956,0.003799,,,0.9959,1
Gaia EDR3 5985413995115799040,-0.0166,0.00705,234.82416582036,-50.04194418764,0.4208,0.2292,-4.184,0.222,-2.63,0.163,18.743774,0.004267,1.779602,0.07827332597561439,0.988,1
Gaia EDR3 5985413170447671296,-0.057673,-0.010378,234.76017840272,-50.05934018265,0.4623,0.6909,-4.381,0.732,-2.876,0.571,20.161295,0.006313,1.534199,0.1435720316673807,0.9925,1
Gaia EDR3 5985413239166324992,-0.035789,-0.005795,234.79427153681,-50.0547783528,0.3977,1.2643,-4.476,1.733,-3.127,1.417,20.583544,0.008128,,,0.9953,1
Gaia EDR3 5985413136121108480,-0.041727,-0.011128,234.78501604451,-50.06010701945,-0.1025,0.1595,-4.221,0.154,-3.636,0.13,18.085535,0.003239,1.900673,0.020286091266933377,0.9921,1
Gaia EDR3 5985412345814111744,-0.039306,-0.031925,234.78875954634,-50.08090622319,0.447,0.8044,-3.49,0.812,-3.236,0.797,20.279427,0.006586,1.742569,0.14505074787262545,0.9879,1
Gaia EDR3 5985413990760906496,-0.014403,0.00745,234.82758627187,-50.04154489712,0.3833,0.2368,-3.974,0.231,-2.536,0.177,18.913336,0.003421,1.420656,0.04496418824403095,0.9877,1
Gaia EDR3 5985413131752669696,-0.043714,-0.02356,234.78190365854,-50.07253695116,0.2368,0.157,-3.505,0.153,-2.646,0.141,17.994675,0.003279,1.897808,0.020268163851666358,0.9945,1
Gaia EDR3 5985413204840742272,-0.05248,-0.01105,234.76826615911,-50.06001800593,0.452,0.0714,-3.719,0.074,-2.625,0.065,17.07662,0.00285,1.503748,0.011774152170747322,0.9958,1
Gaia EDR3 5985413239167498880,-0.037462,-0.006873,234.79166389158,-50.05585547604,-0.0825,0.8697,-3.551,1.015,-2.576,0.763,20.38455,0.007247,,,0.9959,1
Gaia EDR3 5985413166111985536,-0.056055,-0.019245,234.76268320479,-50.06820891453,0.1347,0.3912,-4.591,0.443,-3.241,0.314,19.52294,0.004293,1.891174,0.12499349629819928,0.9898,1
Gaia EDR3 5985413548438038784,-0.049699,0.026749,234.77265820666,-50.02222195098,0.3388,0.1768,-3.979,0.179,-2.482,0.138,18.439705,0.003179,1.444128,0.046280444020346215,0.9868,1
Gaia EDR3 5985413509729825664,-0.062872,0.017509,234.75213714297,-50.03144706333,-0.2821,0.5904,-3.697,0.677,-3.6,0.531,20.03858,0.005708,1.533138,0.11971974157470804,0.978,1
Gaia EDR3 5985413342279573248,-0.036646,0.007779,234.79295339024,-50.0412043838,-0.4081,0.3879,-3.758,0.38,-2.62,0.298,18.776508,0.004092,1.99552,0.02843563542855932,0.9957,1
Gaia EDR3 5985413170482076288,-0.064164,-0.01543,234.75005671407,-50.06438436292,-0.023,0.1458,-3.709,0.145,-3.704,0.114,18.122547,0.003042,1.880533,0.024658449702019247,0.9532,1
Gaia EDR3 5985413376605522176,-0.067947,0.002289,234.74420248756,-50.0466603002,-0.2222,0.3215,-4.277,0.404,-2.547,0.257,19.22041,0.003879,,,0.9836,1
Gaia EDR3 5985412517613211264,-0.023192,-0.006424,234.8138906834,-50.05541576766,-0.4448,1.3087,-4.146,1.689,-2.652,1.125,20.608784,0.011764,2.082941,0.2218777325912933,0.9915,1
Gaia EDR3 5985413445325033600,-0.074804,0.003161,234.73352692598,-50.04577776629,0.493,0.1871,-4.31,0.174,-2.705,0.151,18.124365,0.005024,1.848041,0.09620764068825492,0.9849,1
Gaia EDR3 5985413204840601344,-0.048041,-0.006832,234.77518776117,-50.05580528745,0.4628,0.1457,-3.702,0.144,-2.602,0.13,17.59051,0.003329,1.813503,0.025929795763405792,0.9962,1
Gaia EDR3 5985413445324981120,-0.075861,-0.003484,234.73186497193,-50.05242060189,0.4316,0.7277,-3.973,0.966,-3.647,0.594,20.173025,0.00655,1.400297,0.2115722161543578,0.9699,1
Gaia EDR3 5985413239166431232,-0.038128,0.002646,234.79063951831,-50.04633590605,-0.0372,0.5053,-3.278,0.593,-2.97,0.398,19.88152,0.005392,1.682291,0.15942920409725359,0.9958,1
Gaia EDR3 5985413136087056000,-0.041683,-0.015554,234.78507829227,-50.06453237923,-0.4256,0.5097,-4.387,0.561,-2.805,0.389,19.883308,0.005207,1.752504,0.11923893692073416,0.9922,1
Gaia EDR3 5985413307885991040,-0.043921,0.008254,234.78162520658,-50.04072267814,0.4645,0.5994,-4.524,0.751,-3.039,0.48,20.047487,0.005982,1.712669,0.1578541269486098,0.9937,1
Gaia EDR3 5985413239167341568,-0.036956,-0.001139,234.79245939364,-50.05012194427,-0.2447,0.7916,-4.521,0.87,-2.766,0.615,20.306683,0.01118,1.622152,0.2208346891532278,0.9862,1
Gaia EDR3 5985413239200340608,-0.037674,-0.001243,234.79134052586,-50.0502255338,-0.1317,0.3221,-4.591,0.331,-3.351,0.245,18.968037,0.004134,1.947226,0.041404873665709774,0.9943,1
Gaia EDR3 5985413307919849216,-0.046193,0.0125,234.77809516707,-50.03647433226,-0.3002,0.5689,-3.73,0.672,-3.663,0.501,20.03106,0.006572,1.769907,0.16139791890673322,0.9816,1
Gaia EDR3 5985413170446849536,-0.059359,-0.018369,234.75753626494,-50.06732944056,-0.3572,0.3931,-3.603,0.416,-3.565,0.309,19.595596,0.004366,2.155705,0.08009225245981902,0.9749,1
Gaia EDR3 5985412513292153472,-0.014238,-0.008837,234.82783615466,-50.05783200077,0.3705,0.34,-3.928,0.356,-3.727,0.261,19.341068,0.003984,1.538599,0.04406066664409544,0.9628,1
Gaia EDR3 5985413204806645248,-0.049396,-0.00711,234.77307576216,-50.0560816122,-0.5421,0.2446,-4.092,0.248,-3.484,0.2,18.672468,0.008922,,,0.9954,1
Gaia EDR3 5985413239200328832,-0.03197,-0.002395,234.80022258635,-50.05138163721,0.1809,0.4731,-3.821,0.524,-3.784,0.363,19.683685,0.005543,1.577724,0.1375762475549469,0.9669,1
Gaia EDR3 5985413514078297472,-0.060204,0.018269,234.75629204227,-50.03069043055,0.168,0.0926,-3.297,0.093,-2.784,0.081,17.38877,0.002911,1.707745,0.019257143067331412,0.9932,1
Gaia EDR3 5985413307885966720,-0.045336,0.005034,234.77941759335,-50.04394156261,-0.1967,0.2662,-4.623,0.279,-3.289,0.258,18.740528,0.003408,1.93677,0.04170248989968165,0.9939,1
Gaia EDR3 5985413239200344704,-0.03606,0.001464,234.79385805112,-50.04751915292,-0.0625,0.3594,-3.257,0.391,-2.86,0.274,19.411057,0.004182,1.656837,0.13586993494304964,0.9958,1
Gaia EDR3 5985413514044561536,-0.052465,0.022378,234.7683458763,-50.02659026923,-0.4757,0.6055,-4.231,0.695,-3.532,0.426,20.0285,0.005664,1.408419,0.13613960423746363,0.9906,1
Gaia EDR3 5985413239166263424,-0.029793,-0.010259,234.803606445,-50.05924646605,-0.6502,0.329,-3.683,0.318,-3.124,0.254,18.786907,0.004449,1.904509,0.05134123223420427,0.9968,1
Gaia EDR3 5985413303550952960,-0.044134,-0.00404,234.78127704864,-50.05301704364,0.1442,0.033,-4.511,0.032,-3.579,0.029,15.526252,0.002786,2.280183,0.005870370324404747,0.9932,1
Gaia EDR3 5985412483286057856,-0.031945,-0.017021,234.80024631816,-50.0660069683,0.7682,0.2544,-4.103,0.272,-2.913,0.226,19.041265,0.003966,1.866896,0.03778846835187298,0.996,1
Gaia EDR3 5985413303551374464,-0.03849,0.0032,234.79007580922,-50.04578125974,0.0008,0.1747,-4.588,0.168,-3.502,0.132,18.219933,0.003303,1.96142,0.028004596751069744,0.9931,1
Gaia EDR3 5985412517645818624,-0.01765,0.001421,234.82252761091,-50.04757290766,0.5481,0.2081,-4.111,0.2,-2.524,0.162,18.165361,0.003215,1.915808,0.02608215109759826,0.9875,1
Gaia EDR3 5985412517611713280,-0.020765,-0.010269,234.81766830917,-50.05926193353,0.6857,0.6403,-4.37,0.665,-2.974,0.443,20.049046,0.00629,,,0.9922,1
Gaia EDR3 5985413440989376000,-0.073695,0.005351,234.73525961514,-50.04358946313,-0.006,0.2236,-4.362,0.241,-2.426,0.179,18.826487,0.003455,1.42157,0.03335550345467724,0.9665,1
Gaia EDR3 5985413307885969792,-0.049674,0.003355,234.77266012369,-50.04561639878,0.2665,0.2745,-4.431,0.273,-2.513,0.201,18.669937,0.006841,,,0.9762,1
Gaia EDR3 5985413234831480704,-0.038312,0.001143,234.79035060176,-50.04783892993,0.5794,0.1957,-4.393,0.185,-3.439,0.166,17.99651,0.00335,1.947306,0.019579102675115315,0.9956,1
Gaia EDR3 5985412517613225216,-0.018032,-0.013537,234.82192376577,-50.06253023954,0.8241,0.9855,-3.885,1.071,-3.101,1.005,20.56225,0.008253,2.042267,0.15012278078245533,0.9953,1
Gaia EDR3 5985412517645803648,-0.015941,-0.004455,234.82518582354,-50.05344907856,-0.3191,0.178,-3.62,0.169,-2.47,0.139,18.275084,0.003142,,,0.9889,1
Gaia EDR3 5985413136121283712,-0.037745,-0.019818,234.79120753726,-50.06880031692,-0.5477,0.6968,-3.548,0.934,-3.406,0.637,20.19609,0.006161,1.862236,0.1500948782983906,0.9887,1
Gaia EDR3 5985413342245745920,-0.039895,0.012191,234.78789959733,-50.03678961024,-0.3958,0.2474,-4.066,0.242,-3.731,0.177,18.766031,0.003645,1.96598,0.043158078527627965,0.9858,1
Gaia EDR3 5985414750994956800,-0.018147,0.01632,234.82176144636,-50.03267338896,0.4458,0.2505,-4.47,0.248,-3.538,0.195,19.039375,0.00357,1.395647,0.04701757803898964,0.9802,1
Gaia EDR3 5985413475349114240,-0.072675,0.011292,234.73686151661,-50.03765032632,0.3191,0.2586,-4.607,0.275,-2.696,0.218,19.05015,0.003597,1.375574,0.03408800699673337,0.9724,1
Gaia EDR3 5985413376605498752,-0.073104,-0.00298,234.73616016869,-50.05192108195,-0.5318,0.3833,-3.915,0.447,-3.639,0.311,19.522444,0.00459,1.505613,0.06458833122609811,0.9752,1
Gaia EDR3 5985413995080598144,-0.016957,0.006499,234.82360925291,-50.04249508488,-0.3331,0.2539,-3.255,0.238,-2.962,0.191,18.797297,0.006687,1.832237,0.24423189004724338,0.988,1
Gaia EDR3 5985413307885926528,-0.046897,-0.000134,234.77697920832,-50.04910755522,-0.3496,0.1702,-3.453,0.165,-3.577,0.138,18.122044,0.003114,1.964634,0.04777452869809023,0.9759,1
Gaia EDR3 5985412375838424320,-0.034791,-0.02748,234.79580094179,-50.0764645841,0.6216,0.1718,-3.494,0.166,-3.422,0.139,18.0833,0.003252,1.942837,0.016689848723596662,0.9794,1
Gaia EDR3 5985413307885867136,-0.040788,-0.001294,234.78649080085,-50.05027407131,0.2947,0.3839,-4.417,0.419,-2.448,0.314,19.19552,0.004622,1.848782,0.06887825775570229,0.9608,1
Gaia EDR3 5985413514044494592,-0.049606,0.01407,234.77278371432,-50.03490089434,0.6785,0.5532,-4.464,0.571,-2.957,0.476,19.954588,0.005266,1.71726,0.10496442346635916,0.9929,1
Gaia EDR3 5985413514044549760,-0.057371,0.018306,234.76070188332,-50.03065678694,0.5552,0.1562,-4.295,0.158,-3.628,0.125,18.285423,0.00312,1.522795,0.027308419218954466,0.9878,1
Gaia EDR3 5985412483252881920,-0.023798,-0.01449,234.81294001786,-50.06348138674,0.3474,0.6399,-4.035,0.688,-2.318,0.493,20.040886,0.005536,1.008602,0.2808993159405565,0.9677,1
Gaia EDR3 5985414819748350848,-0.034062,0.027373,234.7969977273,-50.02161198291,0.0232,0.0707,-4.628,0.071,-3.554,0.061,17.050972,0.002842,2.077642,0.00950944863323126,0.9782,1
Gaia EDR3 5985413307886983552,-0.05161,0.005215,234.76964862714,-50.04375414452,-0.0392,0.8711,-3.247,0.914,-2.667,0.741,20.354832,0.00733,2.206699,0.24806139204033986,0.995,1
Gaia EDR3 5985413372270851072,-0.068089,0.002695,234.74398250576,-50.04625368932,0.5539,0.217,-4.589,0.219,-2.932,0.179,18.725868,0.003431,1.928646,0.05158953769469223,0.9846,1
Gaia EDR3 5985413479718554368,-0.071451,0.008648,234.73876199606,-50.04029554985,0.3378,0.0196,-3.642,0.019,-2.374,0.018,14.239956,0.002763,1.72687,0.004973548886325767,0.9851,1
Gaia EDR3 5985413307886833280,-0.047518,0.016622,234.77603729814,-50.03235155413,0.341,0.6715,-4.421,0.702,-3.697,0.504,20.004965,0.005913,1.619482,0.16575172093303556,0.9868,1
Gaia EDR3 5985413544069550720,-0.048303,0.024151,234.77482738709,-50.02482174341,0.3514,0.2062,-4.708,0.202,-2.906,0.162,18.65845,0.00337,1.894598,0.04300718799418042,0.9735,1
Gaia EDR3 5985413101727270016,-0.047794,-0.023436,234.77554682828,-50.07240935614,0.5079,0.2427,-3.676,0.238,-3.712,0.2,18.975939,0.003613,1.367588,0.07011126607454074,0.956,1
Gaia EDR3 5985412483251926016,-0.027832,-0.018918,234.80665232848,-50.06790670026,-0.0204,0.5192,-4.457,0.535,-3.746,0.417,19.84947,0.005203,,,0.9794,1
Gaia EDR3 5985413342279598720,-0.044611,0.020366,234.78056854005,-50.02861032354,0.4128,0.0718,-4.527,0.073,-3.59,0.062,17.091787,0.002881,1.351431,0.012337276336198987,0.9875,1
Gaia EDR3 5985413410965297280,-0.058772,0.011552,234.7585078161,-50.03740852644,-0.2191,0.4916,-4.657,0.525,-3.492,0.382,19.868359,0.005478,1.609213,0.08622446074742297,0.9884,1
Gaia EDR3 5985413170446831360,-0.055423,-0.017887,234.76366966997,-50.06685179871,-0.3767,0.7525,-3.253,0.78,-2.819,0.574,20.026514,0.005899,,,0.9924,1
Gaia EDR3 5985413166111460608,-0.055198,-0.02091,234.76401412935,-50.06987523585,-0.3345,0.421,-4.704,0.484,-3.32,0.344,19.592827,0.00515,1.470404,0.13379491258153686,0.9851,1
Gaia EDR3 5985412483253078528,-0.026711,-0.018055,234.80839899326,-50.06704442944,-0.35,0.7305,-4.326,0.784,-3.781,0.584,20.178934,0.006518,,,0.9769,1
Gaia EDR3 5985413204806695040,-0.047956,-0.002156,234.77532739332,-50.05112870928,-0.8107,0.5204,-4.12,0.591,-3.258,0.397,19.823103,0.008238,1.575718,0.1764166618989735,0.9974,1
Gaia EDR3 5985413136087114880,-0.043073,-0.009493,234.78292142067,-50.05847055801,-0.3268,0.6885,-4.528,0.913,-3.655,0.535,20.173742,0.006222,,,0.9904,1
Gaia EDR3 5985413410965217792,-0.061403,0.000607,234.75439044238,-50.04835050995,-0.064,0.2165,-4.69,0.216,-2.581,0.18,18.686234,0.003464,1.288963,0.0406943402882044,0.9509,1
Gaia EDR3 5985413131761537408,-0.037436,-0.015968,234.79169312965,-50.06495071838,0.1049,0.1305,-3.062,0.123,-3.108,0.11,17.960962,0.003175,1.821085,0.021517211080873205,0.9834,1
Gaia EDR3 5985413307919832448,-0.043053,0.003328,234.78297014787,-50.04564923959,-0.5055,0.151,-4.654,0.155,-3.251,0.135,18.099382,0.003116,1.894554,0.03583533668751431,0.9933,1
Gaia EDR3 5985413509708854400,-0.055111,0.017815,234.76421908649,-50.03115002216,-0.1501,0.9999,-4.599,1.669,-3.713,1.075,20.57378,0.012066,,,0.9792,1
Gaia EDR3 5985413204806558464,-0.05072,-0.017178,234.77099811662,-50.06614778563,0.5132,0.384,-4.583,0.407,-3.578,0.307,19.563118,0.004872,1.971367,0.09819823711334887,0.9881,1
Gaia EDR3 5985413509709813760,-0.057036,0.026982,234.76123959869,-50.02198093588,-0.5248,0.2423,-4.691,0.259,-3.129,0.222,18.948273,0.003729,,,0.9813,1
Gaia EDR3 5985413136087117440,-0.041346,-0.008311,234.78561244845,-50.0572901081,-0.3528,0.646,-3.154,0.631,-2.815,0.506,20.077864,0.007439,1.667687,0.10533682956123544,0.9943,1
Gaia EDR3 5985413479685868288,-0.07337,0.010051,234.7357764445,-50.03888951503,0.4799,0.9755,-4.746,1.084,-2.807,0.919,20.652853,0.009595,1.526049,0.23413206325289201,0.9661,1
Gaia EDR3 5985413342245720832,-0.034937,0.011989,234.79561818757,-50.03699498979,0.7529,0.4262,-3.755,0.473,-2.483,0.345,19.302296,0.004342,,,0.9922,1
Gaia EDR3 5985413479684822144,-0.071571,0.012493,234.73858308412,-50.03645048357,0.3739,0.2407,-3.951,0.247,-2.191,0.195,18.828508,0.003643,1.836649,0.04204946803922008,0.962,1
Gaia EDR3 5985412517613205120,-0.019415,-0.004275,234.81977443241,-50.05326799132,-0.6698,0.9192,-3.337,0.995,-3.024,0.698,20.458048,0.007707,,,0.9927,1
Gaia EDR3 5985412380172695168,-0.032273,-0.023546,234.79972899049,-50.07253257486,0.083,0.4945,-3.005,0.519,-3.08,0.389,19.886934,0.005394,1.54929,0.12459881011791343,0.969,1
Gaia EDR3 5985413131772718976,-0.045238,-0.012079,234.77954460748,-50.0610545583,0.9049,0.5406,-4.332,0.567,-3.264,0.43,19.561468,0.005986,1.634027,0.08151072437970674,0.9964,1
Gaia EDR3 5985413342245791232,-0.041858,0.016402,234.78484902579,-50.03257707575,0.6021,0.5312,-4.551,0.691,-2.571,0.422,19.956505,0.005519,,,0.9589,1
Gaia EDR3 5985413131752673408,-0.033667,-0.01703,234.7975642197,-50.06601548063,0.1244,0.2975,-2.996,0.263,-3.092,0.322,18.794361,0.003887,1.736904,0.04608197178045358,0.9763,1
Gaia EDR3 5985413342246887168,-0.033354,0.014011,234.79808486769,-50.03497466352,0.2146,0.7996,-3.024,0.922,-2.903,0.626,20.318737,0.008014,1.231846,0.13342687303998008,0.9874,1
Gaia EDR3 5985413136121088640,-0.036978,-0.018847,234.79240433596,-50.06782962739,0.6671,0.2773,-4.652,0.255,-3.363,0.225,18.242727,0.003755,1.794703,0.033789898535505,0.9905,1
Gaia EDR3 5985413273560081536,-0.033429,0.002274,234.79795566718,-50.04671083281,0.1925,0.0852,-4.906,0.09,-3.305,0.074,17.423126,0.002887,1.718897,0.020145863618462757,0.9777,1
Gaia EDR3 5985413337910702080,-0.035048,0.007812,234.79544109428,-50.04117186074,-0.4216,0.3247,-3.263,0.367,-2.528,0.259,19.201368,0.004041,1.766888,0.04250189300130852,0.9934,1
Gaia EDR3 5985413307919830144,-0.040314,0.003599,234.78723547454,-50.04538070446,0.1731,0.1685,-3.269,0.174,-2.345,0.13,18.102577,0.003253,1.894499,0.02894190505580573,0.9904,1
Gaia EDR3 5985413166127103360,-0.058998,-0.015124,234.75810511659,-50.06408434288,0.8525,0.6272,-4.104,0.662,-2.473,0.468,19.902075,0.005631,1.735592,0.09261229083517701,0.9838,1
Gaia EDR3 5985413995080584448,-0.016104,0.005615,234.82493702019,-50.04337948447,-0.2289,0.3745,-4.762,0.373,-3.648,0.288,19.335543,0.005807,1.615582,0.07676882896129729,0.9567,1
Gaia EDR3 5985412380172622976,-0.03082,-0.032663,234.80198363274,-50.08164993283,0.6273,0.1608,-4.776,0.156,-3.279,0.126,18.250347,0.003152,,,0.9707,1
Gaia EDR3 5985413376606450816,-0.066848,-0.006652,234.74589466268,-50.05560281422,-0.7618,0.7986,-4.588,0.932,-2.932,0.686,20.250128,0.006832,1.760405,0.1436125908666711,0.982,1
Gaia EDR3 5985413239166222720,-0.033464,-0.016255,234.79788076332,-50.06523987036,0.0122,0.5003,-4.794,0.477,-3.69,0.372,19.697903,0.005319,1.274775,0.32020857673104913,0.9766,1
Gaia EDR3 5985413170480845824,-0.053299,-0.017583,234.76697838816,-50.06655082187,0.345,0.081,-4.544,0.086,-3.897,0.07,17.2879,0.002888,1.486055,0.009408774060390084,0.9561,1
Gaia EDR3 5985413514079490688,-0.054396,0.018412,234.76533415467,-50.03055405106,-1.001,0.9258,-3.829,1.001,-3.027,1.028,20.455734,0.008048,1.527424,0.1641005404992129,0.9966,1
Gaia EDR3 5985413307885902208,-0.043144,-0.000776,234.78282302241,-50.04975329725,0.292,0.2726,-3.388,0.26,-2.224,0.217,19.003565,0.003992,1.794174,0.07819111802279678,0.9856,1
Gaia EDR3 5985413410965214336,-0.055549,0.003241,234.76351080801,-50.04572391881,0.2565,0.1846,-4.982,0.187,-3.288,0.156,18.371399,0.003304,1.437645,0.03346119509742183,0.968,1
Gaia EDR3 5985413204807411328,-0.051367,-0.007002,234.77000709059,-50.05597129753,-0.3424,0.3634,-3.122,0.374,-2.534,0.304,19.22829,0.0044,1.762251,0.07927930303713136,0.9917,1
Gaia EDR3 5985412380173855616,-0.034336,-0.025748,234.79651203014,-50.07473220887,-0.7849,0.7195,-4.608,0.785,-3.249,0.656,20.346188,0.007171,1.691513,0.12143418871225709,0.9885,1
Gaia EDR3 5985413376639329024,-0.07176,0.001633,234.73826382511,-50.04731065566,0.6371,0.1224,-3.801,0.122,-2.191,0.106,17.148947,0.002963,2.116278,0.020039582925332595,0.965,1
Gaia EDR3 5985413376605483776,-0.069945,-0.003184,234.74107933379,-50.05213028189,0.0147,0.2628,-4.866,0.27,-3.661,0.205,18.81311,0.003548,1.543123,0.0435794476659312,0.9506,1
Gaia EDR3 5985414750995040512,-0.027769,0.021233,234.80678674154,-50.02775603177,0.5054,0.2014,-3.274,0.203,-2.378,0.175,18.043118,0.003858,,,0.978,1
Gaia EDR3 5985413101728359936,-0.053716,-0.026694,234.76631407591,-50.07566082312,-1.0184,0.9077,-4.102,1.155,-2.95,0.99,20.491297,0.007919,1.460363,0.16103922314751495,0.9941,1
Gaia EDR3 5985413410965178880,-0.060929,-0.003281,234.75511999929,-50.0522389049,0.969,0.6488,-4.331,0.863,-3.5,0.514,20.131378,0.006246,1.668524,0.14217535880831667,0.9929,1
Gaia EDR3 5985413376605553280,-0.070216,0.005186,234.74067666842,-50.04375916526,0.8324,0.2308,-4.693,0.24,-3.176,0.194,18.866186,0.005506,1.308518,0.05957010625920472,0.982,1
Gaia EDR3 5985413995080521728,-0.011069,0.001195,234.83277535367,-50.04780053335,0.701,1.0735,-4.733,1.046,-2.695,1.096,20.462624,0.010762,,,0.9532,1
Gaia EDR3 5985413376606119040,-0.070574,-0.003036,234.74010000039,-50.05198056213,-0.272,0.8182,-3.006,0.884,-2.655,0.658,20.324245,0.007756,,,0.9781,1
Gaia EDR3 5985412517611639424,-0.016661,-0.016625,234.82405740593,-50.06561931087,-0.9132,0.477,-3.498,0.495,-2.839,0.355,19.812168,0.004437,1.387594,0.07326575065779808,0.9934,1
Gaia EDR3 5985412517611770496,-0.022831,-0.00525,234.81445409176,-50.05424125758,-0.988,0.568,-3.882,0.566,-3.437,0.415,20.053268,0.005362,1.584358,0.19184060917072224,0.9934,1
Gaia EDR3 5985413479684805376,-0.07272,0.009411,234.73678789989,-50.03953118962,0.9732,0.4335,-3.69,0.518,-3.599,0.611,19.059832,0.004818,1.525536,0.03060320824110148,0.9717,1
Gaia EDR3 5985413342245735424,-0.034586,0.013689,234.79616611527,-50.03529593351,-0.1416,0.3865,-5.0,0.732,-3.36,0.475,19.420084,0.0045,,,0.953,1
Gaia EDR3 5985414746680413440,-0.024283,0.013505,234.81220656748,-50.0354862931,0.2659,0.2445,-4.91,0.256,-3.588,0.186,18.989199,0.003571,1.653372,0.041856137368981715,0.9557,1
Gaia EDR3 5985413410965301120,-0.069418,0.006717,234.74192313488,-50.04222991001,1.1367,0.5089,-3.878,0.808,-2.88,0.549,19.618868,0.005526,1.716494,0.08503441594394083,0.9948,1
Gaia EDR3 5985413136087065984,-0.04425,-0.015697,234.78107942678,-50.06467364585,-0.011,0.2218,-2.843,0.22,-3.05,0.187,18.817806,0.00339,1.430996,0.027797185945954768,0.9622,1
Gaia EDR3 5985412483286063232,-0.025428,-0.010912,234.81040461308,-50.05990212908,0.206,0.1091,-4.963,0.113,-3.544,0.092,17.771952,0.002935,1.908495,0.017912240496390192,0.9641,1
Gaia EDR3 5985413136087117952,-0.044034,-0.009658,234.7814247228,-50.05863509403,0.019,0.5196,-2.929,0.58,-2.598,0.409,19.841913,0.005554,,,0.9877,1
Gaia EDR3 5985413273526058880,-0.024577,-0.00149,234.81173788719,-50.05048019935,1.17,0.621,-3.771,0.586,-3.037,0.529,19.960663,0.010467,1.918575,0.11000101004540941,0.9968,1
Gaia EDR3 5985413204806707968,-0.049672,-0.000855,234.77265684278,-50.04982655709,0.3613,0.1844,-3.398,0.189,-2.131,0.145,18.501791,0.003344,1.749201,0.04593469278402257,0.9768,1
Gaia EDR3 5985413234846630784,-0.031653,0.000434,234.80071939827,-50.0485528904,-0.894,0.634,-3.453,0.64,-2.619,0.501,19.824982,0.009495,,,0.9957,1
Gaia EDR3 5985412380172664832,-0.037454,-0.030524,234.79164732563,-50.07950639866,-0.8531,0.8277,-4.638,1.017,-3.377,0.855,20.26648,0.006542,,,0.9843,1
Gaia EDR3 5985413307886640640,-0.049195,0.006686,234.77341191281,-50.0422855363,0.8858,0.6889,-4.687,0.77,-2.679,0.566,20.2255,0.006454,0.950989,0.28479408154663394,0.965,1
Gaia EDR3 5985413273526036224,-0.026112,-0.00443,234.80934434348,-50.05341947624,0.6391,0.351,-4.918,0.369,-3.441,0.273,19.43474,0.004276,1.897867,0.07393856761592839,0.9736,1
Gaia EDR3 5985413269191230080,-0.032531,0.011718,234.79936422917,-50.03726755479,0.5681,0.1803,-4.693,0.18,-3.865,0.138,18.25325,0.003182,1.479528,0.021685233196340976,0.9611,1
Gaia EDR3 5985413170447671552,-0.057782,-0.011348,234.76000731115,-50.06031041044,-0.689,0.6803,-3.003,0.701,-3.186,0.498,20.147202,0.009133,1.605793,0.15142378701022507,0.9672,1
Gaia EDR3 5985412375837476224,-0.037548,-0.027424,234.79150552244,-50.07640671896,0.0957,0.2149,-3.195,0.214,-2.134,0.177,18.781645,0.003332,1.544174,0.03345064586586212,0.9596,1
Gaia EDR3 5985413204806577024,-0.051384,-0.015763,234.76996567454,-50.0647321291,-0.6755,0.599,-3.144,0.65,-2.506,0.522,19.975672,0.005006,1.654617,0.11936403926864082,0.9899,1
Gaia EDR3 5985414819714563840,-0.031169,0.024922,234.80149751546,-50.02406460578,0.9361,0.5443,-4.414,0.645,-3.794,0.418,19.892984,0.005005,1.868322,0.11799164490565447,0.9679,1
Gaia EDR3 5985413307921055744,-0.046741,0.011977,234.77724028995,-50.03699706671,-1.0731,0.7335,-4.479,0.82,-2.98,0.664,20.311123,0.008023,1.783506,0.16195259319103233,0.9933,1
Gaia EDR3 5985413204807421696,-0.057275,-0.002268,234.7608138478,-50.05123059358,0.8569,0.3166,-3.433,0.332,-2.294,0.242,19.092196,0.004288,,,0.9875,1
Gaia EDR3 5985413376605492480,-0.072209,-0.003241,234.73755289253,-50.05218378746,0.7497,0.681,-3.004,0.81,-2.616,0.625,20.26182,0.006939,1.817236,0.10865370238862827,0.9746,1
Gaia EDR3 5985413307886626816,-0.042684,-0.0024,234.78353739624,-50.05137775741,0.6307,0.6681,-5.048,0.786,-3.395,0.565,20.140398,0.00625,1.681566,0.17744167253171464,0.9647,1
Gaia EDR3 5985413170446778880,-0.057823,-0.02469,234.75991811261,-50.07365185274,0.7122,0.4071,-2.92,0.421,-2.73,0.31,19.44652,0.004809,1.576016,0.08549335083368866,0.9736,1
Gaia EDR3 5985413544068594944,-0.048295,0.022211,234.77483726437,-50.02676215094,-1.1306,0.5518,-3.806,0.676,-2.592,0.449,19.908607,0.005849,1.828609,0.07660616582498798,0.9933,1
Gaia EDR3 5985413239166349696,-0.038045,-0.004856,234.79075890342,-50.05383804313,-1.2014,0.2971,-3.688,0.29,-2.874,0.257,18.841385,0.004411,1.873905,0.050013183965059216,0.9976,1
Gaia EDR3 5985412483252884480,-0.026102,-0.011522,234.80935347707,-50.06051215774,-0.9776,0.6222,-4.147,0.628,-3.848,0.471,19.975336,0.005918,1.582758,0.13898641242668971,0.9691,1
Gaia EDR3 5985413170482074496,-0.051065,-0.018925,234.77045754298,-50.06789472852,1.0339,0.4374,-4.359,0.471,-3.819,0.32,19.592405,0.004603,,,0.973,1
Gaia EDR3 5985413136088530176,-0.036596,-0.015364,234.79300262155,-50.06434730504,0.7372,1.2821,-4.934,1.3,-3.591,0.909,20.550875,0.009005,,,0.9727,1
Gaia EDR3 5985413239166365568,-0.03211,0.000285,234.80000719294,-50.04870147708,0.832,0.8072,-4.973,0.844,-3.372,1.107,20.089027,0.006987,,,0.9704,1
Gaia EDR3 5985413239166350464,-0.036834,-0.004109,234.79264561469,-50.05309177959,1.0001,0.5191,-3.923,0.561,-2.168,0.447,19.80711,0.006059,1.582779,0.10403003571522028,0.9555,1
Gaia EDR3 5985413342246379392,-0.032287,0.015725,234.79974749099,-50.03326085102,1.0256,0.6141,-3.65,0.735,-2.234,0.474,20.111385,0.006294,1.587832,0.08807842616293238,0.9753,1
Gaia EDR3 5985413514044541824,-0.051119,0.020012,234.77043786673,-50.02895773742,-1.0576,0.5089,-4.529,0.588,-3.585,0.408,19.92929,0.005173,1.81044,0.2284356409594247,0.9874,1
Gaia EDR3 5985413307885941248,-0.037033,0.006363,234.79234832486,-50.04261965855,0.4549,0.5803,-2.775,0.683,-2.55,0.448,19.9051,0.005179,1.795027,0.08274466030520437,0.9791,1
Gaia EDR3 5985413269206383616,-0.022829,0.008724,234.81446738228,-50.04026759886,-0.613,0.5156,-2.76,0.72,-2.741,0.486,19.868399,0.005108,,,0.961,1
Gaia EDR3 5985413136087087616,-0.039839,-0.01116,234.78795679559,-50.06014032973,1.1076,0.3211,-3.184,0.312,-2.408,0.241,18.883629,0.005249,1.838995,0.19779573945548531,0.9907,1
Gaia EDR3 5985413204806608128,-0.045671,-0.009047,234.77887490037,-50.05802239015,-1.1876,0.5848,-3.237,0.727,-3.465,0.436,19.87114,0.005525,,,0.9658,1
Gaia EDR3 5985413239166269568,-0.036836,-0.013425,234.79263182765,-50.06240811807,1.471,0.3026,-4.355,0.287,-3.039,0.236,18.826046,0.004103,1.943285,0.057879568713891556,0.9957,1
Gaia EDR3 5985413136088276096,-0.048668,-0.017964,234.77419252975,-50.06693662482,-1.34,0.7728,-3.353,0.898,-3.107,0.69,20.435318,0.007268,,,0.9928,1
Gaia EDR3 5985413204807410560,-0.054067,-0.008948,234.76579706178,-50.05791476233,0.7878,0.1701,-2.952,0.169,-2.131,0.135,18.135677,0.003311,1.423117,0.02575022106302389,0.9609,1
Gaia EDR3 5985413307886987648,-0.043718,0.011222,234.7819462004,-50.03775541413,-1.4329,0.7446,-3.337,0.842,-3.25,0.593,20.285011,0.006731,,,0.9924,1
Gaia EDR3 5985413204806708224,-0.04901,-0.001406,234.77368708607,-50.05037806397,-1.2168,0.3603,-2.9,0.419,-3.034,0.29,19.091753,0.004153,,,0.9801,1
