# Binary systems ID's begin with a '2'
ID Gmag (G_BPmag-G_RPmag) e_Gmag e_(G_BPmag-G_RPmag) M_ini1 M_ini2
20 18.74525260896704 0.8457667223748353 0.0035049394503623966 0.02936863222064519 1.1656418824389398 0.9536453130364724
21 18.7290725095561 0.9821444088692547 0.0034920142195432806 0.028985653942141563 1.190047284903659 1.0310906265589406
22 18.613415773364807 0.9028996603476461 0.0034057991814133806 0.026417209715629608 1.1821762477671887 0.9054847329293405
23 18.72647102481992 0.9158299201175387 0.0034899566472883113 0.028924639531132338 1.1930775303801535 0.9795403038901338
24 18.271652129632283 1.1948198964170698 0.0032048591474948722 0.020319957698545853 1.2092280034895462 0.9091393947198599
25 16.28798549020016 1.294944000279131 0.0028004005693750126 0.007133294797745517 1.2273691763700731 1.0254600025715297
26 17.88044416442808 1.2008857508996997 0.0030485581545825896 0.015431014188509885 1.2116812863471291 0.9980745726812835
27 18.468565667685038 0.8642562304669306 0.003311698849690303 0.02358333502120701 1.1779842388947162 1.056651060777047
28 15.740873990442967 1.9120801070540425 0.002775592205169736 0.006212414933493896 1.2238898362757618 1.215284214461188
29 18.67387038609927 0.8264740414113658 0.003449546622328592 0.027723594312054733 1.162436062550369 1.0683030530011686
210 18.241848487989937 1.2110165227922436 0.00319054277926453 0.019878390625741788 1.2095052644107067 0.9403313696860529
211 18.482231513755394 1.0107516394032792 0.0033199730514095346 0.023833922444115772 1.1958678630087778 1.1519188317958855
212 18.928318159775653 0.8097333401019683 0.00366769930095123 0.03415015800799386 1.1389654055613416 0.9908672778211799
213 18.69480851604844 0.8180296239206977 0.0034653630765382137 0.02819431241838343 1.1690782895802065 0.8840676470695129
214 18.761741180849857 1.0201247576736185 0.00351834088613327 0.029765179071093932 1.1922103329119864 0.9707174278556012
115 16.751658334990076 1.3653586417836743 0.0028361627481571995 0.00840665026012018 1.2200194311321995 -99.0
216 18.643213379958734 0.9664437773894877 0.003427012079897613 0.027051492690295522 1.1920697405303537 1.021084723824486
217 17.568962506802045 1.2162562842531799 0.0029629933754985426 0.01267382202704558 1.214648249360395 1.071709035016099
218 16.381110787999088 1.4078249030505874 0.002806247252040188 0.00734502807956397 1.2209476799663932 0.9943263867862542
219 15.343754401303727 1.5249569978936206 0.0027647406618295928 0.00579298701526729 1.2307036894946592 0.9310636392979651
220 18.76267881994919 0.8448521759043326 0.0035191100254572255 0.02978792129356086 1.1726856903768546 0.9415703935396069
121 18.941883391502344 0.9029007200428861 0.0036810621790312552 0.034539610648794815 1.1860662965879836 -99.0
222 18.953036496285197 0.8478030038482481 0.003692193595598554 0.03486369410441193 1.1481238058742331 1.0014936695532755
223 16.947056183399866 1.333155341836103 0.0028573504012448267 0.00914149219056776 1.21802635837428 0.9242061852329464
224 18.554540125811254 1.0820381007148991 0.0033658029129909717 0.025216872776514482 1.200628307201256 0.9960983403820196
225 18.600917318442736 0.9970205774180865 0.003397098852099961 0.026156601407531625 1.1934178238421365 0.9621504149561783
226 16.288077699444894 1.293869016465035 0.002800406078097071 0.007133495081075454 1.2263137533054769 1.1270358374266876
227 16.309392079422874 1.3058991405688751 0.0028016939716651655 0.007180277663585153 1.2277042513553729 0.89009511816257
228 17.794320579679276 1.1344734435272494 0.0030220132263865476 0.01458312234777588 1.211869377319069 1.1655786438695093
129 16.31924876042277 1.30493860532903 0.0028022994482704983 0.007202242967793567 1.2279709528018343 -99.0
230 18.61317111168018 0.8981090793947715 0.0034056277622122326 0.026412077673397275 1.1796027609323954 1.001380551258025
231 18.588555159363732 0.9572590132405945 0.003388605916377713 0.025901941018030294 1.1884776908573877 1.0423688724192708
232 18.773767648037595 0.8240975671505775 0.0035282642693442784 0.030058461504052364 1.1501903721334212 0.9388984876877677
233 18.674393500601774 0.850152950602415 0.0034499375221095103 0.02773523795528745 1.1593939142330623 0.9439737738953903
234 16.63526889254608 1.330760713485057 0.0028254748291840783 0.008031041330167913 1.220122146806041 1.0377121387815424
235 17.810468866824916 1.2073745545049281 0.003026807827758892 0.014736726445422049 1.2129828115211394 1.115900267214947
236 18.606608198600924 0.8602778039827181 0.0034010460703444365 0.026274869496428422 1.1819750665165978 0.9580367262712471
237 19.62483872746746 0.806685260629887 0.004675142926918193 0.0625887019885408 1.0617043380675386 0.9460657504847207
238 18.471746324396022 0.9836810223265099 0.003313613952575638 0.023641360138420674 1.1960543760022564 1.1745792533122166
239 18.53613801690747 0.8529851488523936 0.003353804584535518 0.02485561606571517 1.1612874844411045 1.0752495843565948
240 18.46951266258266 0.9579282502021851 0.0033122683699998573 0.02360059235423437 1.1948907546259684 1.1048924879482205
241 17.509898792200197 1.2631210720392347 0.0029497165448925987 0.012239036152093027 1.2152555279062143 1.0105959765231642
142 19.65525118767096 0.9215194255580647 0.004738339192548208 0.06432517322910053 1.102622650257167 -99.0
143 19.65406104414354 0.8077837102854 0.004735827658524951 0.06425624645157282 1.1018461039887686 -99.0
244 18.543260793616472 1.0778776755399708 0.003358420983888888 0.02499467664915815 1.2042003772776029 1.0719072401834595
245 18.612902121690524 0.9183196966760463 0.003405439348924348 0.026406436731832048 1.1817896704636324 1.0064653552435738
146 18.929607495053737 1.1495683220168689 0.0036689611649910634 0.034186953148338285 1.2022044339692226 -99.0
247 19.611981524091675 0.831544930722261 0.004649031975489408 0.061869938267564484 1.0924259875643776 0.790451212860198
248 18.96480121143292 0.8246999083629373 0.0037040787674220595 0.03520939149751194 1.148670333151398 0.8735468764697149
249 16.256673632592424 1.284451942801205 0.002798560708830951 0.0070663147393174326 1.228406882802388 1.1045680899500654
250 18.65255320716786 0.9176313038094994 0.0034338000425887497 0.02725412792955619 1.1894308691314937 0.9576708281006081
151 18.949010530230503 0.9715960172373398 0.0036881602894254274 0.034746302061964426 1.1862569337408768 -99.0
152 18.95515092412552 0.9054327766490108 0.0036943187743779015 0.034925532979989946 1.1825904784468602 -99.0
253 18.701468366348468 0.8541120002916657 0.0034704678074396335 0.02834606119441952 1.1842134496723475 0.9422219883397902
254 18.610753375130695 0.9100211780983897 0.003403936190251786 0.026361428832372906 1.1790916481983464 1.0573551301342703
255 18.45202267046338 0.9251360932856662 0.0033018415008525 0.023284424618388557 1.188988125274967 1.163477497086793
156 18.943146591890326 0.9175400347004424 0.0036823163322359798 0.034576139566409474 1.1864268601792136 -99.0
257 19.68304017964369 0.8714191578493007 0.0047978904373975895 0.06595751722027063 1.0554560610558035 0.8391943271255693
258 18.62777707866004 0.8478653579143431 0.0034159394558287816 0.02672060922073752 1.1769508284259174 1.1273446575950483
259 19.71756061943221 1.011528870672798 0.0048743494428411995 0.0680478617214868 1.0225144567422 0.974134860511762
160 19.723743516006095 0.8150895096161997 0.00488834142186678 0.06842974754071532 1.0930849910893914 -99.0
261 18.452368027656398 1.1095123934519027 0.0033020455265321894 0.02329061561281373 1.2022532870052076 1.06682823647332
262 18.525384492491575 0.8709182347742309 0.003346900657626545 0.02464749264879244 1.1852742244012024 1.094966566690168
263 18.664709419622604 0.8159101854494935 0.003442736025704192 0.027520646656207858 1.1665795498694327 1.1257030614119319
164 15.72082762863126 1.5433219967418015 0.002774928288458925 0.006187126526637933 1.2222476531551656 -99.0
265 19.21078278531822 0.8839226680933279 0.003989712732216195 0.043424993443887235 1.1116837201150098 0.9866888846354738
266 19.668924223795468 0.8832446309875647 0.004767421287895783 0.06512280860250289 1.057302114942171 0.9425431625090015
267 16.28010075739935 1.3259057615857552 0.00279993150696298 0.007116235188064443 1.225215674787055 1.1526882727844598
168 17.486500369437724 1.2934267527009422 0.0029446822176500687 0.012073601147410898 1.2158953779759594 -99.0
269 18.790992376603246 0.8651036551559137 0.00354269879117099 0.030484547821179774 1.1712835194680902 1.0111729292840834
270 18.105384197520646 1.236171460419763 0.003130464839212419 0.018012696097300378 1.2104677633567682 1.0311011546133473
271 19.74080307717256 0.9110140359005842 0.00492742586213109 0.06949544976964372 1.0521255901961937 0.8327401204854374
272 18.776738303462814 0.9738392154127529 0.0035307349650149696 0.03013143647032166 1.1907178621620704 0.9917380252954155
273 19.239551042600947 0.8664491226749227 0.0040282410021039335 0.044520987605647704 1.1195177947245571 0.8679482802132101
274 19.688425842223975 0.8832082542845039 0.004809635880578247 0.06627902443769207 1.0600871450520604 0.7573465594605716
175 19.145694988832 0.7818689491026823 0.003906755182241365 0.041055929555243176 1.1566782564130487 -99.0
176 19.17346876730295 0.8369642946879358 0.003941456186196128 0.042048475105917194 1.1537788685305703 -99.0
177 16.292904546565754 1.3115786677169192 0.0028006951935922895 0.007144004434684225 1.2288606549853274 -99.0
278 19.66609293951685 0.9197748656604927 0.004761364627220861 0.06495676741555116 1.0607539067013674 0.8211051347531971
279 19.719666352364438 0.8329544895476905 0.00487910446311938 0.06817766355457766 1.0418470626508407 0.8652215466384146
280 18.71580422332797 0.9632532538588534 0.0034815790468783725 0.028676076042744567 1.1903029449127833 1.0542398988328203
281 18.76677568042644 1.099901575057437 0.0035224796250881143 0.02988753401645971 1.1994573353059277 1.072277163579073
182 19.916085082910808 0.9102200731667851 0.005372684577089209 0.0815364257919941 1.0672878453076364 -99.0
283 19.69107633232605 0.9793684982919771 0.004815440899324354 0.0664378715163301 1.0475959897159233 0.862898826987066
284 19.775489851858122 0.7492835858614042 0.005009105844107888 0.07171776722525733 1.01936161689475 0.9752588496254644
185 19.098848627424413 1.0558379248672385 0.0038504879378394403 0.03944152144595018 1.1973970241215948 -99.0
286 18.97963540115154 0.8545966386442132 0.0037192774160495867 0.03565097500435006 1.1586298300008766 0.890309659666576
287 19.814970786973706 0.9635499940262656 0.005105799615152356 0.07434042982970057 1.0033729035683885 0.9002657388172187
188 19.048721127141338 1.2230448175796182 0.0037932917996060184 0.03779380462873263 1.1994409475582892 -99.0
289 19.65534459729103 0.8973410919122254 0.004738536446816639 0.06433058640374216 1.0571361469837364 0.957520893852683
290 19.73224052008155 0.9600895929339458 0.004907720306769143 0.06895833488802824 1.0218287485482296 0.9727964533435908
291 19.687049150310568 0.8288019918962615 0.00480662711609009 0.06619667950643897 1.0513689920095892 0.876969658272446
292 19.78512078089941 0.9648500535616709 0.0050323218015913655 0.0723482547962411 1.0198467914367737 0.9693715121100078
193 19.022056930338735 0.9091456727858932 0.003764082093635853 0.0369496118394978 1.1732266005083316 -99.0
194 19.71546278803261 0.8383118975136713 0.004869622795399453 0.06791881174871633 1.0944848557877471 -99.0
295 19.699101914549225 0.979984915418795 0.004833117946587503 0.06692136595395257 1.0513991216845306 0.8750891110880793
296 19.063122415154275 0.8307098809637482 0.0038094142592891246 0.038258964615331376 1.1098782332253103 1.040757252268895
297 18.95771980913753 0.8074730594386718 0.0036969071307206783 0.03500083475526258 1.10907981355917 1.0871369684187617
298 16.879551079209204 1.3516362077133022 0.0028495301245124176 0.008871645894678624 1.2183036670198721 0.862216267279031
299 19.124922747501884 0.8363311454927591 0.0038814609114855743 0.04033097252111802 1.1182644555246248 0.943911753060295
2100 19.94895240600402 0.9802105598434281 0.005465772760813795 0.08403250849643151 1.0351768258133975 0.8238995919704919
2101 18.9967846907462 0.8771799342129754 0.0037371481425525106 0.03616949994584363 1.1215656323499834 1.0122455758891904
2102 18.103556745026175 1.1454577844702611 0.0031297177553390805 0.017989358250102925 1.2073551533113625 1.1262645399871167
2103 18.602364514233955 0.8513330324011588 0.003398100379179633 0.026186614877726746 1.1814987346538188 1.082462778936579
2104 19.653581497623513 0.8252050698783442 0.00473481657609719 0.06422849627414039 1.0719489677010394 0.8826992766339088
2105 18.57995198920906 1.1202020574772038 0.0033827607050704437 0.025726518902939432 1.2037168180330988 0.9381635677235594
2106 18.159787980838193 1.1827506446140454 0.003153380935963646 0.018726868263258284 1.2072025602438803 1.1720508036378148
2107 18.502810730524626 1.1475700102581636 0.003332661152163959 0.02421763660828411 1.2038399191944282 0.9137055152513585
2108 19.851559717792075 0.8459457287972035 0.005199091914129029 0.07686280943553164 1.0344975078057523 0.9184304035178585
2109 19.964608701253358 0.9774596473118767 0.005511267220115638 0.0852499419839663 1.0055962846025226 0.9603220016866644
2110 18.872547751270517 0.8262381015425669 0.0036147335917289525 0.03260206079077078 1.1446009774469275 1.009612175713161
2111 18.718043602771704 0.8610096974444541 0.003483329995221194 0.028728045028344803 1.1592982143151451 0.9366581236571511
2112 19.63699467791843 0.8176662584625077 0.004700158796529083 0.06327660206366495 1.056995075759429 0.9702518264852611
2113 18.726586021822587 0.9301537190000082 0.003490047481305248 0.028927333366035188 1.1896691486559943 0.9266569771630576
2114 19.969974646858276 0.9630285479853471 0.0055270340606345045 0.08567149356268128 0.9994437873171836 0.870322793171009
1115 18.964767209827908 0.9759796317984268 0.0037040442039227447 0.03520838665970073 1.189893499050104 -99.0
2116 19.46874015192385 0.9520916245488804 0.004380949567925748 0.05444315201645912 1.096035920830731 0.9202151608967925
2117 19.66539368151441 0.8823289498970429 0.004759871573825314 0.064915829851665 1.0606947119072574 0.8133223340341058
2118 20.004427750565796 1.041412935558049 0.005630430404775576 0.0884313425987436 1.011620043132814 0.8374326593437394
2119 20.041216618327294 0.9092224752127187 0.0057450809446253125 0.09148249123837224 1.038495518439881 0.7417592596883827
1120 19.49278676539517 0.8837482365654535 0.004423162439044825 0.05561859360830183 1.1224226546286178 -99.0
2121 18.247913377075736 1.143511156784878 0.003193419589819777 0.01996721012840991 1.2083600435296191 0.9718420280027183
2122 19.655162371649073 0.9515927221774554 0.004738151656731108 0.06432002671508774 1.056039932649004 0.9160114355826294
2123 18.21309239566879 1.109066058495712 0.0031771513018730145 0.019464338699683018 1.207596526662356 1.0923679262299721
2124 18.569693125565355 0.9150261741394717 0.003375859817335349 0.02551925142553055 1.186534315707678 0.8877636112809815
2125 19.0501268079757 0.8593594896403977 0.003794854676093264 0.03783892078442307 1.1258208513791284 1.1064985947815509
2126 19.694839081875074 0.8887573299321329 0.004823709982983696 0.06666408403202129 1.0488642797188392 0.9002381049085111
2127 18.721315830621876 0.9718643309654225 0.0034858959942638146 0.028804187574455593 1.1921359119646548 0.9864644359670207
2128 16.24203060726304 1.3050822809821874 0.0027977210058211404 0.007035686479016991 1.2290617569649585 0.9108215446687814
2129 17.65961707622316 1.2335280537156086 0.0029850572365075555 0.013391834533016718 1.214246286378078 1.0816427159388706
2130 19.622762650603338 0.9319653370588659 0.004670902641699108 0.06247203084875089 1.0565762427872922 0.9865711177786467
2131 17.271995219645625 1.2888311294383936 0.002903905028390123 0.010720658852525655 1.2166098941364336 0.9756010133977618
1132 18.587089936336046 1.2160718234741137 0.003387606641222926 0.025871960443483777 1.2070433723606906 -99.0
2133 19.79352500560333 0.9046633222735877 0.00505277504301537 0.07290329568054935 1.0187341747327106 0.9828725297743548
2134 19.978728869425268 0.9557947607435685 0.005552949786499823 0.08636398295876838 1.0114281076389704 0.8454597916212997
2135 19.12514369768677 0.7294061336714696 0.0038817270449002074 0.04033860672317182 1.124016207211869 0.8752689359840417
1136 18.949823017726427 0.91217462921018 0.0036889728741079826 0.03476995605373369 1.1839376132980914 -99.0
2137 20.00789970567518 1.0009256736740266 0.005641060730519296 0.08871463984071104 0.9880356742286137 0.8653493940542093
2138 19.9728280501617 0.9283379522716637 0.005535454812826942 0.08589655852602454 1.0054323442566961 0.9610094539866029
2139 19.699295443831275 0.8866173891685447 0.004833546069269102 0.0669330717538135 1.0228623160666608 0.9748138336047882
1140 19.2407428366067 0.8081638196739119 0.0040298625829415895 0.044567058472584596 1.14552928602131 -99.0
2141 19.720032283070903 0.8749531369033986 0.004879931864267615 0.06820024749645448 1.0271287711167985 0.9838809380725928
1142 19.78495763279978 0.9409859766512283 0.005031926548456158 0.07233752494286205 1.0902551792719708 -99.0
2143 19.217666782854806 0.859756145777699 0.003998825689835746 0.04368446363756851 1.1075968915004277 0.9614859122210563
1144 19.141888774756666 0.8040413384772684 0.003902078646368357 0.04092199029874152 1.1573932830519118 -99.0
2145 19.373473412850405 0.8773163793262319 0.004223886921963062 0.05004806619212642 1.0863560513693904 0.9691337467022566
1146 19.774300446214014 0.8901061979578221 0.005006255096160631 0.07164031296363974 1.0913586634241448 -99.0
2147 19.151702903061302 0.8634796131443124 0.003914175314045641 0.041268360183283614 1.1035045060081172 0.978942982364751
2148 19.780815827563586 0.8269681120041158 0.00502191517739259 0.07206569952514552 0.9979962311791822 0.9453751198008835
2149 19.465461719923567 0.9002351074891654 0.004375277214964388 0.05428502107888168 1.101737863272661 0.8235678691000169
1150 19.40837310654607 0.7931541157982245 0.004279594548371165 0.051610955987487585 1.1325615703901775 -99.0
2151 19.828898566859845 1.0035948002856205 0.005140886486911989 0.07528999309850856 1.0075777014889173 0.9520133111759648
2152 19.15411674428391 0.7988803335885947 0.003917169868775488 0.0413540610246747 1.129557841090525 0.8438903475641567
1153 19.947276983648926 0.8073357590236673 0.005460948796307835 0.08390332531023423 1.0588443341167117 -99.0
2154 19.8817422227001 0.8974740596768869 0.005278816875607934 0.07901236666338723 1.0347023095472672 0.8899311224538682
2155 18.50130897155541 0.9921529918907488 0.003331725863594562 0.024189374011803013 1.1910348092067817 1.0617096083332003
2156 18.548276487881783 1.0617815431390096 0.003361692698204256 0.02509318111712525 1.1958078828448682 1.095903325950411
2157 17.629216568322228 1.2092542023383306 0.0029774210257220747 0.013143945230858007 1.2140079994743989 1.1482882294581347
2158 19.07174860335188 0.8074089259452653 0.0038191897938876515 0.03854073428581071 1.1230329392701854 0.9158040705008225
2159 19.65537282550492 0.9420207801726815 0.004738596060529259 0.0643322223521067 1.0502756602319203 0.9452100890129373
2160 19.223315945617717 0.8337783696193896 0.004006353765196119 0.04389869584967978 1.1193691891242417 0.8769550977491972
2161 19.81612774232045 0.999588958807424 0.005108694553121933 0.07441881804597958 1.0173120110084137 1.0001297374840774
1162 18.980192464772607 1.1426141113331323 0.003719852829672206 0.03566768242772972 1.2011315384045285 -99.0
1163 19.161458293297272 0.7848274363463997 0.003926324800853125 0.04161595821615497 1.154700822486902 -99.0
2164 18.958075277427355 0.8239199437904898 0.003697265848153017 0.03501126947049949 1.1512058317669531 0.8752616851819749
2165 18.792969420254796 0.834682493178232 0.003544372481381479 0.030533913240613653 1.1530020816821003 0.9903313983072186
2166 19.462376297839278 0.9729015719949841 0.004369956763434409 0.05413666083525255 1.0736494797517098 0.9552042524416374
2167 19.454530965781156 0.9244259303667011 0.004356506426382511 0.05376142842375469 1.0967828878422112 0.8948389495515812
2168 19.347685139800593 0.8104586373326809 0.004184025653628627 0.04892690661938709 1.0902116056385966 0.9204716460660423
2169 19.863426348627964 0.8741805928275171 0.005230133205779678 0.07770039485137326 1.004058067118735 0.9207522072556154
2170 19.79491495908774 1.0112750608935175 0.005056175326871677 0.07299553169793255 1.0296704045739657 0.8984756070459985
1171 19.41039901132244 0.84181351700306 0.004282891990089405 0.05170332466168677 1.132787809191319 -99.0
2172 19.747496036531132 0.9476767112690405 0.004942953673758929 0.06991842224213299 1.0092423725656212 0.9368716728014311
1173 19.4527158198389 0.9175139487118175 0.004353410353805549 0.05367502046705113 1.128614383406685 -99.0
2174 18.640608384933124 0.8362447956086106 0.0034251307732146878 0.026995303592550663 1.1604667825030717 1.0935777728086336
2175 18.730049844045688 0.8643666064826091 0.0034927886808742044 0.029008616071665078 1.159271971719392 0.934652044069501
2176 19.36953993923009 0.7958573407846472 0.004217736334100935 0.049875228490863045 1.0764186441855979 0.9373692961907761
2177 19.012740931011233 0.8491933900882193 0.0037540695795272834 0.036659802608264694 1.1381394125486284 0.9868837785004775
2178 19.463176556969614 0.9511850082380272 0.0043713350482631405 0.05417509783704662 1.082332429337486 0.7941422132795798
2179 20.34030834777803 0.9391299790299383 0.0068631617935043165 0.12080471614595784 0.9812047986051801 0.7792786495756189
1180 19.552608304603673 0.8218356325577423 0.004532959778444411 0.058665206927852986 1.109928338027544 -99.0
2181 19.619602316637653 0.8566796258958743 0.004664465681631683 0.062294879623842954 1.061964332651418 0.9802492638291114
2182 16.29645581306183 1.319051608493596 0.0028009088505850824 0.007151768153486143 1.224032112008813 0.972878424795747
2183 17.591577554701235 1.1709636836558177 0.0029683008731466137 0.01284704212356323 1.213760175957733 1.0927050229979507
1184 19.636102820430843 0.799083703773819 0.004698312468217544 0.06322585454683713 1.1031896508820613 -99.0
2185 18.614490582995508 0.8094847735577205 0.0034065527598113503 0.026439769516186876 1.1464942688234845 1.0981001196621933
1186 19.08912181945003 1.0948158893002933 0.003839150873708125 0.039115466333764885 1.1946295252558414 -99.0
2187 18.861823740128578 0.8652464801164395 0.0036049025506121263 0.03231391093435853 1.1686085258277792 0.8859469607335606
2188 18.787300304685925 0.8265220704321647 0.003539582588022994 0.0303926137847542 1.147411467455366 0.9425471561483345
2189 19.84055865078109 0.9359836905060056 0.005170661108008134 0.07609492937519266 1.032950947785591 0.8477641336435178
1190 20.57863597339642 0.7475681709964388 0.008045499351816497 0.1511307949939732 0.9770122563242536 -99.0
2191 19.454462280519916 0.8547008798160475 0.0043563891624091465 0.053758155954787896 1.0952120192312504 0.9154506340070623
2192 19.21075584815311 0.8508909043077841 0.0039896772034066705 0.04342398155157793 1.1201707992715613 0.882213177789772
2193 18.833135018594866 1.0669349092237583 0.0035791448966890275 0.03155770863869942 1.192701328329724 0.9052958544043085
2194 19.69462764350196 0.9483565865557105 0.004823244448250227 0.06665135055662515 1.0600570419271877 0.7588500652158857
2195 19.929502848600016 0.8376403129799703 0.005410296059712836 0.08254577271161592 1.0362720810723425 0.8158008568889606
2196 19.879928577347815 0.9171663735532873 0.005273953975264856 0.07888140679594075 1.0366279325827366 0.8618488259805379
2197 19.475026330460285 0.8774918877636086 0.004391881159385232 0.05474777551082076 1.0821325790707288 0.799282173457492
2198 18.959335570903328 1.1363901962422762 0.003698538749717683 0.035048294347493805 1.196714126416852 0.909681395739823
2199 18.4551164534075 0.9640504740260972 0.0033036718682001196 0.023339959257273616 1.1959735091922012 1.1790444361383605
2200 19.773263861986912 0.8849237313200062 0.0050037735541609354 0.07157288368562509 1.041196689618936 0.8865664205926802
2201 19.712563196450844 0.8909523549740742 0.0048631069530825875 0.06774087489085417 1.0270771991529193 0.9905000597976712
1202 20.659012512702827 0.7418621564241679 0.008516422610737314 0.1630541385318034 0.9668075850879025 -99.0
2203 18.794182882563426 0.8563117605983401 0.0035454014890211596 0.03056425973189843 1.1352660966341153 1.124385913249616
2204 19.67255081903519 0.76822521926442 0.004775205841419915 0.06533616178721703 1.0248713983274043 0.9920644303327838
1205 19.42741055161854 0.811584936630633 0.004310861476171062 0.052486187793761935 1.130569820507704 -99.0
2206 19.723717998678303 0.9887292042847677 0.004888283487369348 0.06842816672935087 1.0422066500512888 0.9070384616968546
2207 19.517028822408232 0.8071791185593036 0.004466820338377486 0.056831823169435455 1.071240648904942 0.9368782757166458
2208 18.768372460626466 0.9433569599378514 0.003523796913955669 0.029926466695470652 1.1803182883432939 0.9455779569609551
1209 19.47672156607246 0.8416597949366584 0.004394841631931582 0.054830245581398436 1.1247830634931166 -99.0
2210 19.15731166094091 0.8673351532532177 0.003921145194375509 0.04146780378845483 1.141979652618109 0.9198377284124097
2211 19.53733561738833 0.8588093932243042 0.004504263590904263 0.05787041789457827 1.0918810175350822 0.824601644506424
2212 19.377898059428336 0.8606694286470817 0.004230836216158485 0.050243280173396514 1.0893748035492858 0.9474584565797766
2213 19.980489228509423 1.0284425404258435 0.005558190169260666 0.08650394886003593 1.0360214019070826 0.7833624208654444
2214 20.039813179038116 1.0306107168404988 0.005740624777430675 0.0913640750761881 0.9893849998556096 0.793238670529872
1215 19.134797267925954 0.8197956699818563 0.0038934157168628303 0.040673765038350546 1.158430594698619 -99.0
2216 19.149608239179777 0.8955251487966698 0.00391158291827062 0.04119415471208044 1.103890278779507 1.030193899399908
2217 19.64067313877494 0.8761033566117327 0.0047077924183482455 0.06348637698177961 1.0500064737262076 0.9620113962414985
2218 19.67930856274106 0.8685924683391038 0.004789791448014227 0.06573573966734572 1.0257060071303907 1.0017810483988627
2219 20.115763734886702 0.9880441765282063 0.005991556256719802 0.0980112115278084 0.991807168954043 0.7340250982819011
2220 19.342319149149073 0.894692662388158 0.004175867289598418 0.0486971402252471 1.1049044680882785 0.8848663557543405
1221 15.20620381920911 1.66003432297902 0.0027619268558163102 0.005681664078941051 1.222848654091835 -99.0
1222 19.29235246738053 0.8901302576371352 0.004102083318829929 0.046614368702984146 1.1437539228352143 -99.0
2223 19.68694928571109 0.932978710103028 0.004806409032253134 0.06619071054260296 1.0234486368463278 0.975958250342483
2224 19.311301391181065 0.8636327627017433 0.00412960603601182 0.047392298071630465 1.0925948907140883 1.0448922364941722
2225 19.800041131613206 0.9218968788653448 0.005068758980722801 0.07333678263379884 1.052989004109217 0.7828568725165218
2226 19.46268479276693 0.8697516568376421 0.004370487945362987 0.05415147450786062 1.096396854348225 0.9185398284375754
2227 19.951996390957685 0.7109532764457862 0.005474559090286081 0.08426775530484878 1.0053038411229842 0.9580009923179914
2228 18.63013151161117 1.0773209993488446 0.003417616641792801 0.026770756082917506 1.2015444685610852 1.0147881942318342
2229 20.376890170111466 1.2200092205354554 0.007025837956498068 0.12501419999686453 0.9658909768281002 0.7807208583070219
2230 18.60196229015368 0.8313330649389027 0.003397821867324201 0.02617826888019981 1.169377670772643 0.8847376598631058
2231 20.203567516666993 0.8160679769845317 0.006307948681824474 0.10633515187279549 0.9954308111837455 0.7941542530907472
2232 17.537327632555563 1.222383689468346 0.0029557790528733285 0.012437835805693196 1.215080866009196 1.045572053487669
1233 20.222182410140576 0.9044850072295484 0.006378888671899867 0.10819332487618055 1.0308227438673523 -99.0
2234 18.620394868087185 1.1688054188303785 0.0034107077450095426 0.026564120603749214 1.2046155437894703 0.9222253661118729
1235 19.784795917752128 0.7973791995272013 0.005031534834498434 0.07232689102248976 1.0885892019209726 -99.0
2236 18.821512980124407 1.069785139500111 0.003568930905406955 0.03125733587781238 1.1954741704660345 0.9030581805471048
2237 18.513133352986795 0.959179209295731 0.0033391304349288885 0.02441302904254483 1.1858903264942242 1.0502992099708872
2238 19.043393285988525 0.7984628746124344 0.003787389223279176 0.03762336479192991 1.1097549254426544 1.0481906497147602
2239 18.601374422864325 0.844225522634119 0.003397415023916506 0.026166076743912643 1.1814888367342171 1.085048285306979
2240 19.78971124943744 0.8646596368764371 0.005043471000554614 0.07265085960947398 1.0410215465911767 0.9039190724611359
2241 18.634057750111044 1.009203949518377 0.0034204228234357885 0.026854637229443815 1.194033613136587 0.8828705704737281
2242 19.757002150006773 1.0732738079563569 0.004965198056880735 0.07052394185679794 1.021198958881807 0.9715671913756105
1243 19.204504620159394 0.8040807791531588 0.003981459481027123 0.0431898721395417 1.1493790093027403 -99.0
1244 19.270822296239547 0.7310190991954438 0.0040714742809676435 0.04574774107240114 1.144095000433289 -99.0
2245 20.34036333129259 0.8973617563146272 0.006863401602753332 0.12081093109524613 0.980997935373132 0.778875655645912
2246 20.141566382854254 1.1464880476972819 0.006081501742736639 0.10038383403863452 0.9855724281816453 0.8936212983095274
2247 16.254622023807975 1.3033980124957971 0.002798442273816965 0.007061997074090615 1.2241342047606836 1.1473743907227962
1248 19.97424822586189 0.9208252124966061 0.005539655421580246 0.08600880991710882 1.054881928729743 -99.0
2249 18.78495109921119 0.8438553472371051 0.0035376061305241757 0.0303342897360959 1.1709996057636862 1.0055596137133587
2250 20.297132569283868 0.8267878691272182 0.006679096419065391 0.11602587870004688 0.9830802488510763 0.7960826099373685
1251 19.360172284435688 0.8096035423586027 0.0042031913040281085 0.04946627158515806 1.1382242944158527 -99.0
2252 19.574044534882123 0.838422633143919 0.004574027595175772 0.059800904409083276 1.0468926438762307 0.9158299905552676
2253 19.354769087707528 0.8665546786845898 0.00419486720337625 0.04923208156856367 1.0901380562551068 0.9228436086853947
2254 19.77617578348245 0.8656347638658418 0.005010751506699657 0.07176247605251268 1.0081998877432787 0.9494042928199607
2255 18.47874657486675 0.9583955723200185 0.0033178516545079276 0.0237697023489396 1.194855156003674 1.0870192316506366
2256 19.131605545695127 0.8422044761767972 0.0038895379090704302 0.04056260360434126 1.130558634116206 0.8295979446616256
2257 19.680992070708236 0.9609178221891226 0.00479344132175866 0.06583569403757897 1.030265260042853 0.9629232608174747
1258 20.102222544334573 0.9831634862874504 0.0059453270449551605 0.0967897467010409 1.043925533369896 -99.0
2259 18.884813446115736 0.8110235005265579 0.0036261156490702846 0.03293535096371927 1.1359457160730178 1.0817187610191557
2260 19.034875863208157 0.8629310833353022 0.0037780218843432092 0.03735272181751975 1.1151536158600188 0.9680862168538181
2261 20.179661281827265 0.9423139916666663 0.00621887074654311 0.10399773685083702 0.9757574334106222 0.9229895465155366
2262 19.72990566071246 0.828745079870939 0.004902377873708558 0.06881264966953779 1.0091560594467504 0.9404814627813394
1263 20.664980762862857 1.1116228245009654 0.00855301488016608 0.16397732763597878 0.9683785817407194 -99.0
2264 20.168523693467414 0.9980251976680069 0.006178134219006133 0.10292723656904468 0.9695674847905962 0.9177252500634817
2265 15.87401519691848 1.343528705399608 0.002780378084727181 0.006393522864435702 1.2298637469874716 1.1761715415465177
2266 18.78875604682248 0.8592109886601257 0.003540809817187168 0.030428822810334197 1.159137850700069 0.9243993449207576
1267 20.64218852522722 0.7054842385535582 0.00841450809519809 0.1604804850486693 0.9685509877116373 -99.0
1268 20.3074316796985 0.7535440790827242 0.006722242086357785 0.11714761082345934 1.0100328825409004 -99.0
1269 19.2017702077026 0.7957244037028609 0.003977881948496936 0.04308791583115675 1.14963116840182 -99.0
1270 16.261901495933145 1.3226895208367508 0.002798863667865666 0.007077356050087289 1.2294026259064847 -99.0
2271 20.195687651282523 1.0285718887202628 0.006278337748248781 0.10555867481635703 0.9724755649981303 0.8163530466965895
1272 19.940894909980248 1.0896033812671306 0.005442651376401734 0.08341316539299526 1.0641589661279143 -99.0
1273 20.325425167989433 0.8036699281178876 0.00679875982058207 0.11913462129122898 1.0073684853178975 -99.0
1274 19.93548475565556 0.8772879496806993 0.005427236988876852 0.08300003403037026 1.0622021324946895 -99.0
2275 19.06401131754383 0.8184442688567792 0.003810417477168975 0.03828789069486082 1.125402266612036 1.0647943434182268
1276 19.773375959397427 0.8485071630640119 0.005004041779646876 0.07158017227853744 1.0910614194918982 -99.0
2277 19.676046893960784 0.7891903220491306 0.0047827385806119855 0.06554255202214448 1.0720805888506546 0.8726316316927338
1278 20.30415986061352 0.7184829348760787 0.006708484555666152 0.11679003736801397 1.0102496957344038 -99.0
1279 20.290161528179247 1.0515397776126285 0.006650158765262037 0.11527299351598042 1.016119995196306 -99.0
1280 19.973913479374392 0.9328773588712027 0.005538664736322885 0.08598233738312788 1.05510280159577 -99.0
2281 19.0314085447808 0.9158637796902971 0.003774232705720938 0.037243189267648844 1.1380166038220942 0.9862915114095997
2282 18.68850580582027 0.8552980254054584 0.0034605651304059153 0.02805160620774956 1.169832306265368 0.9360645694595464
2283 20.218123533448736 1.179595001917503 0.006363301176003868 0.10778527961821138 0.9734852429821165 0.8607809511964344
2284 19.581187236271745 0.8712965814824397 0.004587920020939315 0.06018463104810681 1.0645605704598293 0.8748160581485704
2285 19.95135489326654 1.0273707338253177 0.005472705079464031 0.084218120654698 1.011124965138425 0.8581378268408354
1286 19.643146174514595 0.7404722015807743 0.004712941254296407 0.06362783266653296 1.1024852653709323 -99.0
1287 19.918973553464948 0.8682754225469088 0.00538073620852404 0.08175259579606464 1.0659696936220817 -99.0
1288 19.529887709657434 0.8878344891261457 0.004490436982613361 0.05748710270015637 1.1146126843067015 -99.0
2289 19.57527153883601 0.9489865996972264 0.004576406628091986 0.059866632615644504 1.0810675724506325 0.8266731382299145
2290 20.072417791711484 1.0147363667522749 0.005845879594494768 0.09415740488109636 1.0122806102715123 0.8098063996334691
1291 16.311781504232044 1.3305733256587893 0.002801840169640532 0.007185583049192559 1.2241678028283045 -99.0
2292 20.053444287185528 0.6891587606927945 0.005784187402547028 0.09252109587260346 0.9923431402745423 0.7594275887092667
1293 19.934412675943623 0.8086966878769333 0.005424192931914032 0.08291842610352207 1.061477960772672 -99.0
2294 19.792912145911735 0.9861726507803333 0.0050512773753262855 0.07286266658390136 1.0401421680459937 0.9013471320456864
2295 19.117919959243164 0.7933621500328104 0.003873058263066399 0.04008986468330321 1.123524235972437 0.8684935579145661
1296 18.995482596325186 0.8540680626375518 0.003735779859017147 0.03612982494307394 1.1758499310570896 -99.0
2297 16.70035572429427 1.3560352819846542 0.0028312890123850048 0.008235822842619806 1.2190026167729868 0.9271875098921576
2298 19.843023622388312 0.9508059147809451 0.00517700274518914 0.07626627018343249 1.0293890959808607 0.8679981553630068
2299 20.023783211783172 0.91091446405451 0.005690193788671397 0.09002297108293711 0.9926166671640066 0.8051120024696882
2300 19.639364628256725 0.8069552425380692 0.004705073561369129 0.06341166911655868 1.0612855592013186 0.8910056305846252
2301 19.810498980312726 0.818037002274497 0.005094643527060641 0.07403827780671726 1.0448917556551824 0.7415009175576956
2302 19.050497278691022 0.860807976831709 0.003795266963568184 0.03785082156247728 1.1258668380931218 1.0999163529862115
2303 19.515869571026247 0.9941667241058847 0.0044647070141189005 0.05677315137726495 1.0733253160890965 0.9362296899624544
2304 19.03434276076559 0.8314939565393037 0.003777438390335689 0.037335857012385905 1.1156572771236517 0.9301402822215581
2305 19.197025964471976 0.9068505734037231 0.003971699402203571 0.0429116640524056 1.1202923798702886 0.8935474492946929
1306 19.918641110665494 0.8641408048015858 0.0053798082675097295 0.08172768511668077 1.065983880979535 -99.0
2307 17.502937363532727 1.217254999328148 0.002948205691945523 0.012189421320710212 1.2149354030906552 0.9434631881267872
2308 18.881493882394842 0.8529991097369611 0.0036230206278653728 0.03284475611396662 1.1442057334800702 1.0470117622891444
2309 19.522381543667944 0.8394360584816827 0.004476612101239945 0.0571035959064768 1.0712553517606866 0.9357536606248351
