EDR3Name,_x,_y,RA_ICRS,DE_ICRS,Plx,e_Plx,pmRA,e_pmRA,pmDE,e_pmDE,Gmag,e_Gmag,BP-RP,e_BP-RP,probs_final,membs_select
Gaia EDR3 3046146597680929152,0.038929,0.048497,106.70642529374,-11.68483975211,0.1697,0.0233,-0.599,0.027,1.413,0.022,14.267101,0.002793,2.084124,0.005544697091624319,0.9922,1
Gaia EDR3 3046144909750052608,0.012299,0.015068,106.67923371058,-11.71827137081,0.1866,0.0382,-0.573,0.039,1.392,0.038,15.624386,0.002806,1.752979,0.007106795630855105,0.9975,1
Gaia EDR3 3046144914053776384,0.025776,0.011719,106.69299793179,-11.72161945492,0.1893,0.1774,-0.597,0.178,1.388,0.165,18.334187,0.003395,1.297312,0.03642073132407813,0.9968,1
Gaia EDR3 3046144982773257344,0.004553,0.023194,106.67132245708,-11.71014478322,0.1141,0.0939,-0.612,0.099,1.397,0.088,17.164259,0.003044,1.187351,0.019182642901720216,0.9973,1
Gaia EDR3 3046141924756547072,0.020944,0.001243,106.68806327911,-11.73209602184,0.182,0.0347,-0.549,0.033,1.371,0.031,15.326043,0.002799,1.762612,0.005707458764418065,0.997,1
Gaia EDR3 3046141821677348864,0.012509,-0.015574,106.67944954243,-11.74891270199,0.1718,0.052,-0.552,0.053,1.457,0.05,16.38563,0.002854,1.22689,0.0072241105749309125,0.9969,1
Gaia EDR3 3046145047189004160,-0.020571,0.014937,106.64566427755,-11.71840143832,0.0992,0.1098,-0.563,0.111,1.418,0.098,17.618298,0.003096,1.326006,0.020484353629058143,0.9958,1
Gaia EDR3 3046144325638713216,-0.02866,-0.028445,106.63739817943,-11.76178329687,0.1135,0.4752,-0.569,0.368,1.368,0.325,19.328268,0.005447,1.680372,0.09425546036541983,0.99,1
Gaia EDR3 3046144909750037120,0.027589,0.011098,106.69484985684,-11.72224027474,0.1917,0.097,-0.539,0.094,1.387,0.09,17.294727,0.003022,1.207228,0.013551297804318978,0.9964,1
Gaia EDR3 3046144879694047488,0.010578,0.007632,106.67747613665,-11.72570711177,0.2008,0.0425,-0.586,0.041,1.369,0.039,15.715089,0.002815,1.76054,0.007876647966289256,0.9974,1
Gaia EDR3 3046144776614854528,-0.006746,-0.008352,106.65978312215,-11.74169169499,0.1797,0.0696,-0.538,0.068,1.447,0.063,16.84596,0.002891,1.320845,0.012056986749749553,0.9964,1
Gaia EDR3 3046141130183017088,0.014922,-0.048793,106.68191595239,-11.78213239704,0.2126,0.0787,-0.62,0.077,1.399,0.077,17.067553,0.002919,1.712692,0.009394314536636382,0.9939,1
Gaia EDR3 3046141134482869376,0.009778,-0.058722,106.67666176174,-11.79206128989,0.1551,0.0241,-0.647,0.024,1.365,0.024,14.749524,0.002778,1.902926,0.005406236626707055,0.9915,1
Gaia EDR3 3046144944109808128,-0.001906,0.021017,106.66472648665,-11.71232270272,0.1272,0.0755,-0.573,0.08,1.493,0.07,16.893314,0.002916,1.154879,0.012085281960357346,0.9972,1
Gaia EDR3 3046145047188993536,-0.026786,0.012064,106.63931612092,-11.7212735338,0.1278,0.1961,-0.67,0.199,1.394,0.176,18.403467,0.003533,1.454985,0.03194780796411313,0.9949,1
Gaia EDR3 3046141924756549632,0.026018,-0.006258,106.69324707843,-11.73959626298,0.2094,0.0751,-0.613,0.082,1.481,0.076,17.056871,0.003037,1.169886,0.03868533258985822,0.9967,1
Gaia EDR3 3046144810974596992,-0.01518,-0.006583,106.65116874018,-11.739921736,0.1156,0.0417,-0.648,0.039,1.349,0.038,15.741868,0.002799,1.80868,0.007588127479663921,0.996,1
Gaia EDR3 3046145081548716032,-0.044206,0.007364,106.62152504589,-11.72597173671,0.1593,0.0465,-0.497,0.044,1.46,0.041,15.829741,0.002834,1.900481,0.007446469281578556,0.9863,1
Gaia EDR3 3046144944109770752,0.001474,0.010235,106.66817831832,-11.72310443275,0.1089,0.178,-0.513,0.178,1.466,0.165,18.353668,0.003446,1.277483,0.03770913632702997,0.9973,1
Gaia EDR3 3046146769479626880,0.010676,0.059681,106.67757454866,-11.67365822165,0.0901,0.0829,-0.575,0.086,1.487,0.076,16.912273,0.002904,1.492809,0.010846468241140758,0.9953,1
Gaia EDR3 3046146735119898880,-0.005567,0.052461,106.66098813285,-11.68087837642,0.2328,0.0868,-0.55,0.09,1.473,0.079,17.172045,0.002958,1.236095,0.012612074335486187,0.996,1
Gaia EDR3 3046141856037080320,0.026474,-0.015048,106.69371316899,-11.74838593087,0.186,0.0508,-0.68,0.052,1.385,0.049,16.33111,0.002842,1.258462,0.007969721878747366,0.9959,1
Gaia EDR3 3046145154571959168,-0.009657,0.016526,106.65681086458,-11.71681346627,0.1457,0.0836,-0.645,0.085,1.321,0.072,16.946089,0.002943,1.249199,0.012965960231818379,0.9964,1
Gaia EDR3 3046145188931678336,0.005371,0.035448,106.67215816737,-11.69789114184,0.099,0.0682,-0.513,0.066,1.474,0.062,16.707335,0.002912,1.302211,0.01165738121494585,0.997,1
Gaia EDR3 3046144845334326272,-0.018005,0.006424,106.64828410814,-11.72691472678,0.204,0.2055,-0.658,0.209,1.348,0.184,18.617607,0.003831,1.460724,0.07550251888750605,0.9961,1
Gaia EDR3 3046145154571959424,-0.012969,0.01867,106.6534276827,-11.71466891133,0.1578,0.0233,-0.658,0.022,1.495,0.021,14.376995,0.002789,1.948255,0.00525823275038939,0.9962,1
Gaia EDR3 3046146460241993344,0.024919,0.02773,106.69212103264,-11.70560802099,0.2494,0.0669,-0.615,0.07,1.471,0.061,16.73621,0.002889,1.249468,0.010218168242571822,0.9963,1
Gaia EDR3 3046141890396807168,0.038734,-0.009212,106.70623440513,-11.74254837991,0.2408,0.0803,-0.502,0.082,1.401,0.077,17.13289,0.00316,1.283291,0.013029443318618038,0.9939,1
Gaia EDR3 3046141512439721984,0.022047,-0.047057,106.68919422704,-11.78039572827,0.0866,0.0377,-0.511,0.038,1.481,0.035,15.700457,0.002798,1.780961,0.006840337178362777,0.994,1
Gaia EDR3 3046147491034141312,-0.009682,0.060908,106.6567862808,-11.6724308824,0.1596,0.0573,-0.538,0.059,1.525,0.056,16.061474,0.002848,1.851216,0.007924460612289252,0.9947,1
Gaia EDR3 3046141817373513088,0.009506,-0.013634,106.6763826467,-11.74697300696,0.147,0.0697,-0.708,0.071,1.452,0.066,16.903728,0.002878,1.204039,0.016243695109110716,0.9962,1
Gaia EDR3 3046146765176070912,0.006279,0.061949,106.67308446944,-11.67139064167,0.0359,0.341,-0.566,0.282,1.344,0.243,18.982754,0.004246,1.433346,0.07251485085914636,0.9946,1
Gaia EDR3 3046146082285191936,-0.023341,0.060048,106.64283891849,-11.67329078828,0.26,0.0789,-0.494,0.076,1.429,0.074,16.941063,0.003014,1.244017,0.015113616741622026,0.9916,1
Gaia EDR3 3046146662096790272,0.009042,0.04108,106.67590656931,-11.69225878829,0.1423,0.0854,-0.458,0.088,1.478,0.078,16.976767,0.002943,0.930349,0.013337726221874053,0.9962,1
Gaia EDR3 3046143402225595776,0.064995,0.012966,106.7330513453,-11.72036558644,0.0423,0.1851,-0.64,0.168,1.478,0.167,18.174185,0.003356,1.171768,0.03276960977369782,0.983,1
Gaia EDR3 3046141924756552320,0.015191,-0.001909,106.68218810577,-11.73524780598,0.2869,0.0619,-0.638,0.059,1.391,0.055,16.535955,0.003021,1.265434,0.010574689105358803,0.9972,1
Gaia EDR3 3046144772311034240,0.005001,-0.004961,106.67178115142,-11.73830064038,0.189,0.0555,-0.447,0.056,1.451,0.053,16.383419,0.002854,1.373196,0.007969184733560647,0.9966,1
Gaia EDR3 3046144364298011904,-0.015829,-0.028147,106.65050454899,-11.76148593148,0.2715,0.0798,-0.531,0.079,1.482,0.069,16.91747,0.002929,1.325636,0.010165580274477276,0.9928,1
Gaia EDR3 3046145051492759296,-0.023982,0.006659,106.64217970738,-11.72667916374,0.2208,0.1106,-0.639,0.117,1.29,0.097,17.502625,0.003014,1.367828,0.013736510167960273,0.9952,1
Gaia EDR3 3046146524657816704,0.053988,0.034965,106.72180629407,-11.69836901172,0.0044,0.1421,-0.6,0.134,1.454,0.117,17.817318,0.003203,1.268238,0.023673058506534568,0.9878,1
Gaia EDR3 3046144982773253760,0.004285,0.02689,106.67104926395,-11.70644894785,0.2186,0.0775,-0.687,0.079,1.31,0.069,16.801888,0.00295,1.107412,0.018920726129628054,0.9962,1
Gaia EDR3 3046144982773255680,0.014257,0.017048,106.68123337255,-11.71629137654,0.0242,0.0906,-0.512,0.089,1.468,0.082,17.260447,0.003003,1.170275,0.01615268959587129,0.9972,1
Gaia EDR3 3046144845334325376,-0.017854,0.007226,106.64843856676,-11.72611265805,0.1863,0.098,-0.653,0.1,1.552,0.092,17.218346,0.002991,1.251741,0.02153368714386308,0.9951,1
Gaia EDR3 3046141473780405504,0.042596,-0.047266,106.71018531851,-11.78060206945,0.134,0.0665,-0.479,0.069,1.535,0.063,16.847704,0.002875,1.301798,0.01008811690996476,0.9898,1
Gaia EDR3 3046146730816277504,-0.000534,0.044159,106.66612772629,-11.68917993025,0.1526,0.1727,-0.421,0.179,1.438,0.159,18.166956,0.003325,1.289991,0.025235365326631627,0.9957,1
Gaia EDR3 3046144772311037184,-0.002886,-0.007724,106.66372566058,-11.74106342417,0.1296,0.1337,-0.636,0.131,1.255,0.124,17.955063,0.003221,1.301947,0.02120610041558094,0.9957,1
Gaia EDR3 3046146490298086016,0.029916,0.036974,106.69722345263,-11.69636406771,0.1493,0.135,-0.415,0.143,1.41,0.125,17.942299,0.003241,1.265276,0.022140919929427575,0.9924,1
Gaia EDR3 3046143432281289088,0.039068,0.012131,106.70657284974,-11.72120601249,0.0752,0.2237,-0.678,0.237,1.526,0.238,18.692244,0.003972,1.341417,0.04642987097196706,0.9938,1
Gaia EDR3 3046144978469567872,0.015293,0.028101,106.68229023513,-11.70523743609,0.3047,0.1451,-0.664,0.148,1.405,0.135,18.087803,0.003335,1.407873,0.04049570899898897,0.9968,1
Gaia EDR3 3046144359994139392,-0.020949,-0.016974,106.64527499469,-11.75031263413,0.1666,0.1156,-0.745,0.117,1.352,0.105,17.773228,0.003088,1.291262,0.021359657428508386,0.9935,1
Gaia EDR3 3046145184627990400,-0.00222,0.02543,106.66440596716,-11.70790897676,0.313,0.145,-0.508,0.142,1.413,0.128,18.01441,0.003237,1.25557,0.04765955385945318,0.9971,1
Gaia EDR3 3046144776610167680,-0.003249,-0.004639,106.6633542849,-11.73797781935,0.1027,0.2757,-0.7,0.331,1.529,0.253,18.915104,0.004268,1.283323,0.1328936410376353,0.9959,1
Gaia EDR3 3046141409360509184,-0.005866,-0.03011,106.6606810722,-11.76344915068,-0.0016,0.1294,-0.547,0.131,1.334,0.13,17.972242,0.003187,1.266815,0.02628853309316741,0.9946,1
Gaia EDR3 3046141920452758144,0.01698,-0.001544,106.68401494415,-11.73488317444,0.3051,0.1437,-0.521,0.141,1.332,0.129,18.018902,0.003214,1.275543,0.024059275870875592,0.9968,1
Gaia EDR3 3046144948413524864,0.004636,0.010964,106.67140796235,-11.7223754962,0.2618,0.0993,-0.719,0.107,1.363,0.098,17.48931,0.003007,1.162878,0.01731994041994843,0.9965,1
Gaia EDR3 3046144944109800192,-0.004351,0.018395,106.66222886193,-11.71494404801,0.1187,0.1764,-0.643,0.206,1.24,0.176,18.347467,0.003495,1.461729,0.039522272885164196,0.9957,1
Gaia EDR3 3046146490298099456,0.031459,0.041671,106.69879821549,-11.69166625776,0.2762,0.3317,-0.484,0.298,1.512,0.283,18.97572,0.004328,1.242657,0.06456470473943803,0.9929,1
Gaia EDR3 3046144875390280576,0.007375,0.005294,106.67420494112,-11.72804539152,0.0885,0.1047,-0.407,0.102,1.404,0.096,17.532707,0.002987,1.226088,0.017967204350446825,0.9964,1
Gaia EDR3 3046141542495559936,0.03328,-0.028689,106.70066690968,-11.76202664767,0.2424,0.0973,-0.572,0.097,1.576,0.093,17.53106,0.002979,1.20565,0.019561461968369807,0.9939,1
Gaia EDR3 3046144948413529472,-0.003839,0.011472,106.66275171226,-11.72186709435,-0.0198,0.0799,-0.617,0.078,1.35,0.072,16.802721,0.003087,1.15227,0.015258279403387337,0.997,1
Gaia EDR3 3046147521090324352,-5.9e-05,0.064379,106.66661273505,-11.66896025245,0.2889,0.1799,-0.499,0.193,1.304,0.164,18.391537,0.00335,1.208836,0.04339876999893058,0.9933,1
Gaia EDR3 3046144845334321792,-0.012779,0.008328,106.65362123079,-11.7250109049,0.1812,0.0676,-0.584,0.067,1.6,0.061,16.75913,0.002894,1.203701,0.013202520863058986,0.9952,1
Gaia EDR3 3046141134482606080,0.017612,-0.055161,106.68466395232,-11.78849977075,0.321,0.3536,-0.516,0.306,1.333,0.265,19.142694,0.005081,1.310846,0.10495074142339263,0.9936,1
Gaia EDR3 3046145150268270208,-0.01127,0.030856,106.6551636369,-11.70248293893,0.2628,0.1082,-0.661,0.106,1.555,0.102,17.538065,0.003187,1.184149,0.020814527692929994,0.9952,1
Gaia EDR3 3046146494601719424,0.034463,0.043061,106.70186543551,-11.6902757857,0.1194,0.1024,-0.774,0.113,1.456,0.101,17.503435,0.003081,1.259836,0.02080986218197475,0.9924,1
Gaia EDR3 3046146735119895552,0.007297,0.049967,106.67412393821,-11.68337216937,0.0463,0.0691,-0.512,0.071,1.566,0.063,16.774427,0.002889,1.334543,0.009045312247921412,0.9954,1
Gaia EDR3 3046144772318577792,-0.005521,-0.008839,106.6610340138,-11.74217853309,0.1329,0.4548,-0.491,0.377,1.23,0.357,19.320202,0.004664,1.504396,0.0993743582807116,0.9948,1
Gaia EDR3 3046141954812527744,0.029311,0.008823,106.69660869943,-11.72451496319,0.148,0.4082,-0.624,0.346,1.209,0.298,19.246798,0.004387,1.412085,0.06700008193265237,0.9934,1
Gaia EDR3 3046141924751850496,0.022499,-0.010115,106.68965307336,-11.74345337974,0.0052,0.3681,-0.543,0.318,1.548,0.278,19.169981,0.004588,1.392653,0.071217780720417,0.9962,1
Gaia EDR3 3046141130183025408,0.010654,-0.045248,106.67755578522,-11.77858684193,0.055,0.1332,-0.421,0.132,1.321,0.127,18.030828,0.003132,1.314886,0.020107144893244652,0.9937,1
Gaia EDR3 3046145184628024704,-0.000491,0.036082,106.66617111173,-11.69725703736,0.3424,0.1557,-0.66,0.157,1.468,0.143,18.200277,0.00336,1.200842,0.03367654668760652,0.9965,1
Gaia EDR3 3046146490298124928,0.032195,0.048837,106.69954906506,-11.68450093657,-0.0555,0.1253,-0.543,0.136,1.431,0.126,17.736004,0.003087,1.147179,0.025964993577455155,0.9935,1
Gaia EDR3 3046141615518892416,0.063155,-0.016241,106.73117937207,-11.74957322249,0.2127,0.0879,-0.398,0.088,1.306,0.084,17.389029,0.003004,1.295467,0.025859756387970733,0.9835,1
Gaia EDR3 3046141306276716288,-0.004532,-0.052241,106.66204287307,-11.78558033475,0.0627,0.4969,-0.396,0.798,1.333,0.681,19.412643,0.006537,2.079382,0.18058931236484965,0.9904,1
Gaia EDR3 3046145012829256960,-0.033539,0.01241,106.63241983286,-11.72092771661,-0.0111,0.1461,-0.617,0.143,1.263,0.132,18.030502,0.003231,1.335144,0.024075268195343585,0.9926,1
Gaia EDR3 3046143367865545216,0.047079,0.002868,106.71475661729,-11.73046748567,0.1919,0.0774,-0.368,0.081,1.483,0.074,17.106256,0.002902,1.415043,0.012571751461003065,0.9861,1
Gaia EDR3 3046141890392075264,0.039372,-0.008406,106.70688683599,-11.74174247607,0.0027,0.2234,-0.73,0.249,1.323,0.216,18.474472,0.0042,1.086033,0.1489760820481876,0.9928,1
Gaia EDR3 3046144875390261120,0.008534,-0.001499,106.6753895652,-11.7348384351,0.0283,0.1583,-0.381,0.153,1.441,0.142,18.168064,0.003266,1.35783,0.033674206655541536,0.9958,1
Gaia EDR3 3046141301981708032,-0.010682,-0.049241,106.65576047649,-11.78257977176,0.3745,0.1133,-0.508,0.101,1.336,0.093,17.466465,0.00301,1.316158,0.01540316551271819,0.9905,1
Gaia EDR3 3046146662096779392,0.015001,0.037599,106.68199192353,-11.69574035659,-0.0491,0.2231,-0.637,0.238,1.288,0.208,18.736988,0.003987,1.293615,0.060953706060851084,0.9955,1
Gaia EDR3 3046144909750060288,0.019874,0.017867,106.68696950748,-11.71547193156,-0.0514,0.1162,-0.685,0.114,1.328,0.105,17.416218,0.003143,1.279047,0.020729755623872363,0.9962,1
Gaia EDR3 3046141783013745024,-0.008853,-0.024157,106.65763035354,-11.75749649577,-0.0197,0.1517,-0.573,0.154,1.588,0.156,18.21149,0.003466,1.298021,0.033445101051381064,0.9932,1
Gaia EDR3 3046144841035484544,-0.019542,0.005346,106.64671462471,-11.72799284666,-0.0419,0.2384,-0.559,0.245,1.258,0.218,18.81486,0.003904,1.345322,0.05514405890671202,0.9951,1
Gaia EDR3 3046146662096821248,0.010754,0.05063,106.67765409785,-11.68270902485,0.0619,0.4939,-0.778,0.421,1.539,0.354,19.41729,0.004636,1.54096,0.07272489777727958,0.9929,1
Gaia EDR3 3046141851733236352,0.031795,-0.017296,106.69914882248,-11.75063320639,-0.1002,0.3043,-0.607,0.268,1.416,0.243,18.962397,0.004086,1.354689,0.04909312853307906,0.9958,1
Gaia EDR3 3046146421578596736,0.044226,0.032698,106.71183752498,-11.700637457,0.1674,0.1299,-0.832,0.136,1.472,0.117,17.870615,0.003173,1.275793,0.021904520403240414,0.9913,1
Gaia EDR3 3046141817373505664,0.002942,-0.015228,106.66967798223,-11.74856777431,0.3242,0.1561,-0.381,0.168,1.417,0.146,18.241049,0.003251,1.346495,0.03633749043081834,0.9951,1
Gaia EDR3 3046141821677343488,0.010193,-0.006542,106.67708351653,-11.73988133235,0.1591,0.104,-0.553,0.1,1.674,0.088,17.163433,0.003052,1.241468,0.01793744474574781,0.9946,1
Gaia EDR3 3046144364298013952,-0.02317,-0.025131,106.64300604803,-11.75846965834,0.3173,0.0261,-0.778,0.026,1.332,0.024,14.835138,0.002792,0.79064,0.005523888512946786,0.9908,1
Gaia EDR3 3046141645574795136,0.045864,-0.021255,106.71351948794,-11.75459089127,0.0291,0.1337,-0.523,0.13,1.182,0.128,18.036444,0.003207,0.991545,0.023723317439999198,0.9865,1
Gaia EDR3 3046141959116281728,0.027327,0.003372,106.69458252809,-11.72996602746,0.4075,0.153,-0.651,0.169,1.477,0.144,17.948744,0.00331,1.287825,0.02508679651200848,0.9965,1
Gaia EDR3 3046141439420663168,0.033222,-0.048525,106.70060942606,-11.78186213629,0.3483,0.2753,-0.404,0.236,1.344,0.221,18.963768,0.004071,1.448662,0.07019530748343968,0.9907,1
Gaia EDR3 3046141061463523712,0.018992,-0.056911,106.68607410726,-11.79024948158,-0.0087,0.1743,-0.676,0.182,1.605,0.164,18.37806,0.003472,1.266371,0.033185011655733405,0.99,1
Gaia EDR3 3046144914049048448,0.022276,0.006492,106.68942329395,-11.7268459535,0.1063,0.2396,-0.348,0.28,1.279,0.215,18.567318,0.003819,,,0.9932,1
Gaia EDR3 3046146009261783680,-0.020845,0.047426,106.64538719085,-11.68591245131,0.1414,0.227,-0.826,0.236,1.282,0.208,18.776691,0.003956,1.430786,0.052190778779478496,0.9872,1
Gaia EDR3 3046141546797167104,0.031154,-0.029948,106.69849530048,-11.76328552939,0.2403,0.1777,-0.485,0.181,1.165,0.174,18.459484,0.003563,1.412003,0.03399459001420603,0.9883,1
Gaia EDR3 3046145150272544128,-0.011578,0.017885,106.65484827781,-11.71545397642,0.2956,0.0994,-0.337,0.096,1.417,0.086,17.379478,0.003,1.175478,0.02390684447286803,0.9935,1
Gaia EDR3 3046146735119900672,-0.007805,0.051925,106.65870241998,-11.68141422759,0.2027,0.1134,-0.646,0.114,1.134,0.1,17.491365,0.003033,1.274117,0.017176066323203742,0.9871,1
Gaia EDR3 3046144982773250176,0.012194,0.026317,106.67912621932,-11.70702195095,-0.0016,0.1252,-0.337,0.124,1.369,0.119,17.845417,0.0031,1.167448,0.021183371327952116,0.9942,1
Gaia EDR3 3046145188926953088,-0.001637,0.025421,106.66500104228,-11.70791879234,-0.0599,0.1703,-0.482,0.184,1.585,0.167,18.299654,0.00351,0.811123,0.4823629475230174,0.9958,1
Gaia EDR3 3046144982773250560,0.017117,0.021235,106.68415408275,-11.71210360322,0.3861,0.1048,-0.593,0.101,1.224,0.093,17.466494,0.002983,1.225922,0.01638334823781273,0.9953,1
Gaia EDR3 3046144978469541760,0.008621,0.019474,106.6754771415,-11.71386498124,0.0922,0.1254,-0.878,0.136,1.385,0.12,17.861584,0.003162,1.231813,0.019785128330843702,0.9926,1
Gaia EDR3 3046143157403306368,0.064283,-0.013631,106.73233080205,-11.74696287258,0.1951,0.1231,-0.332,0.126,1.242,0.118,17.954296,0.003118,1.215542,0.019979245114997813,0.9808,1
Gaia EDR3 3046144772311027456,-0.005326,-0.007154,106.66123263714,-11.74049344063,-0.0804,0.1637,-0.681,0.164,1.584,0.151,18.31968,0.00332,1.256153,0.030603645255217492,0.9951,1
Gaia EDR3 3046144982773257216,0.002708,0.024658,106.66943876775,-11.70868180162,0.2114,0.0759,-0.891,0.083,1.445,0.072,16.790976,0.003038,0.793083,0.00955215903570197,0.9923,1
Gaia EDR3 3046146696456573952,0.017719,0.054961,106.68476662739,-11.67837754729,-0.1202,0.388,-0.728,0.338,1.489,0.285,19.07894,0.004381,1.428268,0.06304998018708675,0.9937,1
Gaia EDR3 3046145017133026304,-0.026612,0.003254,106.63949323832,-11.73008368756,0.3084,0.0253,-0.809,0.025,1.581,0.022,14.276701,0.002787,0.742921,0.005382040184250501,0.9894,1
Gaia EDR3 3046141439420672640,0.031617,-0.044447,106.69897017538,-11.7777840314,0.0995,0.2378,-0.734,0.228,1.694,0.217,18.911514,0.004077,1.407968,0.0523415018138866,0.9877,1
Gaia EDR3 3046146563321179904,0.057843,0.048927,106.72574027258,-11.68440668981,0.0244,0.1197,-0.878,0.108,1.36,0.095,17.474798,0.003089,1.422703,0.013970955950401882,0.9836,1
Gaia EDR3 3046146632040656384,0.046203,0.058012,106.71385227805,-11.67532333241,0.2987,0.1173,-0.879,0.106,1.391,0.095,17.426147,0.003235,1.343876,0.015057282428565109,0.9865,1
Gaia EDR3 3046144879694048896,0.01426,0.002966,106.68123675356,-11.73037300909,-0.0064,0.5321,-0.507,0.476,1.7,0.402,19.634026,0.005988,1.13772,0.239221715027891,0.9933,1
Gaia EDR3 3046146730816282880,0.002404,0.045577,106.66912772198,-11.68776186241,0.4973,0.373,-0.577,0.321,1.393,0.266,19.024292,0.004171,1.707903,0.04704378042055292,0.9966,1
Gaia EDR3 3046144772311051264,5.1e-05,0.000936,106.66672486197,-11.73240345892,0.0512,0.1925,-0.893,0.196,1.527,0.177,18.574383,0.003466,1.299229,0.06120042836673389,0.9921,1
Gaia EDR3 3046144879694048512,0.00685,0.009208,106.67366901916,-11.72413110462,0.2674,0.2398,-0.491,0.215,1.09,0.21,18.520248,0.003746,1.31333,0.03534032973369402,0.9898,1
Gaia EDR3 3046146593377323008,0.041087,0.043861,106.70862964105,-11.68947557919,0.1799,0.4086,-0.231,0.359,1.408,0.303,19.207874,0.004886,1.671486,0.08318255087619555,0.98,1
Gaia EDR3 3046141890397109632,0.048061,-0.005816,106.71576081755,-11.73915109925,-0.1405,0.2013,-0.772,0.213,1.347,0.217,18.573713,0.003559,1.311914,0.05337959215212975,0.9898,1
Gaia EDR3 3046145047188999680,-0.031405,0.013556,106.63459901765,-11.71978167156,0.1839,0.0636,-0.855,0.068,1.181,0.061,16.493574,0.003121,1.848826,0.017647495164515213,0.9842,1
Gaia EDR3 3046141645574781568,0.038989,-0.025952,106.70649775156,-11.75928844845,0.3764,0.2127,-0.712,0.223,1.158,0.199,18.763767,0.003693,1.309816,0.05120652640941913,0.9871,1
Gaia EDR3 3046146730816299008,0.000192,0.050488,106.66686928691,-11.68285091248,0.4007,0.191,-0.33,0.202,1.499,0.175,18.49652,0.003649,1.475622,0.03439268603522702,0.9928,1
Gaia EDR3 3046144879689323264,0.012188,0.006749,106.67912079681,-11.72658955662,-0.0527,0.163,-0.758,0.165,1.168,0.152,18.289696,0.0034,1.233448,0.04285989933691499,0.9921,1
Gaia EDR3 3046144772311025792,0.00226,-0.007745,106.66898144505,-11.74108384946,0.1344,0.2475,-0.22,0.199,1.364,0.183,18.56152,0.003641,1.477167,0.034355870401513264,0.9894,1
Gaia EDR3 3046141581159177984,0.051138,-0.04127,106.71891046156,-11.7746044517,-0.0173,0.2135,-0.91,0.31,1.404,0.301,18.660702,0.003794,,,0.9893,1
Gaia EDR3 3046141856032385152,0.022543,-0.015035,106.6896978369,-11.74837293743,0.3457,0.3396,-0.802,0.301,1.64,0.267,18.99494,0.004072,1.416767,0.042936102243903776,0.991,1
Gaia EDR3 3046141576863241344,0.05281,-0.034528,106.7206162059,-11.76786207028,0.3536,0.4407,-0.272,0.363,1.462,0.318,19.280699,0.004483,1.588322,0.07393659273760847,0.9824,1
Gaia EDR3 3046141576859631744,0.05108,-0.041535,106.71885064707,-11.77486971475,0.3818,0.0967,-0.881,0.097,1.424,0.091,17.539898,0.003229,1.269146,0.01634198184573214,0.9896,1
Gaia EDR3 3046141821672648448,0.009942,-0.006556,106.67682767782,-11.7398952031,0.0947,0.1969,-0.95,0.176,1.347,0.219,18.281054,0.005054,,,0.9916,1
Gaia EDR3 3046145120212225408,-0.026686,0.024897,106.63941953588,-11.70844083958,0.0442,0.0837,-0.235,0.08,1.514,0.072,17.083057,0.002968,0.88747,0.025095715467940666,0.9818,1
Gaia EDR3 3046144875390282112,0.006012,0.006436,106.67281313209,-11.72690355348,0.2866,0.2065,-0.25,0.194,1.538,0.183,18.571016,0.003586,1.274738,0.058133258014068816,0.9887,1
Gaia EDR3 3046141752958977664,0.015494,-0.026511,106.68249867244,-11.7598499812,-0.2185,0.4012,-0.658,0.357,1.413,0.307,19.324236,0.004714,1.429073,0.04331471642340646,0.9958,1
Gaia EDR3 3046141787312992512,-0.007455,-0.023936,106.65905830971,-11.75727521612,-0.1574,0.5213,-0.421,0.459,1.261,0.444,19.65321,0.005792,1.564787,0.1227399197608465,0.993,1
Gaia EDR3 3046141817373489792,0.00761,-0.020291,106.67444550682,-11.7536303321,-0.1241,0.1827,-0.708,0.189,1.181,0.174,18.544561,0.003584,1.387623,0.0431778199263755,0.9924,1
Gaia EDR3 3046145150268257792,-0.011322,0.02715,106.65511056963,-11.70618948742,0.3439,0.351,-0.379,0.283,1.676,0.251,19.01359,0.004308,1.430685,0.06078295900724119,0.9866,1
Gaia EDR3 3046144944109761152,0.001349,0.006912,106.66805093619,-11.72642712893,0.3018,0.2397,-0.291,0.246,1.205,0.216,18.910686,0.004028,1.353905,0.0566895774813823,0.9909,1
Gaia EDR3 3046145218987744256,-0.023661,0.028573,106.64250948276,-11.7047657029,-0.1864,0.225,-0.469,0.236,1.555,0.212,18.63088,0.003831,1.313927,0.05986456739628532,0.9926,1
Gaia EDR3 3046144737951274496,-0.012934,-0.012087,106.65346224497,-11.74542560845,0.387,0.4324,-0.76,0.353,1.151,0.314,19.33308,0.004744,1.339794,0.12073271960264545,0.9906,1
Gaia EDR3 3046146593377333248,0.045244,0.046561,106.71287419395,-11.68677479059,0.3868,0.2612,-0.79,0.245,1.649,0.208,18.674181,0.003819,1.420219,0.036680195752290375,0.9881,1
Gaia EDR3 3046141856032383488,0.025526,-0.015969,106.69274528453,-11.74930668284,-0.005,0.1848,-0.243,0.189,1.292,0.173,18.536655,0.003639,1.365631,0.03846738789489743,0.9887,1
Gaia EDR3 3046141336341463808,-0.002468,-0.040076,106.66415177742,-11.77341507285,0.2011,0.1242,-0.943,0.126,1.247,0.127,17.920275,0.003193,1.014423,0.017761874283673294,0.986,1
Gaia EDR3 3046146765176071040,0.004661,0.061952,106.67143266928,-11.67138772743,0.1089,0.2127,-0.189,0.224,1.469,0.194,18.644049,0.003848,1.376844,0.033617390759619004,0.984,1
Gaia EDR3 3046144914053782528,0.022214,0.00684,106.68936024783,-11.72649871498,0.3265,0.1451,-0.389,0.161,1.103,0.149,17.990072,0.003413,0.986967,0.0386637752174539,0.9855,1
Gaia EDR3 3046141920452773248,0.020079,0.002555,106.68718031491,-11.73078383972,0.2701,0.0671,-0.544,0.066,1.793,0.062,16.518929,0.00297,1.289566,0.009037720716520687,0.9862,1
Gaia EDR3 3046141134477987072,0.018326,-0.053656,106.6853937927,-11.78699433052,-0.161,0.6114,-0.333,0.71,1.382,0.579,20.22802,0.007644,1.510527,0.10433457510301669,0.9909,1
Gaia EDR3 3046141473780416768,0.048796,-0.040578,106.71651719661,-11.77391297446,-0.1353,0.5274,-0.571,0.438,1.127,0.372,19.61157,0.005487,1.523735,0.09968091329333456,0.9816,1
Gaia EDR3 3046144982768521216,0.011251,0.015714,106.6781630653,-11.71762553375,-0.0879,0.435,-0.587,0.374,1.074,0.327,19.140371,0.006816,1.368961,0.07588296550445324,0.9895,1
Gaia EDR3 3046144948413531264,-0.007144,0.012664,106.65937694089,-11.72067520393,-0.0435,0.2088,-0.799,0.215,1.116,0.189,18.632433,0.003596,1.407856,0.05753327382629306,0.9886,1
Gaia EDR3 3046144978469570432,0.010986,0.028291,106.67789266985,-11.70504796935,-0.2191,0.1914,-0.605,0.209,1.591,0.18,18.203188,0.003453,1.196814,0.06552601594804534,0.9961,1
Gaia EDR3 3046141920452773504,0.021399,0.003425,106.68852843172,-11.72991369885,0.4096,0.1893,-0.386,0.19,1.677,0.175,18.518682,0.003574,1.349285,0.03722161491302986,0.988,1
Gaia EDR3 3046146391522514688,0.029267,0.027936,106.69656099132,-11.7054013108,0.1502,0.0518,-0.978,0.053,1.274,0.047,16.144505,0.002836,0.984081,0.00727685241074427,0.9834,1
Gaia EDR3 3046146524657831168,0.050445,0.039103,106.71818699359,-11.69423140989,0.2812,0.0943,-0.934,0.09,1.599,0.078,17.056757,0.002924,1.018505,0.017131163836521076,0.9886,1
Gaia EDR3 3046141684238375808,0.052626,-0.016022,106.72042498946,-11.74935601798,0.0636,0.0833,-0.966,0.09,1.554,0.085,17.244106,0.002939,0.953196,0.016232940934774565,0.9883,1
Gaia EDR3 3046146494601720320,0.029981,0.043804,106.69728879893,-11.68953324358,-0.0203,0.2342,-0.2,0.246,1.333,0.226,18.610102,0.003878,1.37635,0.05704030036665599,0.9805,1
Gaia EDR3 3046143161702354432,0.059815,-0.006832,106.72776568117,-11.74016469502,0.1566,0.5147,-0.961,0.568,1.608,0.467,19.966635,0.00664,1.536949,0.10978764286960566,0.9866,1
Gaia EDR3 3046141924751829504,0.025672,-0.006573,106.69289307293,-11.73991068619,0.4626,0.1822,-0.305,0.182,1.3,0.172,18.265095,0.003537,,,0.992,1
Gaia EDR3 3046144948413532288,-0.008277,0.012808,106.65821965177,-11.72053129488,0.2868,0.1403,-0.969,0.142,1.543,0.129,18.03574,0.00326,1.329327,0.028930311847997367,0.9896,1
Gaia EDR3 3046141954812520448,0.031573,0.006379,106.69891898953,-11.72695846183,0.5128,0.2601,-0.732,0.261,1.614,0.228,18.831255,0.003825,1.446615,0.04597784478262963,0.993,1
Gaia EDR3 3046143196066844416,0.072766,-0.000712,106.74099215282,-11.73404160162,0.0936,0.074,-1.012,0.074,1.332,0.068,16.9598,0.002927,1.234211,0.01634237590944522,0.9815,1
Gaia EDR3 3046146047920420736,-0.041428,0.051025,106.62436807156,-11.68231168715,-0.221,0.7762,-0.814,0.92,1.377,0.694,20.394535,0.008759,1.22102,0.1749141505999276,0.9835,1
Gaia EDR3 3046144978474463232,0.01622,0.024524,106.68323742858,-11.70881483424,0.5876,0.1383,-0.582,0.135,1.274,0.124,17.985216,0.003323,1.212174,0.03612233619166472,0.9962,1
Gaia EDR3 3046143466641070336,0.051793,0.025004,106.71956659554,-11.70833079212,0.3418,0.2388,-1.004,0.247,1.38,0.221,18.777472,0.003794,1.419178,0.08436186085220769,0.989,1
Gaia EDR3 3046145051488071040,-0.018517,0.008116,106.64776145736,-11.72522287604,0.3666,0.2465,-0.986,0.254,1.328,0.21,18.647371,0.003718,1.317938,0.06086739423555128,0.9893,1
