EDR3Name,_x,_y,RA_ICRS,DE_ICRS,Plx,e_Plx,pmRA,e_pmRA,pmDE,e_pmDE,Gmag,e_Gmag,BP-RP,e_BP-RP,probs_final,membs_select
Gaia EDR3 5246554928657386624,-0.002048,-0.040236,150.80520507602,-64.79024079554,0.0505,0.0298,-3.008,0.034,2.466,0.03,15.846879,0.002782,1.428837,0.005931299386031354,0.9955,1
Gaia EDR3 5246556337411619328,0.01872,-0.010891,150.85391765536,-64.76088905478,0.0639,0.0239,-3.005,0.027,2.454,0.024,13.99979,0.002777,1.826557,0.005029511099134457,0.998,1
Gaia EDR3 5246559464147802112,-0.021405,0.015942,150.75986423063,-64.7340547999,0.0614,0.5308,-2.952,0.646,2.471,0.627,20.200733,0.007217,0.553705,0.17123483922051036,0.9978,1
Gaia EDR3 5246559464123552000,-0.015773,0.018078,150.7730628386,-64.73192272833,0.0389,0.0705,-2.984,0.08,2.505,0.074,17.560972,0.002928,1.250706,0.025279239300281066,0.9977,1
Gaia EDR3 5246556577905702656,0.024846,0.008709,150.86824089283,-64.74128489849,0.0506,0.1382,-3.028,0.161,2.475,0.168,18.57815,0.003322,0.951479,0.033017248613088114,0.9965,1
Gaia EDR3 5246556234327495936,0.019958,-0.027115,150.8568482173,-64.77711257149,0.0853,0.0371,-2.978,0.041,2.507,0.041,16.214552,0.002793,1.293439,0.0058208634797524165,0.9971,1
Gaia EDR3 5246557917954613888,-0.024765,-0.022691,150.75190951566,-64.77268462327,0.0635,0.0349,-2.998,0.04,2.522,0.037,16.180939,0.00279,1.304903,0.006337912215200867,0.9967,1
Gaia EDR3 5246559429783133056,-0.026983,0.003238,150.74676507034,-64.74675307081,0.0223,0.0387,-3.03,0.045,2.471,0.04,16.337526,0.002814,1.385161,0.0076505442240393465,0.9979,1
Gaia EDR3 5246559532862386560,-0.026446,0.03069,150.74808629623,-64.7193019215,0.0305,0.0234,-2.935,0.027,2.474,0.025,15.432345,0.002775,1.493721,0.0051864509140718265,0.9958,1
Gaia EDR3 5246557952314362752,-0.032826,-0.005344,150.73304411493,-64.75532891456,0.0079,0.0312,-2.992,0.036,2.433,0.034,15.8939,0.002784,1.364596,0.006479138095614065,0.9972,1
Gaia EDR3 5246556509186068992,-0.005846,0.009645,150.79631439575,-64.74035889562,0.1128,0.1503,-2.98,0.171,2.439,0.16,18.72479,0.003393,0.855875,0.03231893329245511,0.9986,1
Gaia EDR3 5246559532862371712,-0.026627,0.019909,150.74763900122,-64.73008266506,0.074,0.0342,-2.963,0.042,2.411,0.037,16.16002,0.002793,1.383085,0.00627433402625959,0.9972,1
Gaia EDR3 5246556165590595456,0.030468,-0.026378,150.88150988038,-64.77636560665,-0.0035,0.353,-3.011,0.39,2.47,0.354,19.832676,0.004828,0.902277,0.07871290322913557,0.9954,1
Gaia EDR3 5246556642331981824,0.011391,0.020427,150.83669765989,-64.72957593537,0.1234,0.0668,-2.957,0.074,2.481,0.071,17.448055,0.002894,1.268076,0.012348475745990318,0.9973,1
Gaia EDR3 5246556749723639552,0.039295,0.006617,150.90210932863,-64.74335937579,-0.0016,0.0403,-3.012,0.046,2.431,0.042,16.354172,0.00281,1.359773,0.006750702748744876,0.994,1
Gaia EDR3 5246559670301380096,-0.010388,0.044491,150.78570237136,-64.70551148539,0.0893,0.0267,-2.96,0.029,2.532,0.03,15.585216,0.002778,1.457736,0.005235613520758177,0.9932,1
Gaia EDR3 5246559429783145472,-0.015355,-0.001352,150.77401595361,-64.75135212373,0.0379,0.0491,-2.911,0.055,2.44,0.049,16.80156,0.002824,1.323734,0.00685999239812595,0.9987,1
Gaia EDR3 5246556406126158464,-4e-06,-0.026188,150.81000353191,-64.77619287225,0.0664,0.0357,-2.899,0.039,2.468,0.036,16.214724,0.002799,1.290412,0.0074430549090359404,0.9981,1
Gaia EDR3 5246556440486427648,0.005998,-0.001652,150.82407576702,-64.75165636962,-0.0256,0.0519,-3.016,0.058,2.471,0.055,16.9131,0.002831,1.289936,0.007393102119703496,0.9988,1
Gaia EDR3 5246556646644948736,0.007487,0.028939,150.82754674879,-64.72106444354,0.1041,0.5904,-2.948,0.658,2.535,0.635,20.35515,0.008208,0.986155,0.11681128108260569,0.9963,1
Gaia EDR3 5246554718191238016,0.002753,-0.044767,150.81647899505,-64.79477207145,0.0401,0.1588,-2.896,0.185,2.462,0.17,18.72544,0.003631,1.308515,0.029976687686101816,0.9943,1
Gaia EDR3 5246556509186066944,-0.003625,0.006567,150.8015177518,-64.74343724819,-0.0236,0.27,-2.946,0.288,2.488,0.252,19.372107,0.004432,,,0.9988,1
Gaia EDR3 5246554997377410304,-0.020989,-0.021739,150.76077028199,-64.77173541254,0.0887,0.0477,-2.939,0.055,2.392,0.049,16.79868,0.00283,1.342773,0.0074824129214331025,0.9973,1
Gaia EDR3 5246559498502611200,-0.030521,0.008367,150.73848499813,-64.74162052046,0.0291,0.0806,-2.95,0.092,2.555,0.091,17.769629,0.003638,1.359076,0.018841004197246696,0.9973,1
Gaia EDR3 5246556303027800320,0.03778,-0.004926,150.89859728224,-64.75490472246,0.151,0.1436,-2.955,0.168,2.447,0.165,18.676046,0.003393,0.867346,0.02515300596434399,0.9945,1
Gaia EDR3 5246556234310563968,0.019058,-0.022545,150.85472956218,-64.77254279618,0.0292,0.6221,-3.088,0.754,2.466,0.698,20.404005,0.007062,0.859287,0.1256839711290344,0.9974,1
Gaia EDR3 5246556607984259584,0.004798,0.00313,150.82125969152,-64.74687436081,-0.0073,0.1397,-3.066,0.156,2.493,0.15,18.533632,0.003295,0.854021,0.027715143919845846,0.9987,1
Gaia EDR3 5246556474845644160,-0.003959,-0.015282,150.80072853194,-64.76528648154,0.0335,0.0405,-3.065,0.046,2.401,0.042,16.332829,0.002795,1.324739,0.006179946929329997,0.9986,1
Gaia EDR3 5246556440485936384,0.014577,-0.014422,150.84420595291,-64.76442256863,0.018,0.055,-2.918,0.063,2.541,0.057,17.020382,0.002924,0.28883,0.007908632042201276,0.9984,1
Gaia EDR3 5246556333091771136,0.031318,-0.015554,150.88347491981,-64.76554033301,0.1519,0.1289,-2.981,0.161,2.412,0.135,18.315424,0.003281,1.283169,0.022342545232805117,0.996,1
Gaia EDR3 5246559429763697920,-0.025078,0.00458,150.75123458611,-64.74541310402,-0.0167,0.1423,-3.026,0.162,2.392,0.151,18.620338,0.003344,0.98317,0.022033230680610243,0.998,1
Gaia EDR3 5246554997357354880,-0.011281,-0.031468,150.78353822836,-64.78147026642,0.0617,0.178,-2.901,0.202,2.545,0.179,18.954012,0.003607,0.810181,0.04043862839889726,0.9968,1
Gaia EDR3 5246556543547723264,0.011224,0.006129,150.83632107534,-64.7438731161,0.0607,0.152,-3.098,0.18,2.442,0.167,18.668177,0.00375,0.788656,0.06222974393154305,0.9981,1
Gaia EDR3 5246556646625179008,0.006462,0.02938,150.82514692089,-64.72062429518,0.0444,0.1501,-3.024,0.172,2.585,0.167,18.711506,0.003504,0.876944,0.018866373204657307,0.9958,1
Gaia EDR3 5246556230012773760,0.020199,-0.019914,150.8574015142,-64.76991171787,0.0038,0.1658,-3.075,0.189,2.379,0.188,18.769625,0.003486,0.866701,0.028156362807042676,0.9972,1
Gaia EDR3 5246556509205402112,-0.001971,-0.002773,150.8053926481,-64.75277740219,0.0968,0.107,-2.854,0.124,2.469,0.104,18.091288,0.003136,1.073896,0.01570394065456709,0.999,1
Gaia EDR3 5246556234308155136,0.015742,-0.015924,150.84694056517,-64.76592422646,0.1723,0.1723,-3.008,0.209,2.543,0.187,18.833471,0.003475,0.844458,0.030559656751494652,0.9982,1
Gaia EDR3 5246556470533276800,-0.011916,-0.00737,150.78207216994,-64.75737217366,-0.0364,0.0739,-3.068,0.081,2.403,0.07,17.524588,0.005851,1.320339,0.021835801189358343,0.9986,1
Gaia EDR3 5246556509205409920,-0.002226,0.003124,150.80479658815,-64.7468805114,-0.0745,0.047,-3.025,0.053,2.438,0.047,16.74339,0.002837,1.19574,0.009356047182853277,0.9988,1
Gaia EDR3 5246556401811465088,0.008587,-0.021022,150.83015958902,-64.77102584762,-0.0088,0.1619,-2.956,0.187,2.346,0.168,18.772955,0.003443,1.102106,0.026200648127261493,0.9981,1
Gaia EDR3 5246556612265299968,-0.002505,0.010807,150.80414487188,-64.73919799168,0.0972,0.1715,-2.952,0.196,2.605,0.18,18.908386,0.003484,0.794832,0.03717978709684062,0.9985,1
Gaia EDR3 5246556474845631488,-0.014022,-0.012785,150.77712593451,-64.76278624721,0.0487,0.0349,-3.09,0.039,2.365,0.037,16.162407,0.002856,1.266667,0.007161832721413788,0.9983,1
Gaia EDR3 5246557952294833152,-0.030907,-0.01394,150.73752106005,-64.7639272307,0.1447,0.1569,-2.939,0.18,2.581,0.175,18.649784,0.003397,0.988722,0.02896496510202692,0.9966,1
Gaia EDR3 5246559567202788992,-0.008386,0.014849,150.7903651829,-64.73515428392,0.1618,0.1193,-2.988,0.132,2.577,0.124,18.278189,0.003181,1.209146,0.028333938243688697,0.9981,1
Gaia EDR3 5246559670282080128,-0.018455,0.043338,150.76681894157,-64.70666076432,-0.0247,0.1546,-3.106,0.179,2.411,0.174,18.75993,0.003408,0.925808,0.027697063028281614,0.9938,1
Gaia EDR3 5246556509186043648,-0.006267,0.00531,150.79532447125,-64.74469412537,0.1147,0.0928,-2.893,0.102,2.35,0.096,18.00962,0.003385,1.072845,0.03617316753944326,0.9987,1
Gaia EDR3 5246559464123492480,-0.017215,0.008033,150.76966839106,-64.74196609136,0.192,0.2159,-2.891,0.238,2.48,0.2,19.053778,0.00378,0.813267,0.027228384224687558,0.9984,1
Gaia EDR3 5246559425471081472,-0.026662,0.008153,150.74753030179,-64.74183862035,-0.0633,0.1432,-2.897,0.177,2.399,0.156,18.633568,0.003308,1.255852,0.027807096852681287,0.998,1
Gaia EDR3 5246557986654513792,-0.044966,-0.010658,150.70455870553,-64.76062592386,-0.0898,0.3843,-3.017,0.464,2.546,0.445,20.01213,0.005384,0.948906,0.06805588090487784,0.9928,1
Gaia EDR3 5246559498483200896,-0.035812,0.022508,150.72612940885,-64.72747357444,0.0895,0.1528,-3.07,0.173,2.613,0.175,18.612862,0.003286,,,0.9946,1
Gaia EDR3 5246559562921759616,-0.010039,0.018059,150.78649650728,-64.73194380132,0.0546,0.1661,-3.157,0.188,2.442,0.176,18.850622,0.003487,0.836798,0.029120332669488522,0.9975,1
Gaia EDR3 5246559601562631936,-0.001931,0.03099,150.80549189527,-64.7190149321,0.1698,0.1415,-3.116,0.167,2.44,0.16,18.64497,0.003276,0.954054,0.029328341333108247,0.996,1
Gaia EDR3 5246554993064823552,-0.013187,-0.032516,150.77906256954,-64.78251808714,0.1188,0.148,-2.928,0.173,2.62,0.165,18.607624,0.003345,1.060658,0.021788345978710034,0.9961,1
Gaia EDR3 5246556612284633344,-0.00024,0.007844,150.809451182,-64.74216093387,0.2267,0.0655,-2.996,0.073,2.416,0.068,17.405876,0.002887,1.257275,0.009296086609955899,0.9987,1
Gaia EDR3 5246556607984259456,0.005719,0.003415,150.8234193612,-64.7465895381,0.2168,0.1441,-2.923,0.161,2.419,0.157,18.629599,0.003341,0.889294,0.04968996307819564,0.9988,1
Gaia EDR3 5246556474850558592,-0.015972,-0.005629,150.77256301892,-64.75562950488,0.0315,0.1501,-3.156,0.177,2.419,0.143,18.505667,0.00331,0.763056,0.02246284274155165,0.9983,1
Gaia EDR3 5246556642340271616,0.00047,0.024575,150.81111443204,-64.7254295243,-0.009,0.1405,-3.145,0.159,2.52,0.153,18.512987,0.003316,1.092403,0.0261148523017963,0.9968,1
Gaia EDR3 5246556440468499328,0.004308,-0.000471,150.82011426075,-64.75047585713,0.0641,0.1787,-3.001,0.202,2.288,0.188,18.910788,0.003596,0.758011,0.028355262195646734,0.9986,1
Gaia EDR3 5246556474828221952,-0.00433,-0.010912,150.79985913159,-64.76091650215,0.2279,0.1696,-2.93,0.208,2.507,0.17,18.770266,0.003444,1.217512,0.02289321973485511,0.9989,1
Gaia EDR3 5246556543545894016,0.018161,0.003065,150.85258278411,-64.74693354875,-0.0514,0.1435,-2.886,0.16,2.579,0.165,18.550966,0.003338,0.977566,0.030552861269670474,0.9979,1
Gaia EDR3 5246556509205399552,-0.003563,-0.002647,150.80166112125,-64.75265187573,0.0599,0.0883,-2.802,0.1,2.523,0.086,17.852127,0.003016,0.487831,0.02028630640490982,0.9989,1
Gaia EDR3 5246556230019743488,0.013686,-0.021519,150.84212412545,-64.77152063508,0.0041,0.1494,-3.082,0.175,2.626,0.159,18.640335,0.003377,1.032124,0.0278421782214471,0.9978,1
Gaia EDR3 5246556474828222976,-0.005087,-0.008904,150.79808432233,-64.75890846958,0.1233,0.1353,-3.143,0.159,2.374,0.138,18.31275,0.003204,0.848492,0.01897798743262454,0.9986,1
Gaia EDR3 5246559464123494784,-0.012678,0.003363,150.78029791806,-64.74663860788,0.1211,0.2149,-3.138,0.227,2.575,0.198,19.162172,0.003904,0.866671,0.03752919260480761,0.9983,1
Gaia EDR3 5246556474828224896,-0.003287,-0.009458,150.80230676649,-64.75946241486,0.2028,0.1476,-2.858,0.173,2.504,0.15,18.607506,0.003338,0.830261,0.061951624645145816,0.9989,1
Gaia EDR3 5246556543545830400,0.013446,-0.005786,150.84154102152,-64.75578784067,-0.0026,0.2536,-3.07,0.267,2.3,0.242,19.399519,0.004211,0.858187,0.07030002542127092,0.998,1
Gaia EDR3 5246556612265310336,-1.5e-05,0.010215,150.80997991123,-64.73978992646,-0.0143,0.157,-2.935,0.175,2.29,0.171,18.640684,0.003338,0.892651,0.02320435211958554,0.9983,1
Gaia EDR3 5246556401814097920,-0.002945,-0.025984,150.80310431396,-64.77598854404,0.144,0.1388,-3.002,0.158,2.647,0.145,18.563377,0.003332,0.897131,0.026360680788148762,0.9977,1
Gaia EDR3 5246556371747299072,0.031251,0.007863,150.88325457722,-64.74212350879,-0.0384,0.1452,-2.966,0.158,2.294,0.152,18.632147,0.003335,0.848387,0.024116336469895458,0.9951,1
Gaia EDR3 5246556607972537344,0.00928,0.010763,150.83176118665,-64.73924038195,-0.0,0.1418,-2.833,0.162,2.353,0.157,18.61993,0.003318,1.235506,0.025419969928507785,0.9982,1
Gaia EDR3 5246556230012772096,0.01256,-0.023815,150.8394841181,-64.77381678531,-0.1053,0.1823,-3.008,0.203,2.351,0.179,18.77995,0.003399,1.15192,0.025761673869941718,0.9976,1
Gaia EDR3 5246556509186029056,-0.004331,0.001143,150.79986173649,-64.74886143797,-0.1357,0.2659,-3.03,0.275,2.417,0.25,19.44332,0.004263,0.816723,0.05027460200070205,0.9988,1
Gaia EDR3 5246556577905676416,0.0231,0.006709,150.86415449982,-64.74328573997,0.0159,0.4566,-2.82,0.527,2.353,0.529,20.209558,0.00625,1.151741,0.07871652264833151,0.9967,1
Gaia EDR3 5246556474828225920,-0.002691,-0.009366,150.80370257955,-64.75937071713,0.0033,0.3203,-2.816,0.351,2.573,0.293,19.594467,0.004879,0.922468,0.1056749764505388,0.9989,1
Gaia EDR3 5246557948002327296,-0.023202,-0.009734,150.75560184398,-64.75972941014,0.2038,0.141,-2.839,0.161,2.502,0.148,18.585087,0.003357,0.935593,0.02425141910864086,0.9979,1
Gaia EDR3 5246556680984991488,0.04311,0.005233,150.911055537,-64.74473752811,0.0403,0.2804,-3.17,0.297,2.369,0.29,19.517597,0.004469,0.788757,0.05002838400931631,0.9926,1
Gaia EDR3 5246556474828217856,-0.008795,-0.014388,150.78938593235,-64.76439154487,0.0477,0.1746,-3.065,0.21,2.271,0.18,18.868027,0.003508,0.818287,0.02157258807885855,0.9983,1
Gaia EDR3 5246559425470777472,-0.016655,-0.005346,150.77096216285,-64.75534537864,0.051,0.1749,-2.828,0.202,2.322,0.172,18.721914,0.003486,0.858793,0.026325951668129156,0.9985,1
Gaia EDR3 5246554997357398144,-0.019088,-0.012793,150.76524574025,-64.76279131605,0.2405,0.1551,-3.079,0.175,2.4,0.16,18.716393,0.003367,0.94426,0.026940371390767128,0.9981,1
Gaia EDR3 5246556406106751232,-0.001567,-0.015569,150.80633831351,-64.76557349922,0.0656,0.152,-3.191,0.179,2.538,0.156,18.687796,0.003408,0.86846,0.03196553691114402,0.9983,1
Gaia EDR3 5246559425470777984,-0.015526,-0.003918,150.77361183221,-64.75391854418,0.1224,0.0895,-2.78,0.1,2.434,0.084,17.734043,0.002969,1.163689,0.013097610158356658,0.9986,1
Gaia EDR3 5246556612284637568,-0.003383,0.015813,150.80208873242,-64.73419143784,0.0786,0.2161,-2.869,0.241,2.284,0.219,19.209627,0.003858,0.738045,0.06299630012780938,0.9979,1
Gaia EDR3 5246556474845629056,-0.01761,-0.009852,150.76871622405,-64.75985112142,0.082,0.1518,-3.017,0.175,2.252,0.161,18.61598,0.00333,0.902864,0.02538969797826874,0.998,1
Gaia EDR3 5246556406106766080,0.003128,-0.017953,150.81735213032,-64.76795726817,-0.1193,0.1396,-2.937,0.164,2.597,0.142,18.527842,0.003298,0.951244,0.021190483148078015,0.9986,1
Gaia EDR3 5246556440468496128,0.002576,-0.004652,150.8160538335,-64.7546566027,0.2763,0.3138,-3.044,0.361,2.453,0.292,19.656164,0.004948,1.012476,0.06857496790737708,0.9988,1
Gaia EDR3 5246556406106729984,0.007071,-0.03008,150.82660788542,-64.78008376278,-0.0302,0.1036,-2.93,0.114,2.266,0.1,17.96827,0.003161,,,0.9972,1
Gaia EDR3 5246556474826203392,-0.011797,-0.009578,150.78234803081,-64.75957999838,-0.0579,0.1743,-2.861,0.195,2.62,0.172,18.913197,0.003767,0.893358,0.02860228064775576,0.9986,1
Gaia EDR3 5246556509186018560,-0.00981,0.005276,150.78701998739,-64.74472698057,0.1509,0.3655,-2.799,0.376,2.372,0.36,19.949806,0.005277,0.80706,0.07586624735779784,0.9986,1
Gaia EDR3 5246554894278074240,-0.008994,-0.047781,150.78889138828,-64.79778449981,-0.1282,0.1939,-3.114,0.214,2.512,0.186,19.018333,0.003707,0.89991,0.0391925107498754,0.9913,1
Gaia EDR3 5246558021033845504,-0.04286,0.009862,150.70957446984,-64.74010869705,-0.1731,0.0891,-2.991,0.107,2.409,0.097,17.949362,0.002984,1.252811,0.016250707656111453,0.9954,1
Gaia EDR3 5246559532843031168,-0.030239,0.034965,150.73921607657,-64.71502277741,0.0453,0.2041,-3.227,0.223,2.474,0.203,19.21489,0.003848,0.919561,0.03366061836857691,0.9942,1
Gaia EDR3 5246556474826196608,-0.01434,-0.008118,150.77638711982,-64.75811942738,0.0825,0.203,-3.137,0.219,2.656,0.194,19.115131,0.003847,0.931746,0.02958785347474029,0.9982,1
Gaia EDR3 5246556509186037760,-0.006344,0.004342,150.79514353012,-64.7456616996,-0.1609,0.1722,-2.991,0.19,2.575,0.18,18.87804,0.003601,0.746195,0.03168699904250701,0.9987,1
Gaia EDR3 5246556509185996800,-0.009547,0.000233,150.78763317654,-64.74976972958,0.2074,0.2508,-3.071,0.263,2.294,0.246,19.383524,0.004461,0.759382,0.043649937738514596,0.9985,1
Gaia EDR3 5246556612265301760,0.002675,0.005371,150.81628416033,-64.74463330093,0.2349,0.1916,-3.017,0.196,2.635,0.192,19.03179,0.003842,0.809818,0.030092143770264618,0.9986,1
Gaia EDR3 5246556509186001664,-0.005059,-0.003748,150.79815250506,-64.75375224252,-0.0506,0.1786,-3.143,0.201,2.623,0.174,18.915415,0.003701,0.735367,0.035488750711547695,0.9986,1
Gaia EDR3 5246556474828217088,-0.01022,-0.014609,150.78604291815,-64.76461219832,-0.0006,0.3142,-2.986,0.336,2.707,0.296,19.632864,0.004619,0.858025,0.05069801915052435,0.9983,1
Gaia EDR3 5246556406106757632,-0.002136,-0.013515,150.80500522445,-64.76351985093,0.1173,0.1552,-2.751,0.177,2.397,0.161,18.71826,0.00341,0.957252,0.021996220267545833,0.9988,1
Gaia EDR3 5246559528562056832,-0.023025,0.017595,150.75607078596,-64.73240017992,0.1963,0.1642,-2.839,0.191,2.316,0.185,18.842709,0.003483,0.906755,0.034200932470925795,0.9973,1
Gaia EDR3 5246556539264248960,0.01572,-0.001569,150.84686946016,-64.75156950381,-0.1717,0.1764,-3.058,0.191,2.379,0.186,18.96741,0.003675,0.789457,0.04247475133085927,0.998,1
Gaia EDR3 5246556577907470208,0.02072,0.011788,150.85856743251,-64.73820922343,0.0932,0.1685,-3.174,0.2,2.64,0.2,18.801805,0.003466,0.83791,0.030941941221416868,0.996,1
Gaia EDR3 5246559429763694208,-0.019387,-0.002817,150.76456017076,-64.75281489836,0.0926,0.1822,-2.752,0.207,2.363,0.171,18.813229,0.003633,0.871408,0.027125509877362505,0.9983,1
Gaia EDR3 5246559494202319360,-0.041991,0.012489,150.71162144879,-64.73748335131,-0.0034,0.1784,-3.239,0.23,2.46,0.205,18.975897,0.003653,0.848404,0.04026108604829951,0.9943,1
Gaia EDR3 5246556539255197568,0.010804,0.007833,150.83533486406,-64.74217018698,-0.0174,0.0631,-2.745,0.071,2.535,0.069,17.23199,0.002936,0.391302,0.01214220591542378,0.9983,1
Gaia EDR3 5246556509186002048,-0.008124,-0.000164,150.79096974753,-64.75016735066,0.0492,0.1448,-2.823,0.165,2.262,0.151,18.595842,0.003632,1.132633,0.025456598716520142,0.9986,1
Gaia EDR3 5246556543545885056,0.014846,0.004899,150.84481093654,-64.74510224374,0.0746,0.2953,-3.147,0.297,2.257,0.291,19.632326,0.004683,0.759924,0.04719506075004017,0.9971,1
Gaia EDR3 5246559532843017472,-0.022198,0.022735,150.75801921311,-64.72726052979,0.0901,0.2122,-2.722,0.238,2.499,0.218,19.248238,0.003897,0.808088,0.03944694911990652,0.9964,1
Gaia EDR3 5246556474828223232,-0.004192,-0.009704,150.80018313366,-64.75970811753,0.2152,0.1246,-3.054,0.14,2.261,0.123,17.943272,0.003471,1.1003,0.012323082380351543,0.9985,1
Gaia EDR3 5246557024582325504,0.006656,0.035306,150.82559738359,-64.71469818796,0.0207,0.2336,-2.803,0.251,2.274,0.23,19.182419,0.003934,0.918463,0.043640271052473305,0.9944,1
Gaia EDR3 5246556509186006016,-0.003873,-0.003896,150.80093279607,-64.75390087409,-0.0788,0.1458,-3.113,0.173,2.667,0.153,18.664177,0.003304,0.845194,0.027080929461923624,0.9986,1
Gaia EDR3 5246559498483167360,-0.028855,0.007382,150.7423888812,-64.74260762598,-0.159,0.2032,-2.83,0.223,2.39,0.216,19.132336,0.003868,0.920767,0.06354254025122327,0.9977,1
Gaia EDR3 5246556470533273728,-0.01328,-0.015857,150.77886298907,-64.76585882298,0.1025,0.1052,-3.169,0.121,2.262,0.104,17.863527,0.003054,1.212805,0.015227034898051722,0.9977,1
Gaia EDR3 5246556470541531392,-0.01507,-0.007267,150.77467692927,-64.75726754202,0.1003,0.1255,-2.928,0.146,2.197,0.13,18.391472,0.003195,1.089746,0.02243489403530726,0.998,1
Gaia EDR3 5246559597277758848,-0.004402,0.033963,150.79970781594,-64.71604189137,-0.1253,0.1834,-2.783,0.21,2.396,0.192,18.990105,0.003828,0.840748,0.033857179418880924,0.9958,1
Gaia EDR3 5246559597269780352,-0.010955,0.033953,150.78436399765,-64.7160501647,0.0972,0.1357,-3.221,0.16,2.314,0.154,18.586851,0.003278,1.112383,0.02367921650359818,0.9947,1
Gaia EDR3 5246556509186051456,-0.004116,0.00471,150.80036616148,-64.74529495756,0.0339,0.2565,-3.138,0.264,2.226,0.248,19.504549,0.00439,0.976812,0.06538003243300892,0.998,1
Gaia EDR3 5246556577924931840,0.016699,0.016653,150.84913648665,-64.73334658721,0.0326,0.2339,-2.839,0.29,2.223,0.235,19.137077,0.004368,0.755102,0.03580196194522636,0.9957,1
Gaia EDR3 5246556543570049920,0.017005,-0.00639,150.84988832275,-64.75638926299,0.1497,0.2961,-3.167,0.31,2.671,0.301,19.452757,0.004679,0.966894,0.04549342550536289,0.9976,1
Gaia EDR3 5246559498483131136,-0.03097,0.002057,150.73741584146,-64.74793035614,0.3144,0.2597,-2.925,0.299,2.353,0.252,19.386465,0.004169,0.911285,0.06007344946278435,0.9976,1
Gaia EDR3 5246556646626948864,0.008727,0.030013,150.83044878169,-64.71999024908,0.31,0.3575,-2.876,0.373,2.379,0.367,19.90675,0.005309,0.920385,0.07946940905996609,0.9961,1
Gaia EDR3 5246556474826171392,-0.00851,-0.019478,150.79004933649,-64.76948170749,0.009,0.2089,-2.945,0.237,2.186,0.205,19.162384,0.003846,0.800493,0.034805424420538446,0.9976,1
Gaia EDR3 5246556406106777600,0.007432,-0.020019,150.82745016455,-64.77002308878,0.1886,0.1613,-3.243,0.184,2.5,0.169,18.795141,0.003471,0.930897,0.042035521061892164,0.9976,1
Gaia EDR3 5246554928641237120,-0.000359,-0.033992,150.80917111042,-64.78399706392,0.0183,0.9693,-3.061,0.951,2.75,0.889,20.678247,0.010502,1.262531,0.2069756368955212,0.9952,1
Gaia EDR3 5246554855637605376,-0.025302,-0.042462,150.75060534874,-64.7924545578,0.1304,0.1612,-2.909,0.191,2.743,0.178,18.707296,0.003411,0.842135,0.023312762616106684,0.988,1
Gaia EDR3 5246556543545849984,0.011188,0.000794,150.83624103161,-64.74920888411,-0.1178,0.1755,-3.183,0.192,2.337,0.192,18.948198,0.003677,0.751757,0.03037048392428054,0.9979,1
Gaia EDR3 5246556577905653632,0.013422,0.013074,150.84146355471,-64.73692721853,-0.0773,0.2421,-3.039,0.251,2.727,0.235,19.358332,0.004117,1.051563,0.04610931557633231,0.9968,1
Gaia EDR3 5246556474826210688,-0.009993,-0.009681,150.78657957536,-64.75968358755,-0.1903,0.3303,-2.91,0.351,2.612,0.312,19.708511,0.004992,0.919794,0.05464274067448201,0.9987,1
Gaia EDR3 5246559429763679872,-0.02194,-0.002946,150.75857375623,-64.7529418224,0.2295,0.1696,-2.847,0.194,2.669,0.166,18.678652,0.003379,1.135515,0.0266471953511471,0.9976,1
Gaia EDR3 5246556474826173824,-0.010246,-0.017143,150.78597998717,-64.76714639388,0.3144,0.183,-2.944,0.202,2.616,0.177,18.970982,0.003611,0.732798,0.030547719496800105,0.9984,1
Gaia EDR3 5246558021014310272,-0.035363,-0.008061,150.72708738605,-64.75804309072,0.0027,0.211,-3.28,0.252,2.469,0.222,18.995703,0.003823,0.90457,0.09347791647118743,0.9954,1
Gaia EDR3 5246556234308099456,0.015026,-0.025257,150.8452726175,-64.77525732212,0.1904,0.1496,-3.227,0.17,2.591,0.151,18.593872,0.003312,0.925751,0.06405544580779599,0.9968,1
Gaia EDR3 5246556371750227968,0.025335,0.004809,150.86939552155,-64.74518377656,-0.095,0.629,-3.12,0.782,2.69,0.711,20.49563,0.007832,1.073515,0.1458639873164701,0.9958,1
Gaia EDR3 5246556646625107968,0.002992,0.02006,150.81702306046,-64.72994439958,0.3002,0.3603,-2.917,0.579,2.299,0.568,19.221277,0.005266,0.897041,0.054971354721915146,0.9975,1
Gaia EDR3 5246556504901326464,0.003516,0.000321,150.8182574274,-64.749683209,0.3306,0.1681,-3.107,0.186,2.524,0.175,18.778597,0.003445,0.816065,0.023930354465618357,0.9987,1
Gaia EDR3 5246556401811242752,0.006408,-0.026914,150.82505111988,-64.77691819517,0.0846,0.1088,-3.131,0.124,2.734,0.112,18.170235,0.003144,1.261086,0.016815234239611024,0.9969,1
Gaia EDR3 5246556509186074752,0.003882,0.000988,150.81911427215,-64.74901641367,0.0676,0.1877,-3.246,0.21,2.31,0.198,18.968279,0.003713,0.878731,0.0696469791643663,0.998,1
Gaia EDR3 5246556474828223872,-0.003338,-0.010091,150.8021855207,-64.76009528058,0.2793,0.1435,-2.778,0.17,2.431,0.149,18.572208,0.003401,0.664572,0.07586255946002433,0.9989,1
Gaia EDR3 5246556440466570752,0.006196,-0.008023,150.82454339088,-64.75802752669,0.2996,0.1616,-2.805,0.179,2.414,0.153,18.618988,0.003346,0.952408,0.024422085514956383,0.9988,1
Gaia EDR3 5246556406106775936,0.00144,-0.013661,150.81339095945,-64.76366571966,0.0144,0.2092,-2.701,0.222,2.363,0.199,19.173046,0.003894,0.909359,0.05720793497012782,0.9987,1
Gaia EDR3 5246556509186041600,-0.000559,-0.001789,150.80870336376,-64.75179368789,0.1568,0.1421,-3.041,0.166,2.182,0.147,18.556662,0.003358,0.82098,0.027858308576061724,0.9981,1
Gaia EDR3 5246556474826245504,-0.006238,-0.006624,150.79538589364,-64.75662812507,0.2012,0.2035,-3.176,0.23,2.663,0.19,18.936674,0.003625,0.872396,0.026534734212820543,0.9984,1
Gaia EDR3 5246559494190261632,-0.034904,0.014863,150.72823457226,-64.73511918477,0.0431,0.1504,-3.119,0.19,2.187,0.172,18.637154,0.003394,1.100418,0.02686408772983029,0.9935,1
Gaia EDR3 5246556646625145984,0.004234,0.027029,150.81993082776,-64.7229756871,-0.0349,0.1437,-3.177,0.164,2.24,0.158,18.648376,0.00335,0.894356,0.05237850037580987,0.9948,1
Gaia EDR3 5246556646625132544,0.005641,0.022482,150.82322599959,-64.72752271412,-0.0052,0.3094,-3.107,0.327,2.183,0.311,19.732641,0.004793,0.846609,0.0724038089928881,0.9953,1
Gaia EDR3 5246556474826208128,-0.011359,-0.008847,150.78337565795,-64.75884917159,-0.1649,0.36,-3.209,0.38,2.435,0.348,19.78273,0.00503,1.09473,0.0970331081200831,0.9983,1
Gaia EDR3 5246554722479490944,0.007637,-0.043291,150.82794545454,-64.79329525652,-0.1368,0.2276,-2.998,0.247,2.218,0.22,19.182077,0.003945,0.840216,0.04003183053986604,0.9943,1
Gaia EDR3 5246557917935083264,-0.033505,-0.013709,150.73142986471,-64.76369304741,-0.0575,0.1564,-3.203,0.186,2.266,0.163,18.577122,0.003456,0.869625,0.049279394809823227,0.9947,1
Gaia EDR3 5246556543545833856,0.01392,-0.005491,150.8426535224,-64.7554923334,0.1543,0.2712,-3.249,0.283,2.315,0.271,19.496897,0.004217,0.918688,0.13702485876348486,0.9974,1
Gaia EDR3 5246554928637945856,0.003234,-0.032713,150.81760492621,-64.78271790412,0.0852,0.3288,-3.002,0.353,2.15,0.314,19.790014,0.005028,0.723396,0.0591777772198,0.9957,1
Gaia EDR3 5246554889985302912,-0.011467,-0.035805,150.78309528626,-64.7858071957,-0.1356,0.1256,-3.091,0.142,2.236,0.131,18.371887,0.003178,1.188206,0.019030055495967833,0.994,1
Gaia EDR3 5246556161293072896,0.024567,-0.032076,150.86767557526,-64.78206949242,0.2794,0.1465,-2.854,0.179,2.278,0.17,18.637957,0.003395,1.065208,0.027127901185740745,0.9949,1
Gaia EDR3 5246559528562056960,-0.025628,0.016154,150.74997005749,-64.73383913391,0.1711,0.1481,-2.705,0.17,2.572,0.164,18.717072,0.003517,0.97913,0.03425973778062971,0.9961,1
Gaia EDR3 5246556990241822848,0.028869,0.03013,150.87761511165,-64.71985933957,0.1473,0.0352,-3.039,0.039,2.165,0.04,16.234976,0.002797,1.365277,0.006349224411563385,0.984,1
Gaia EDR3 5246554962997590400,-0.018396,-0.028827,150.76684256483,-64.77882557014,0.0967,0.1493,-2.868,0.17,2.764,0.145,18.506376,0.0034,,,0.9948,1
Gaia EDR3 5246556337387427840,0.020029,-0.007587,150.856980151,-64.75758463634,0.3702,0.1616,-2.915,0.181,2.508,0.183,18.77491,0.003644,0.812349,0.0286789022901147,0.998,1
Gaia EDR3 5246556539257391616,0.015164,-0.002335,150.84556563044,-64.75233551453,-0.1239,0.1389,-2.999,0.16,2.735,0.154,18.594137,0.003278,0.970701,0.025444736195896975,0.9978,1
Gaia EDR3 5246559498483186432,-0.029732,0.012639,150.74034724855,-64.73734922277,0.0455,0.1642,-3.263,0.191,2.637,0.179,18.746151,0.003436,0.887978,0.024796473340813696,0.9956,1
Gaia EDR3 5246556440468989056,0.005701,-0.013991,150.82338623682,-64.76399567796,-0.0922,0.8125,-2.765,1.017,2.653,0.783,20.53462,0.008651,0.931482,0.14158966760264288,0.9985,1
Gaia EDR3 5246556607984259712,-0.001379,0.008773,150.80678239522,-64.7412321682,0.0123,0.1558,-2.995,0.175,2.793,0.179,18.726112,0.003435,1.10124,0.026382453167945824,0.9976,1
Gaia EDR3 5246556406106715648,0.00349,-0.029289,150.81820481031,-64.77929378114,0.0429,0.1579,-2.666,0.182,2.392,0.164,18.750643,0.003453,0.909412,0.026592403645923253,0.9974,1
Gaia EDR3 5246559979519834112,-0.000909,0.045265,150.80788635782,-64.70474014731,0.1769,0.1537,-2.699,0.17,2.352,0.168,18.74282,0.003367,0.872786,0.028453680129140457,0.9921,1
Gaia EDR3 5246554962997576576,-0.024988,-0.024425,150.75138117629,-64.77441855829,0.0063,0.314,-2.853,0.331,2.164,0.302,19.658176,0.00454,0.789675,0.10981212482883035,0.9948,1
Gaia EDR3 5246556612265328896,0.000988,0.012847,150.81232922923,-64.7371583795,0.303,0.532,-2.787,0.551,2.584,0.517,20.326546,0.007476,1.078669,0.09099093948511974,0.9983,1
Gaia EDR3 5246556371747274368,0.030851,0.002158,150.88233089454,-64.74782952194,0.1231,0.3104,-2.875,0.311,2.78,0.33,19.599745,0.004627,0.940899,0.07550360203218044,0.9944,1
Gaia EDR3 5246554997357390080,-0.018527,-0.015685,150.76655554362,-64.76568394219,-0.1799,0.2914,-3.031,0.315,2.708,0.275,19.616676,0.004745,0.815281,0.070170218497436,0.9975,1
Gaia EDR3 5246556268667924864,0.029534,-0.023748,150.87931033157,-64.77373687687,-0.0276,0.1468,-3.312,0.179,2.522,0.164,18.690546,0.00342,1.089193,0.027525026316629293,0.9935,1
Gaia EDR3 5246557883575267712,-0.048274,-0.016463,150.69677712371,-64.76642428095,-0.2149,0.318,-2.874,0.352,2.295,0.325,19.745497,0.004724,0.731604,0.08612014699354661,0.9903,1
Gaia EDR3 5246558021016433024,-0.036207,-0.00325,150.72512405759,-64.75323068211,0.2995,0.1503,-3.141,0.194,2.661,0.171,18.618517,0.003454,0.909187,0.028143760886938346,0.9954,1
Gaia EDR3 5246557952294843520,-0.034435,-0.007854,150.72926506268,-64.75783680827,0.1834,0.2775,-2.993,0.29,2.145,0.259,19.440853,0.004415,,,0.9946,1
Gaia EDR3 5246556474828224256,-0.004408,-0.008576,150.79967616697,-64.75858042801,-0.1983,0.2891,-3.22,0.343,2.441,0.228,19.25312,0.0043,,,0.9984,1
Gaia EDR3 5246556745408855040,0.033246,0.007782,150.88792855729,-64.74220250115,-0.1679,0.1694,-3.21,0.189,2.325,0.197,18.844513,0.003536,0.842533,0.03161176544429744,0.9941,1
Gaia EDR3 5246556509186050048,0.000459,-0.000854,150.81109096992,-64.75085938947,-0.1448,0.1326,-3.045,0.157,2.188,0.139,18.493677,0.003276,0.888519,0.023149597734492013,0.9981,1
Gaia EDR3 5246556646625122432,0.005128,0.020677,150.82202581819,-64.72932765898,-0.14,0.4627,-3.109,0.589,2.203,0.482,20.054724,0.006013,0.871279,0.10181764116084988,0.9959,1
Gaia EDR3 5246559429763669888,-0.026568,0.000773,150.74773257681,-64.74921900426,-0.2128,0.1808,-3.041,0.222,2.697,0.183,18.751455,0.003564,0.861029,0.04046177204647952,0.997,1
Gaia EDR3 5246556440466567680,0.003766,-0.005947,150.81884380447,-64.75595170079,-0.1032,0.1601,-2.759,0.188,2.241,0.165,18.692574,0.003309,0.906736,0.025141003333263624,0.9985,1
Gaia EDR3 5246559429763702912,-0.02258,0.002619,150.7570847329,-64.74737625138,-0.2702,0.2664,-3.116,0.301,2.399,0.258,19.482368,0.004414,0.855778,0.05867387232680306,0.998,1
Gaia EDR3 5246556474826196352,-0.006583,-0.017002,150.79457118827,-64.76700575177,-0.0267,0.151,-3.277,0.178,2.664,0.156,18.682095,0.003355,0.875568,0.023813082424013095,0.9976,1
Gaia EDR3 5246556268668005248,0.034723,-0.011979,150.89145100384,-64.76196172328,-0.1746,0.1286,-2.951,0.154,2.19,0.143,18.497562,0.003258,1.097864,0.024807619411529227,0.993,1
Gaia EDR3 5246556474828218880,-0.008285,-0.012796,150.79058249678,-64.76279956001,0.2337,0.2111,-3.157,0.23,2.738,0.203,19.069838,0.003857,0.933386,0.032737694350964866,0.998,1
Gaia EDR3 5246556577907467392,0.017502,0.009563,150.85102863177,-64.74043574842,-0.0408,0.1655,-3.25,0.189,2.701,0.189,18.737928,0.003568,0.81893,0.02519882675202148,0.9959,1
Gaia EDR3 5246556474828722432,-0.005485,-0.012862,150.79714957067,-64.76286629263,-0.0892,0.4268,-2.666,0.476,2.368,0.437,20.088692,0.005714,0.806234,0.07064358938073703,0.9986,1
Gaia EDR3 5246556371747303040,0.035691,0.003434,150.89367240019,-64.74654687729,0.2091,0.2587,-3.051,0.27,2.14,0.261,19.393885,0.004227,1.220743,0.05036028072225658,0.9922,1
Gaia EDR3 5246556543547718016,0.005923,0.00168,150.82389904096,-64.74832407217,0.3431,0.1483,-2.933,0.167,2.693,0.162,18.633308,0.003322,0.876591,0.03621884360154213,0.9985,1
Gaia EDR3 5246556646625133952,0.001447,0.027804,150.81340344987,-64.72220097655,0.3731,0.191,-2.796,0.215,2.467,0.201,18.950565,0.003698,0.702349,0.02901002837951298,0.997,1
Gaia EDR3 5246556406109983744,0.003574,-0.027055,150.81839975961,-64.77705995891,-0.0803,0.8407,-2.934,0.954,2.131,1.002,20.617477,0.00934,0.736898,0.24789207834007027,0.9964,1
Gaia EDR3 5246556612265354496,0.003523,0.015622,150.8182671224,-64.73438253058,0.3299,0.2928,-3.061,0.307,2.706,0.292,19.579378,0.004464,0.99786,0.053216506262104155,0.9974,1
Gaia EDR3 5246556509186050176,-0.007514,0.008218,150.79240473747,-64.74178635143,-0.0835,0.1531,-3.255,0.172,2.678,0.162,18.708988,0.003328,1.076927,0.029553432015608967,0.9974,1
Gaia EDR3 5246559429783126656,-0.023525,-0.005498,150.75485252483,-64.75549289751,0.1618,0.0455,-3.168,0.051,2.773,0.045,16.643114,0.002812,1.361419,0.008690346510777807,0.9965,1
Gaia EDR3 5246558227172752512,-0.046032,0.005885,150.70212619709,-64.74408088029,-0.1254,0.328,-3.296,0.383,2.377,0.325,19.818089,0.005006,1.16136,0.08360557718250941,0.9921,1
Gaia EDR3 5246556440466546304,0.007253,-0.013282,150.82702619539,-64.76328621713,-0.0683,0.1986,-3.019,0.225,2.816,0.188,18.902832,0.00365,1.119879,0.029738849298601454,0.9978,1
Gaia EDR3 5246556131228847744,0.020464,-0.039941,150.85805741318,-64.78993850511,0.0889,0.1966,-3.336,0.216,2.591,0.191,19.086369,0.003653,0.808291,0.03762017898252904,0.9899,1
Gaia EDR3 5246556509205404544,-0.003343,0.000677,150.80217711513,-64.74932779671,0.2611,0.183,-2.825,0.222,2.738,0.146,18.460735,0.003551,,,0.9984,1
Gaia EDR3 5246559429765721344,-0.014287,0.000279,150.77652176436,-64.74972226806,0.2078,0.4683,-2.672,0.548,2.61,0.503,20.12974,0.006068,0.785429,0.07919983528981822,0.998,1
Gaia EDR3 5246559464123551232,-0.015182,0.01738,150.77444644257,-64.73262054906,-0.0823,0.1485,-2.987,0.171,2.119,0.155,18.666452,0.003425,0.922575,0.040610244450618754,0.9952,1
Gaia EDR3 5246556577908840704,0.021833,0.018206,150.86116184766,-64.73179018942,-0.1769,0.9454,-3.28,0.99,2.483,0.856,20.695393,0.010886,1.026291,0.196110391456471,0.9937,1
Gaia EDR3 5246556406106768384,-0.001062,-0.012582,150.80752329166,-64.76258708852,0.2202,0.2236,-2.892,0.234,2.797,0.211,19.235764,0.003942,0.896181,0.03269177461364112,0.9982,1
Gaia EDR3 5246554997357377408,-0.011655,-0.026181,150.78266535246,-64.77618380309,0.1811,0.1607,-2.629,0.186,2.431,0.164,18.736893,0.003441,0.830532,0.022328625475627993,0.997,1
Gaia EDR3 5246556440466538624,0.004508,-0.01168,150.82058718292,-64.76168480829,0.0221,0.343,-2.608,0.369,2.448,0.311,19.686754,0.005237,1.044544,0.04953478527303074,0.9985,1
Gaia EDR3 5246559635922290560,-0.025925,0.040462,150.74932807425,-64.70953088443,-0.0412,0.372,-3.241,0.383,2.732,0.395,20.007166,0.005817,0.995232,0.08405661606820367,0.99,1
Gaia EDR3 5246556543545877120,0.017228,-7.6e-05,150.85040131664,-64.75007511503,0.1129,0.1421,-3.27,0.158,2.715,0.157,18.591463,0.003377,1.177391,0.027135319458729774,0.9965,1
Gaia EDR3 5246556199948278912,0.014011,-0.042505,150.84291262662,-64.7925058634,0.0277,0.231,-2.717,0.262,2.199,0.241,19.356396,0.00403,0.832943,0.04205824038703424,0.9939,1
Gaia EDR3 5246556440466574592,0.005879,-0.006656,150.82379948203,-64.75666049598,-0.1196,0.4998,-3.136,0.511,2.773,0.451,20.048061,0.005917,0.867372,0.08302326354849819,0.9981,1
Gaia EDR3 5246556440490823936,0.001693,-0.012021,150.81398457704,-64.76202561404,0.1204,0.1218,-3.314,0.147,2.658,0.125,18.265984,0.00317,1.213293,0.018462477605069187,0.9977,1
Gaia EDR3 5246556509186034944,-0.002576,-0.000453,150.80397551183,-64.75045768088,0.2463,0.2472,-2.679,0.256,2.602,0.244,19.255924,0.004403,1.074663,0.10764866970318299,0.9986,1
Gaia EDR3 5246556268667963776,0.032164,-0.018253,150.88546704071,-64.76823831788,-0.2977,0.1847,-2.979,0.241,2.623,0.191,18.906803,0.003689,0.857634,0.03371714001125158,0.9951,1
Gaia EDR3 5246559494190559360,-0.027436,0.011543,150.74572458457,-64.73844809673,0.4433,0.1487,-3.036,0.191,2.428,0.169,18.652702,0.00339,1.080547,0.03427746193106649,0.9976,1
Gaia EDR3 5246556440466599040,0.014314,-0.010523,150.84358391738,-64.76052397765,0.3246,0.3059,-2.809,0.308,2.242,0.25,19.402905,0.00438,0.909622,0.06001971037013193,0.9978,1
Gaia EDR3 5246554997357358080,-0.021445,-0.019937,150.75970403277,-64.76993382238,0.1363,0.1924,-2.692,0.232,2.22,0.217,18.901545,0.003772,0.971582,0.0543882495058221,0.9963,1
Gaia EDR3 5246556955864595072,0.023966,0.01722,150.8661608933,-64.73277446972,0.0514,0.1364,-3.293,0.163,2.223,0.153,18.584822,0.003453,0.917673,0.047837675351343104,0.9915,1
Gaia EDR3 5246556612267196672,0.002775,0.010413,150.81651639609,-64.73959157478,-0.2454,0.4608,-2.737,0.495,2.453,0.495,20.13199,0.006246,1.098413,0.07459105741531197,0.9985,1
Gaia EDR3 5246556607980553472,0.007762,0.009285,150.82820399026,-64.74071909085,0.076,0.2498,-2.638,0.266,2.652,0.248,19.41978,0.004398,0.948931,0.042531297968169186,0.9978,1
Gaia EDR3 5246556406131082752,-9.1e-05,-0.015359,150.80979995159,-64.76536392928,0.3093,0.1638,-2.711,0.192,2.606,0.161,18.665258,0.003489,0.92664,0.029838531624824628,0.9985,1
Gaia EDR3 5246556749704435840,0.036676,0.00458,150.895978171,-64.74540027659,-0.3226,0.3797,-3.072,0.419,2.391,0.401,19.79483,0.005399,0.898401,0.06372866542674173,0.9948,1
Gaia EDR3 5246556470545307264,-0.006872,-0.016236,150.79389365765,-64.76623985642,0.4088,0.1784,-2.869,0.212,2.32,0.184,18.897514,0.003507,0.847877,0.034121390837392976,0.9985,1
Gaia EDR3 5246557917935080192,-0.031051,-0.016971,150.73717550162,-64.76695848537,0.3597,0.2858,-2.805,0.295,2.655,0.275,19.553404,0.004421,0.725578,0.06335253717981762,0.9951,1
Gaia EDR3 5246559567202840320,-0.007003,0.02484,150.79361156495,-64.72516447156,-0.0627,0.1772,-3.315,0.204,2.658,0.192,18.906504,0.003603,0.921926,0.03621931276702447,0.9945,1
Gaia EDR3 5246559532862371200,-0.03274,0.026451,150.73333600846,-64.7235338444,0.0855,0.0568,-3.316,0.065,2.695,0.062,17.197199,0.002869,1.227636,0.00865324974007928,0.9927,1
Gaia EDR3 5246556509186071168,-0.001091,0.005198,150.80745768263,-64.74480696263,0.3736,0.1774,-3.192,0.199,2.325,0.181,18.904697,0.0036,0.84725,0.02602022251152609,0.9982,1
Gaia EDR3 5246556509186018304,-0.00325,-0.001778,150.80239570737,-64.75178288868,0.4096,0.2542,-3.171,0.303,2.537,0.288,19.11879,0.004364,1.048571,0.06686685813374134,0.9986,1
Gaia EDR3 5246558227192275840,-0.044272,0.011589,150.70627130542,-64.73837920672,-0.1044,0.1527,-3.351,0.193,2.553,0.179,18.811382,0.003386,0.86799,0.029466210258301286,0.992,1
Gaia EDR3 5246556440466558592,0.004055,-0.007803,150.81952332399,-64.75780767416,0.1604,0.1674,-2.662,0.194,2.241,0.164,18.758356,0.003498,0.699697,0.0287545934026484,0.9983,1
Gaia EDR3 5246556337387441024,0.019777,-0.004123,150.85638328579,-64.75412061364,-0.2724,0.3386,-2.943,0.325,2.705,0.308,19.558628,0.008667,0.817347,0.12412278755356695,0.9975,1
Gaia EDR3 5246559459842544896,-0.015717,0.01329,150.77318765068,-64.73671012319,-0.2201,0.191,-3.284,0.199,2.501,0.185,19.080204,0.003777,0.837158,0.03402968437379039,0.9969,1
Gaia EDR3 5246556337387468416,0.032849,-0.012457,150.8870563362,-64.76244236645,0.2712,0.3708,-3.308,0.43,2.604,0.409,19.734758,0.005461,0.901066,0.136226362813302,0.9933,1
Gaia EDR3 5246557917935044352,-0.02848,-0.026893,150.74318328601,-64.77688255375,0.0069,0.3609,-3.39,0.411,2.415,0.386,19.890049,0.005529,0.921322,0.07987796541314268,0.9934,1
Gaia EDR3 5246556543547719296,0.008747,0.001889,150.8305187102,-64.74811409093,0.3216,0.3122,-2.669,0.333,2.471,0.318,19.736658,0.004976,0.82036,0.05021652206662578,0.9985,1
Gaia EDR3 5246556268670312448,0.04217,-0.022964,150.90895663414,-64.77293600027,-0.1607,0.4313,-2.999,0.564,2.118,0.554,20.028978,0.005867,0.886784,0.10992949737520837,0.9876,1
Gaia EDR3 5246556436173840640,0.004953,-0.005043,150.82162649386,-64.75504715705,-0.2561,0.1501,-2.74,0.173,2.349,0.146,18.547977,0.003364,0.947041,0.02831740270594868,0.9987,1
Gaia EDR3 5246556509186019584,-0.008733,0.004326,150.78954427145,-64.74567717051,-0.2301,0.1449,-3.221,0.169,2.276,0.149,18.61136,0.003412,0.856298,0.01984354871653871,0.9978,1
Gaia EDR3 5246557948014057600,-0.028261,-0.007079,150.7437446184,-64.75706940186,0.095,0.0501,-2.584,0.058,2.583,0.053,16.186544,0.002895,1.343951,0.008797462612867225,0.9952,1
Gaia EDR3 5246556474826217984,-0.00406,-0.01457,150.80049131366,-64.764574847,-0.2051,0.2013,-3.217,0.216,2.234,0.189,19.093552,0.004051,0.98119,0.07856413017794894,0.9977,1
Gaia EDR3 5246556646625116672,0.003162,0.021743,150.81742153036,-64.72826141699,0.3295,0.2062,-2.669,0.216,2.536,0.203,19.10834,0.003809,0.74823,0.03688150166437498,0.9973,1
Gaia EDR3 5246554958716819840,-0.022984,-0.025005,150.75608315511,-64.77499999907,0.4225,0.2013,-3.198,0.228,2.433,0.222,19.05106,0.003753,0.838795,0.03602627636636367,0.9961,1
Gaia EDR3 5246556543545830016,0.011162,-0.003263,150.8361845162,-64.75326553734,-0.2391,0.2344,-3.239,0.244,2.302,0.225,19.267958,0.003918,0.753822,0.04435899012832201,0.9976,1
Gaia EDR3 5246557952294890752,-0.024081,-0.009226,150.7535416703,-64.75922045126,0.0877,0.282,-3.402,0.291,2.389,0.273,19.582886,0.004386,0.909897,0.0576847770408477,0.9959,1
Gaia EDR3 5246556539264249088,0.011928,0.000681,150.8379751798,-64.74932162388,-0.0307,0.1893,-2.648,0.199,2.224,0.194,19.074589,0.003681,0.743534,0.04975748575206112,0.9977,1
Gaia EDR3 5246559631629518592,-0.023922,0.034397,150.7540045164,-64.71559742832,0.2374,0.1738,-2.634,0.194,2.632,0.185,18.859028,0.004313,0.882334,0.029486097806559287,0.9923,1
Gaia EDR3 5246554997357397248,-0.008513,-0.025031,150.79003933852,-64.77503443853,0.0762,0.2873,-3.334,0.3,2.716,0.258,19.506407,0.004399,0.939322,0.05414234186690182,0.9959,1
Gaia EDR3 5246556371747224832,0.023108,0.002401,150.86418091436,-64.74759368957,0.1412,0.1978,-2.77,0.224,2.834,0.224,18.964989,0.004275,0.846998,0.04900012493497083,0.9954,1
Gaia EDR3 5246556401825295872,0.002215,-0.024056,150.81521105964,-64.77406055012,-0.004,0.1498,-2.686,0.171,2.162,0.152,18.637922,0.003408,0.955545,0.02834960635106705,0.997,1
Gaia EDR3 5246558021014362240,-0.032768,-0.000893,150.73319283251,-64.75087765391,-0.1694,0.2686,-3.091,0.273,2.114,0.236,19.30388,0.004419,0.874224,0.05023527814520193,0.9942,1
Gaia EDR3 5246556440466569600,0.009805,-0.012451,150.83300952862,-64.76245377676,0.4724,0.2927,-2.923,0.29,2.59,0.225,19.243353,0.004075,0.93541,0.03366224513709959,0.9986,1
Gaia EDR3 5246558021014310400,-0.035853,-0.008265,150.72593958383,-64.75824654458,0.2856,0.1896,-3.11,0.221,2.826,0.213,18.998219,0.003716,0.927288,0.06501775642516121,0.9927,1
Gaia EDR3 5246556612265319296,0.004942,0.006339,150.82159711636,-64.74366589915,-0.1858,0.2023,-2.773,0.213,2.77,0.202,19.123436,0.003787,0.888123,0.044799691525991316,0.9978,1
Gaia EDR3 5246556745408854784,0.035059,0.005655,150.89218543318,-64.74432676614,-0.0366,0.1388,-3.367,0.159,2.258,0.154,18.477936,0.003302,0.807209,0.02501412500846592,0.9908,1
Gaia EDR3 5246556440466521344,0.00404,-0.014952,150.81948960835,-64.76495650934,-0.2916,0.2502,-3.239,0.264,2.347,0.224,19.30626,0.00416,0.989807,0.03510183546087168,0.9978,1
Gaia EDR3 5246556509186040960,-0.004769,0.002963,150.7988349388,-64.74704161557,-0.1758,0.2257,-3.25,0.236,2.191,0.218,19.246576,0.003769,0.760944,0.04133667324215448,0.9973,1
Gaia EDR3 5246556199950319616,0.011974,-0.025453,150.83811154104,-64.77545564322,-0.3348,0.4897,-3.062,0.528,2.671,0.553,20.065746,0.007049,0.979217,0.08996443072316725,0.9974,1
Gaia EDR3 5246559498502612608,-0.032866,0.011728,150.73299942331,-64.7382565251,-0.1439,0.1558,-2.692,0.188,2.195,0.177,18.74433,0.003516,0.804621,0.03296176848459701,0.9955,1
Gaia EDR3 5246559635922262912,-0.020988,0.02812,150.76086429747,-64.721876895,0.1818,0.2592,-3.412,0.294,2.543,0.268,19.480484,0.00442,0.871481,0.04333857733388536,0.9936,1
Gaia EDR3 5246556543545828736,0.011726,-0.004321,150.83750711213,-64.75432340642,0.1487,0.2065,-3.326,0.22,2.187,0.208,19.193518,0.004013,0.871525,0.10932711729069367,0.9963,1
Gaia EDR3 5246556474828216448,-0.010413,-0.016223,150.78558848938,-64.76622599711,0.2376,0.2444,-2.754,0.301,2.811,0.244,19.33062,0.00424,0.907833,0.04520515121670202,0.9973,1
Gaia EDR3 5246556234310067072,0.021999,-0.024155,150.86163315878,-64.77415123963,0.4703,0.4382,-3.003,0.49,2.652,0.481,19.982428,0.005699,0.887844,0.08372936398442242,0.9966,1
Gaia EDR3 5246554722479505920,0.004761,-0.03685,150.82118962458,-64.78685455799,0.4795,0.2278,-3.134,0.244,2.389,0.221,19.254734,0.003928,0.71933,0.03759555955763752,0.9957,1
Gaia EDR3 5246556612267198464,0.001706,0.014001,150.8140105567,-64.73600426836,0.4169,0.4475,-2.77,0.458,2.651,0.488,20.134598,0.006299,1.236319,0.08205993294404604,0.998,1
Gaia EDR3 5246556509186017536,-0.003956,-0.000916,150.80073970568,-64.75092105219,0.1293,0.0985,-2.776,0.127,2.068,0.11,17.69125,0.003281,,,0.9971,1
Gaia EDR3 5246556543547725696,0.014171,0.00772,150.84322621687,-64.74228074035,0.0178,0.2884,-3.34,0.307,2.17,0.289,19.532406,0.004186,0.787693,0.05250579771953933,0.9943,1
Gaia EDR3 5246556337390006016,0.021228,-0.010012,150.85979809068,-64.7600083283,-0.177,0.836,-3.352,1.003,2.303,0.94,20.612051,0.009977,0.846231,0.19984773834383374,0.9954,1
Gaia EDR3 5246556509187967360,-0.000617,-0.006297,150.80856792707,-64.75630228241,0.0847,0.2641,-2.692,0.276,2.831,0.219,19.256538,0.004345,0.76326,0.044794845781674746,0.9979,1
Gaia EDR3 5246556406106705536,-0.003057,-0.023919,150.80284167137,-64.773923958,0.1104,0.2067,-3.37,0.22,2.204,0.199,19.168045,0.003677,0.826101,0.035564931018926944,0.9945,1
Gaia EDR3 5246556646625116928,0.004959,0.01982,150.82163021224,-64.73018431919,-0.0456,0.4012,-2.526,0.468,2.493,0.421,20.046072,0.005832,1.148583,0.12406474580505882,0.997,1
Gaia EDR3 5246559429763700992,-0.026892,0.006961,150.74698827166,-64.74303013042,-0.2416,0.1634,-2.985,0.193,2.103,0.189,18.864462,0.003613,0.837332,0.045616939244961394,0.9954,1
Gaia EDR3 5246556406106749952,0.001259,-0.01922,150.81296783575,-64.76922522498,-0.0936,0.1499,-2.557,0.172,2.6,0.155,18.659079,0.003398,1.034401,0.030175088846692188,0.9978,1
Gaia EDR3 5246556612265298432,0.003145,0.00391,150.81738517346,-64.74609495853,0.1046,0.3617,-2.954,0.358,2.94,0.354,19.852024,0.004909,0.898544,0.06825167784833966,0.9963,1
Gaia EDR3 5246554962997547776,-0.021433,-0.034298,150.75970393251,-64.78429407906,0.1628,0.2511,-3.029,0.269,2.006,0.247,19.266848,0.003974,0.661932,0.05462378841070224,0.9847,1
Gaia EDR3 5246557814857990912,-0.035553,-0.035394,150.72655878033,-64.78537582346,0.1143,0.1572,-3.455,0.189,2.535,0.174,18.74637,0.003423,1.126751,0.029452314033403364,0.9868,1
Gaia EDR3 5246556440485917696,0.001444,-0.012797,150.81340086113,-64.76280185237,-0.196,0.1985,-2.582,0.226,2.417,0.187,18.920715,0.00354,0.84947,0.047980644452675636,0.9985,1
Gaia EDR3 5246557948010226304,-0.031604,-0.012556,150.73589134573,-64.76254288817,0.465,0.2467,-2.774,0.256,2.317,0.24,19.350262,0.004148,0.895121,0.05261903904171839,0.9965,1
Gaia EDR3 5246556474829427584,-0.014574,-0.005247,150.77584123489,-64.7552475187,0.3129,0.7683,-3.289,0.963,2.19,0.827,20.466946,0.00902,0.962048,0.13101840435291223,0.9968,1
Gaia EDR3 5246559429766463872,-0.017278,0.001162,150.7695104534,-64.74883708452,0.3485,0.3742,-2.731,0.416,2.175,0.382,19.918852,0.005527,0.766582,0.1746822539492162,0.9976,1
Gaia EDR3 5246556474828221440,-0.005924,-0.009904,150.79612143454,-64.75990874615,0.4481,0.2745,-2.901,0.294,2.747,0.277,19.466406,0.004517,0.958149,0.061471617790535185,0.9984,1
Gaia EDR3 5246559464123542272,-0.011664,0.011162,150.78268034975,-64.73883992686,0.1713,0.2458,-3.249,0.263,2.862,0.241,19.413378,0.0044,0.821808,0.05117998150956689,0.9944,1
Gaia EDR3 5246556440466591744,0.01358,-0.012504,150.84186340792,-64.76250499678,0.2975,0.2644,-3.194,0.287,2.839,0.239,19.372717,0.005451,0.7113,0.1168458392878174,0.9966,1
Gaia EDR3 5246556131228828416,0.019173,-0.042264,150.8550310211,-64.79226182685,-0.4309,0.4659,-2.999,0.538,2.469,0.409,19.504091,0.006287,0.958061,0.06443581507404944,0.9937,1
Gaia EDR3 5246556474826222336,-0.012782,-0.003994,150.78004508424,-64.75399630122,0.1975,0.2278,-2.616,0.258,2.758,0.207,19.153074,0.004145,0.851419,0.037684632967967514,0.9974,1
Gaia EDR3 5246557810575104768,-0.039471,-0.025539,150.7173949806,-64.77551495058,0.0977,0.2972,-3.238,0.328,2.889,0.299,19.619398,0.004665,0.827858,0.05277715702895768,0.9848,1
Gaia EDR3 5246556612265316992,0.002833,0.008472,150.81665432865,-64.74153243021,0.5404,0.3677,-2.888,0.363,2.5,0.36,19.930483,0.005428,0.743782,0.07617977638069448,0.9987,1
Gaia EDR3 5246556646644395648,0.006678,0.018485,150.82565875376,-64.73151905285,0.0383,0.4492,-2.52,0.555,2.307,0.485,19.993883,0.006117,0.863417,0.10007427310992048,0.9966,1
Gaia EDR3 5246556509186029312,-0.000843,-0.00274,150.80803735357,-64.75274535096,0.2834,0.3696,-3.291,0.401,2.784,0.335,19.74707,0.005164,1.280169,0.05503312604493403,0.9974,1
Gaia EDR3 5246559429765714048,-0.026512,-0.001077,150.74785952302,-64.75106914119,0.5414,0.5128,-3.095,0.594,2.509,0.522,20.083462,0.007453,0.766947,0.1754497532753382,0.9978,1
Gaia EDR3 5246559459830525696,-0.020031,0.018966,150.76308876494,-64.73103126418,0.2395,0.1917,-2.541,0.253,2.328,0.188,18.837334,0.003815,,,0.9962,1
Gaia EDR3 5246556303030050432,0.041496,-0.017276,150.90735524294,-64.76724903791,0.2308,0.3951,-3.256,0.58,2.083,0.456,19.755615,0.005392,0.827497,0.10788656287288778,0.9854,1
Gaia EDR3 5246556573610164096,0.026263,0.012383,150.87155426049,-64.73760953613,0.0582,0.1339,-2.512,0.158,2.651,0.16,18.426453,0.003289,1.170872,0.028107295850536472,0.9935,1
Gaia EDR3 5246554997359460608,-0.017714,-0.01831,150.76845914238,-64.76830927876,-0.2205,0.1761,-3.41,0.207,2.431,0.184,18.884258,0.003655,0.905563,0.02361985192339547,0.9961,1
Gaia EDR3 5246557024582357632,0.014702,0.03374,150.84443637552,-64.71626100434,0.4245,0.1678,-3.332,0.169,2.362,0.18,18.765284,0.003493,1.798592,0.03430077751903298,0.989,1
Gaia EDR3 5246556440466584064,0.013255,-0.013342,150.8411038567,-64.76334380657,0.3024,0.1633,-2.553,0.189,2.318,0.17,18.603539,0.003572,1.02561,0.026738718016928606,0.9975,1
Gaia EDR3 5246559429763711488,-0.017052,-0.001166,150.77003771848,-64.75116552051,-0.2705,0.3054,-3.025,0.328,2.062,0.279,19.527452,0.004242,0.723377,0.09619988689252368,0.9961,1
Gaia EDR3 5246556234308167168,0.016394,-0.013379,150.84846519395,-64.76337935834,0.4029,0.379,-3.167,0.403,2.116,0.336,19.601036,0.005133,0.884638,0.05205846918262978,0.9949,1
Gaia EDR3 5246559670282077568,-0.015326,0.03942,150.77413728353,-64.71058078266,-0.2406,0.2977,-3.273,0.313,2.143,0.307,19.71925,0.004769,0.84169,0.0573111319062652,0.9925,1
Gaia EDR3 5246556199967735168,0.010059,-0.033105,150.83362505607,-64.78310790928,0.0094,0.0486,-2.857,0.055,1.959,0.049,16.758718,0.002822,1.337458,0.00782586178269939,0.9895,1
Gaia EDR3 5246554962999711360,-0.020574,-0.038173,150.76171534213,-64.78816971127,-0.1938,0.4142,-2.526,0.475,2.524,0.453,20.037893,0.00554,0.743891,0.10897432407331403,0.9904,1
Gaia EDR3 5246556474826172288,-0.013187,-0.014068,150.7790827549,-64.76406985447,0.3136,0.1317,-3.271,0.156,2.832,0.137,18.455587,0.00321,1.237743,0.018399553321891686,0.9963,1
Gaia EDR3 5246556951567079424,0.022224,0.023794,150.86206770769,-64.72620151361,0.0503,0.0392,-3.364,0.044,2.846,0.043,16.4753,0.002809,1.382061,0.007944333383659562,0.9857,1
Gaia EDR3 5246559498483173248,-0.032413,0.012439,150.73406295739,-64.73754678074,0.0643,0.247,-2.55,0.252,2.782,0.231,19.32102,0.004059,0.939156,0.06651114789526608,0.9894,1
Gaia EDR3 5246556440466538240,0.007469,-0.015085,150.8275332187,-64.7650884513,-0.3785,0.2963,-3.215,0.299,2.682,0.251,19.437613,0.004383,0.912045,0.05389621954647989,0.9979,1
Gaia EDR3 5246554997359462144,-0.014474,-0.020039,150.77605826305,-64.77003955433,-0.2772,0.3,-2.685,0.316,2.763,0.283,19.596579,0.004629,0.947794,0.055913992094590415,0.9965,1
Gaia EDR3 5246554722479471488,0.006516,-0.046671,150.82531483941,-64.79667548759,-0.2924,0.2971,-3.396,0.326,2.512,0.293,19.611683,0.004972,0.838316,0.07875268695170681,0.988,1
Gaia EDR3 5246559562921758976,-0.007786,0.027077,150.79177940583,-64.72292685967,-0.4228,0.2197,-3.234,0.235,2.445,0.224,19.275654,0.004157,0.821951,0.05312958779981975,0.996,1
Gaia EDR3 5246556440466516352,-0.000441,-0.01098,150.80898066497,-64.76098476407,0.0503,0.358,-3.468,0.403,2.211,0.334,19.743515,0.005233,,,0.9958,1
Gaia EDR3 5246556234308158592,0.024939,-0.026128,150.86853462648,-64.77612158433,-0.3075,0.2279,-2.642,0.247,2.249,0.239,19.303146,0.004115,0.891377,0.04014962896929861,0.9943,1
Gaia EDR3 5246556440466550144,0.009809,-0.01546,150.83302158126,-64.76546268398,-0.2158,0.303,-3.407,0.313,2.688,0.276,19.613266,0.004711,0.864677,0.057718000020301426,0.9962,1
Gaia EDR3 5246554928637931904,-0.004678,-0.027147,150.79903599629,-64.7771513899,-0.4225,0.3353,-3.25,0.353,2.443,0.306,19.709887,0.004667,0.824011,0.06413630384840432,0.9967,1
Gaia EDR3 5246559532862371840,-0.03201,0.026108,150.73504675298,-64.72387817047,0.1247,0.0686,-2.469,0.077,2.294,0.074,17.53468,0.00293,1.03751,0.011275392205789646,0.9935,1
Gaia EDR3 5246559635922318080,-0.021533,0.041716,150.75961134071,-64.7082805255,0.4708,0.2401,-2.987,0.257,2.104,0.241,19.398937,0.004239,0.804663,0.06432168843092036,0.9917,1
Gaia EDR3 5246556509185988352,-0.007989,-0.003388,150.79128209965,-64.75339197299,0.4159,0.4729,-3.382,0.491,2.333,0.495,19.946156,0.005739,,,0.9974,1
Gaia EDR3 5246556543547718400,0.007589,0.001143,150.82780497588,-64.74886054626,0.313,0.2772,-2.507,0.288,2.566,0.28,19.592424,0.004644,0.613213,0.062380998506673474,0.9978,1
Gaia EDR3 5246556406109250048,0.005245,-0.024746,150.82232163564,-64.77475000859,0.1887,0.5067,-2.694,0.536,2.92,0.531,20.160444,0.006374,1.05324,0.07547187267830653,0.9937,1
Gaia EDR3 5246556440466518784,-0.000538,-0.010393,150.80875112794,-64.76039809184,0.3485,0.3812,-2.663,0.417,2.812,0.367,19.881752,0.005185,0.862509,0.2115569580351749,0.9979,1
Gaia EDR3 5246559567202822784,-0.0152,0.030026,150.77442061649,-64.7199744229,0.4544,0.2855,-3.353,0.32,2.344,0.285,19.678234,0.004735,0.810816,0.06668008489735225,0.9941,1
Gaia EDR3 5246556612265339264,0.007192,0.008414,150.82686940924,-64.74159010928,-0.3323,0.2954,-2.604,0.298,2.361,0.289,19.628551,0.004645,0.812241,0.049737879445749665,0.9981,1
Gaia EDR3 5246556337387447040,0.022618,-0.006177,150.86304870533,-64.75617219653,0.4708,0.2488,-2.677,0.267,2.693,0.264,19.377924,0.004339,0.767469,0.060914868831586484,0.9963,1
Gaia EDR3 5246556509186062592,-0.001374,0.003565,150.8067943479,-64.74643969915,0.245,0.3417,-2.885,0.359,1.944,0.357,19.785435,0.004789,,,0.9931,1
Gaia EDR3 5246556509187971968,-7.9e-05,-0.002994,150.80982882269,-64.75299846295,0.4414,0.3104,-2.751,0.34,2.818,0.285,19.648315,0.004808,0.933794,0.0473065454698634,0.9981,1
Gaia EDR3 5246556509185992960,-0.00468,-0.006203,150.79904060934,-64.7562076366,0.409,0.4042,-2.537,0.444,2.473,0.394,19.926693,0.005578,1.037811,0.10071503268645651,0.9984,1
Gaia EDR3 5246556401813797632,-0.000827,-0.014599,150.80807359319,-64.76460428972,0.2631,0.074,-2.547,0.083,2.771,0.073,17.576101,0.00292,0.974314,0.010502568970379551,0.9974,1
Gaia EDR3 5246556474826242944,-0.003296,-0.010667,150.8022846837,-64.76067144361,-0.2624,0.2149,-3.215,0.241,2.882,0.196,19.079535,0.003759,0.827879,0.14431709975005808,0.9969,1
Gaia EDR3 5246554962999712512,-0.025549,-0.029365,150.75005419883,-64.77935730791,0.0363,0.2863,-3.214,0.312,2.992,0.285,19.619093,0.004599,0.806881,0.06601493014249019,0.982,1
Gaia EDR3 5246556509186033792,-0.003408,0.000379,150.80202367586,-64.74962563769,0.5526,0.2394,-2.986,0.283,2.756,0.221,18.279905,0.003963,0.93248,0.0397657610569227,0.9984,1
Gaia EDR3 5246556474828221184,-0.012294,-0.003197,150.78119028858,-64.75319908585,0.116,0.5457,-3.047,0.641,1.901,0.536,20.189423,0.006862,0.594738,0.1449705029054835,0.9895,1
Gaia EDR3 5246557024582340480,0.006987,0.037567,150.82637174027,-64.71243714136,0.3111,0.2898,-3.29,0.298,2.053,0.303,19.642332,0.004749,0.851007,0.054055717425092784,0.9848,1
Gaia EDR3 5246554997357339520,-0.022928,-0.021926,150.75621950966,-64.77192116724,0.282,0.3581,-3.502,0.377,2.581,0.366,19.775318,0.004977,0.945055,0.06196255262487255,0.9939,1
Gaia EDR3 5246554997357344128,-0.013792,-0.031036,150.77764478,-64.78103754373,-0.0126,0.1667,-3.268,0.194,2.964,0.176,18.762295,0.003484,0.837769,0.02558799062266005,0.9864,1
Gaia EDR3 5246557913654319744,-0.030138,-0.029899,150.73928399611,-64.77988691717,-0.0247,0.3044,-3.48,0.326,2.752,0.293,19.505228,0.004479,,,0.9886,1
Gaia EDR3 5246557917935044096,-0.035167,-0.019358,150.72751287506,-64.76933954663,0.0275,0.2719,-3.372,0.298,2.898,0.264,19.481085,0.004319,0.853029,0.05001859990311801,0.9874,1
Gaia EDR3 5246556337387429504,0.024519,-0.01205,150.86751899177,-64.76204327922,-0.0013,0.1975,-3.402,0.244,2.867,0.216,18.917803,0.003764,0.646704,0.08734051895499073,0.9905,1
Gaia EDR3 5246556337387442944,0.022426,-0.00693,150.86259953728,-64.75692567921,0.2023,0.2754,-3.234,0.291,1.958,0.292,19.603659,0.004281,0.887806,0.11861310684668437,0.9863,1
Gaia EDR3 5246556440466548480,0.002839,-0.007806,150.81667109455,-64.75781029596,0.007,0.1716,-3.368,0.201,2.909,0.17,18.799242,0.003633,0.930855,0.06181605668172598,0.9952,1
Gaia EDR3 5246556612265344640,0.000396,0.017315,150.81094269646,-64.73268980229,0.3252,0.3279,-2.57,0.366,2.783,0.328,19.606533,0.004721,0.753332,0.07340349159441441,0.9959,1
Gaia EDR3 5246556371747291904,0.037438,-0.000667,150.89778068947,-64.75064630261,-0.3159,0.3294,-2.727,0.332,2.842,0.371,19.74175,0.004605,0.858336,0.06898820947753669,0.9914,1
Gaia EDR3 5246554997357405184,-0.007637,-0.024362,150.79209446006,-64.77436563076,0.4763,0.3485,-3.333,0.355,2.708,0.319,19.781881,0.005379,0.637671,0.0673387367846166,0.9961,1
Gaia EDR3 5246556509185986432,-0.012284,0.001208,150.78121878525,-64.74879432717,-0.0018,0.2875,-2.669,0.299,2.968,0.279,19.65585,0.004533,0.850353,0.050898356227950615,0.9952,1
Gaia EDR3 5246559464123526400,-0.020194,0.018579,150.76270532243,-64.7314179584,0.2588,0.1377,-3.474,0.17,2.744,0.149,18.424534,0.003607,1.09491,0.04527774739583289,0.9921,1
Gaia EDR3 5246554962997565312,-0.02113,-0.03158,150.76042077638,-64.78157687643,-0.2826,0.1682,-3.468,0.191,2.549,0.177,18.775599,0.003441,1.114153,0.03339395835216192,0.9923,1
Gaia EDR3 5246556612267193088,0.004667,0.001149,150.8209551064,-64.74885598813,0.2837,0.3459,-2.834,0.344,3.005,0.366,19.802053,0.005222,0.713242,0.1160810621407641,0.9953,1
Gaia EDR3 5246559464123519616,-0.014747,0.011926,150.77545727649,-64.73807438576,0.1614,0.2827,-2.489,0.291,2.144,0.27,19.546389,0.004257,0.897764,0.07469102261995955,0.9958,1
Gaia EDR3 5246556199948339456,0.010344,-0.025112,150.83428586192,-64.77511455651,0.1307,0.2685,-2.821,0.282,1.887,0.263,19.473732,0.004129,0.894812,0.054689014931302536,0.9839,1
Gaia EDR3 5246556401811243520,0.002,-0.025416,150.81470629974,-64.77542063377,-0.4912,0.1904,-2.713,0.219,2.472,0.193,18.76656,0.003878,1.232523,0.04729152125348623,0.998,1
Gaia EDR3 5246557814857993728,-0.032719,-0.032907,150.73321809897,-64.78289213184,0.1055,0.3358,-2.462,0.38,2.14,0.343,19.70016,0.004962,0.889139,0.059040974819635605,0.9899,1
Gaia EDR3 5246554928637926528,-0.00196,-0.031246,150.80541443569,-64.78125122608,0.1792,0.2353,-2.38,0.256,2.519,0.224,19.209131,0.003897,0.892273,0.035698990992622054,0.9949,1
Gaia EDR3 5246556268687267328,0.037596,-0.021721,150.89822036521,-64.77169972723,-0.0427,0.1418,-3.541,0.206,2.733,0.159,18.478127,0.003317,0.813831,0.04790727112642615,0.9833,1
Gaia EDR3 5246554997357391744,-0.018891,-0.014886,150.76570296395,-64.7648843696,0.0774,0.2801,-3.606,0.299,2.581,0.267,19.567911,0.004549,0.963995,0.0651222066275226,0.9926,1
Gaia EDR3 5246556543545844096,0.010292,0.000626,150.83414162663,-64.74937685847,-0.227,0.3165,-2.543,0.331,2.112,0.322,19.79755,0.005011,0.776104,0.07643102877330829,0.9966,1
Gaia EDR3 5246556199948327936,0.018625,-0.036897,150.85373653034,-64.78689583308,-0.1839,0.2897,-2.398,0.32,2.441,0.292,19.500416,0.004491,0.893166,0.05024731324288477,0.9892,1
Gaia EDR3 5246557982362065792,-0.049627,-0.007581,150.69364136351,-64.75754051894,0.1332,0.1265,-3.613,0.157,2.385,0.148,18.291418,0.003294,1.04398,0.02015958711975521,0.9848,1
Gaia EDR3 5246556509186073344,-0.003382,0.008705,150.80208903278,-64.74129973172,-0.0498,0.2117,-2.682,0.221,1.913,0.203,19.141119,0.003728,0.932726,0.030006849517201003,0.9905,1
Gaia EDR3 5246556474826232960,-0.003323,-0.012628,150.80222141549,-64.76263231717,-0.3881,0.3401,-3.378,0.343,2.224,0.313,19.752075,0.005157,0.944103,0.07128088602215875,0.9967,1
Gaia EDR3 5246557917935081856,-0.025621,-0.022903,150.74989978497,-64.77289549136,0.5191,0.4718,-3.314,0.524,2.778,0.486,20.065346,0.006428,1.184954,0.12934901266447935,0.9935,1
Gaia EDR3 5246556509186060544,-0.000159,0.00175,150.80964066979,-64.74825443682,-0.0139,0.5526,-3.62,0.63,2.37,0.592,20.237083,0.00759,1.03269,0.08502552326964291,0.9946,1
Gaia EDR3 5246556440466590976,0.007656,-0.006171,150.82796596594,-64.75617515447,0.443,0.3515,-3.466,0.952,2.272,0.761,19.29562,0.004593,,,0.9961,1
Gaia EDR3 5246558227175622784,-0.047524,0.016823,150.69867289731,-64.73314012807,0.2726,0.4155,-2.516,0.521,2.862,0.491,20.117453,0.0058,0.934538,0.09305026667107975,0.9814,1
Gaia EDR3 5246556268667972480,0.035831,-0.020601,150.89407661354,-64.77058260663,0.3567,0.1763,-3.513,0.22,2.232,0.214,18.914412,0.00389,0.998566,0.06116039421392802,0.9864,1
Gaia EDR3 5246556199948346240,0.015155,-0.028975,150.84558053825,-64.77897532318,0.5342,0.4028,-2.986,0.426,2.912,0.404,19.849411,0.005358,1.235872,0.06952867216536622,0.9901,1
Gaia EDR3 5246556577905695616,0.016659,0.016931,150.84904271293,-64.73306841254,0.6341,0.3809,-2.667,0.499,2.505,0.352,19.606415,0.005266,,,0.9966,1
Gaia EDR3 5246556509185989504,-0.006475,-0.004912,150.79483246011,-64.75491616136,-0.0771,0.2311,-3.62,0.245,2.332,0.202,19.189653,0.004178,0.891792,0.0374433557149967,0.9949,1
Gaia EDR3 5246556440485922688,0.001881,-0.008877,150.8144248252,-64.75888203704,0.0393,0.3952,-3.589,0.421,2.19,0.345,19.928127,0.005131,0.902895,0.1366086301388756,0.9938,1
Gaia EDR3 5246556509186008704,-0.003351,-0.003896,150.80215632501,-64.75390038023,-0.4996,0.4312,-2.845,0.491,2.803,0.444,19.936382,0.00535,,,0.9982,1
Gaia EDR3 5246559498485943552,-0.034738,0.005534,150.72859494049,-64.74444855545,0.2007,0.4279,-2.656,0.479,1.907,0.477,19.97352,0.00584,0.809578,0.07742616151486764,0.982,1
Gaia EDR3 5246554997357389952,-0.020009,-0.014028,150.76308241114,-64.76402574123,-0.353,0.4017,-3.497,0.442,2.329,0.355,19.782118,0.005949,1.357365,0.15893844892943365,0.9947,1
Gaia EDR3 5246556612284633600,-0.002031,0.010591,150.80525504192,-64.73941431824,0.2276,0.3197,-2.523,0.328,2.924,0.325,19.723494,0.004842,,,0.9951,1
Gaia EDR3 5246556298732251648,0.038156,-0.014655,150.89951150488,-64.76463309096,-0.2512,0.2058,-3.586,0.225,2.465,0.229,19.091274,0.0038,0.789278,0.13811040466424054,0.9841,1
Gaia EDR3 5246556440490823680,0.008968,-0.016592,150.83104939611,-64.76659534891,-0.0494,0.4403,-3.558,0.471,2.838,0.395,19.896173,0.005609,1.013432,0.07206184682477068,0.992,1
Gaia EDR3 5246556440466580992,0.009097,-0.009258,150.83134818754,-64.75926091634,0.0797,0.2684,-2.592,0.285,3.04,0.229,19.320753,0.004138,0.851358,0.04716555785135259,0.9941,1
Gaia EDR3 5246559601565134208,-0.009276,0.038713,150.78829880952,-64.71129014297,0.6387,0.6861,-2.697,0.764,2.718,0.824,20.546848,0.008154,0.81575,0.1677343447794049,0.9909,1
Gaia EDR3 5246554928640494336,-0.007214,-0.033713,150.7930811018,-64.78371700577,-0.0808,0.5443,-3.638,0.603,2.673,0.589,20.225924,0.006496,0.750685,0.08369612805793523,0.9844,1
Gaia EDR3 5246556440468990592,0.00813,-0.009917,150.82908066101,-64.75992020292,0.6937,0.5649,-2.717,0.613,2.572,0.506,20.202333,0.007207,0.841297,0.11972683963714215,0.9986,1
Gaia EDR3 5246556337389781760,0.02483,-0.006873,150.86823700958,-64.75686671775,-0.2499,0.3527,-3.603,0.387,2.317,0.416,19.905312,0.004868,0.988104,0.0946857200263944,0.9916,1
Gaia EDR3 5246556337387475968,0.025878,-0.003398,150.87068654381,-64.75339000988,-0.2419,0.3211,-2.746,0.325,3.061,0.313,19.668894,0.004898,0.826082,0.0664109459199233,0.9872,1
Gaia EDR3 5246559464126197376,-0.011141,0.011038,150.78390664518,-64.73896413986,-0.2445,0.5442,-3.615,0.638,2.583,0.558,20.409384,0.007527,,,0.9919,1
Gaia EDR3 5246556646625138432,0.005402,0.024425,150.82266589993,-64.72557924569,-0.0303,0.2277,-3.621,0.237,2.771,0.223,19.296953,0.004087,0.832645,0.04354990882270853,0.9839,1
Gaia EDR3 5246556509186040832,-0.002134,-3.1e-05,150.80501028818,-64.75003539328,0.0048,0.4104,-3.688,0.935,2.571,0.567,19.109314,0.004566,,,0.9922,1
Gaia EDR3 5246556612265331712,0.006822,0.006812,150.82600322515,-64.74319232446,-0.2822,0.1995,-3.584,0.217,2.658,0.208,19.08549,0.003852,0.821917,0.0260589815314918,0.9927,1
Gaia EDR3 5246556646649274624,0.010275,0.024405,150.83407972307,-64.72559790447,-0.3721,0.4183,-2.505,0.475,2.78,0.423,19.941805,0.005573,1.009457,0.13907060461224022,0.9927,1
Gaia EDR3 5246556337387398912,0.021752,-0.015615,150.86103559379,-64.76561070102,-0.0927,0.2707,-3.678,0.309,2.324,0.259,19.376362,0.004325,0.858171,0.055914773995718724,0.9891,1
Gaia EDR3 5246559498483172608,-0.036759,0.017242,150.72389619005,-64.73273776436,0.1888,0.3694,-3.669,0.401,2.267,0.387,19.913454,0.005027,0.758839,0.07904682699781791,0.9801,1
Gaia EDR3 5246559464123553536,-0.019329,0.022333,150.76473859697,-64.72766528374,-0.5553,0.1981,-3.277,0.21,2.213,0.202,19.110376,0.003858,0.798342,0.04717315031108757,0.9936,1
Gaia EDR3 5246557917937989120,-0.036292,-0.025408,150.72485398958,-64.77538868572,-0.4713,0.6056,-2.511,0.673,2.32,0.643,20.54259,0.00823,0.938818,0.121078075937412,0.9913,1
Gaia EDR3 5246556509189175040,-0.004837,-0.006953,150.79867109094,-64.75695761895,0.4318,0.6326,-2.366,0.774,2.403,0.601,20.381084,0.007748,0.914656,0.20100797548885335,0.9974,1
Gaia EDR3 5246556509186039680,-0.003493,0.001728,150.80182513888,-64.74827619873,0.2246,0.3389,-2.36,0.418,2.131,0.34,19.29548,0.004674,0.877668,0.02776109929038262,0.9965,1
Gaia EDR3 5246557917959553664,-0.039903,-0.020779,150.71639835604,-64.77075454938,0.4178,0.3993,-3.624,0.45,2.485,0.407,19.921444,0.005386,0.853512,0.09604544438638682,0.9862,1
Gaia EDR3 5246559567222148992,-0.006579,0.027167,150.79460737668,-64.72283747733,0.0968,0.3515,-2.256,0.413,2.39,0.419,19.914984,0.005159,1.215035,0.11215920712494537,0.9923,1
Gaia EDR3 5246556337411620480,0.024199,-0.012514,150.86676879357,-64.76250793648,-0.6777,0.8053,-3.021,1.597,2.485,0.841,20.291637,0.009719,,,0.9974,1
Gaia EDR3 5246556371747243776,0.035379,-0.007669,150.89297621549,-64.75765062776,-0.2091,0.3629,-2.368,0.375,2.158,0.456,19.848497,0.004942,0.739979,0.06817034957729451,0.9876,1
Gaia EDR3 5246556543547722368,0.010885,0.00509,150.83552588394,-64.74491224088,0.1976,0.2988,-3.715,0.328,2.571,0.299,19.564655,0.004718,1.118069,0.043167068477162125,0.9883,1
Gaia EDR3 5246557024584754816,0.007578,0.033421,150.82775764414,-64.71658296167,-0.3503,0.4415,-3.605,0.454,2.599,0.448,20.09679,0.005689,0.865437,0.13749550629145066,0.9828,1
Gaia EDR3 5246556406108745728,0.000849,-0.016367,150.81200610582,-64.76637162664,-0.1428,0.4197,-2.875,0.446,3.201,0.393,19.982473,0.005592,0.876888,0.10461966140219456,0.9806,1
Gaia EDR3 5246554722479516288,0.014326,-0.045196,150.84365550764,-64.79519715645,-0.5665,0.4827,-3.307,0.547,2.15,0.485,20.11195,0.006027,1.311552,0.09218712263236857,0.9854,1
Gaia EDR3 5246556539250203776,0.017483,-0.007804,150.8510112738,-64.75780296334,0.4793,0.4461,-3.403,0.424,1.958,0.35,19.789364,0.005698,,,0.9844,1
Gaia EDR3 5246559532843038848,-0.022297,0.027297,150.75779601202,-64.72269849798,0.4895,0.2509,-3.502,0.269,2.875,0.253,19.428482,0.007383,1.324541,0.0481180786731827,0.9862,1
Gaia EDR3 5246559429763722240,-0.019006,0.003256,150.7654648781,-64.74674244674,0.1391,0.3423,-2.217,0.385,2.615,0.341,19.870293,0.005194,0.874474,0.06684140317802661,0.994,1
Gaia EDR3 5246559464123544960,-0.010112,0.009888,150.78631642584,-64.74011468343,0.6849,0.3136,-2.528,0.345,2.323,0.308,19.726276,0.004716,0.861589,0.05803456323613666,0.9975,1
Gaia EDR3 5246556371771368064,0.027689,0.006844,150.87490823038,-64.74314645235,-0.4123,0.669,-2.426,0.632,2.771,0.639,20.487272,0.008144,1.076044,0.13942867934260023,0.9922,1
Gaia EDR3 5246556474828970752,-0.006137,-0.021135,150.79561471772,-64.77113871174,0.8115,0.6131,-3.145,0.688,2.27,0.613,20.385754,0.007003,0.956305,0.10547847914697463,0.9976,1
Gaia EDR3 5246556440469696768,0.005014,-0.000595,150.82176903871,-64.75059927956,-0.5704,0.5089,-2.622,0.548,2.114,0.586,20.204689,0.007071,1.004602,0.19449253203455008,0.9974,1
Gaia EDR3 5246556401818417408,0.00188,-0.031223,150.81442750528,-64.78122831859,0.0966,0.1046,-2.483,0.124,3.111,0.11,18.122192,0.003124,1.039415,0.013585046381847838,0.9859,1
Gaia EDR3 5246556474826238720,-0.007593,-0.006498,150.79220991517,-64.75650144037,0.5135,0.3407,-2.406,0.369,2.113,0.303,19.653656,0.004841,0.937891,0.05261676884828889,0.9964,1
Gaia EDR3 5246559739004163072,-0.035195,0.028849,150.72759593883,-64.72113317306,-0.594,0.5649,-2.572,0.634,2.192,0.592,20.341272,0.00757,0.992325,0.13737189068188405,0.992,1
Gaia EDR3 5246554997381801600,-0.009215,-0.020832,150.78839551646,-64.77083499066,0.5224,0.3838,-2.309,0.397,2.476,0.355,19.843697,0.005231,0.870316,0.06391986593829979,0.9958,1
Gaia EDR3 5246556509188702080,-0.002139,-0.007609,150.80499776978,-64.75761345324,0.7557,0.6692,-2.97,0.768,2.903,0.598,20.417519,0.008746,1.241196,0.10946517156076226,0.9974,1
Gaia EDR3 5246556474828965888,-0.011451,-0.005523,150.78316476609,-64.75552544779,-0.378,0.7463,-2.639,0.839,3.089,0.668,20.544168,0.008556,0.741297,0.1803502470656779,0.9931,1
Gaia EDR3 5246558021016933504,-0.039944,-0.00421,150.7163582206,-64.7541851828,0.722,0.5972,-3.491,0.751,2.439,0.728,20.429092,0.007133,0.87706,0.1255752181248471,0.9915,1
