# Binary systems ID's begin with a '2'
ID Gmag (G_BPmag-G_RPmag) e_Gmag e_(G_BPmag-G_RPmag) M_ini1 M_ini2
10 18.923632458525926 1.168122809139976 0.0034009730872713068 0.031057166686380245 1.148160193942147 -99.0
11 19.419816524694838 1.2504094348566783 0.0038724143616678205 0.049393951205293773 1.0848916424033987 -99.0
12 18.960938228242316 1.2289295498181854 0.003428210508679692 0.03210294608135879 1.1466584212356923 -99.0
13 18.0132068952806 1.6280766384094183 0.002988765384021873 0.015550436074123784 1.223178107624904 -99.0
24 19.412516178320352 1.39443162221212 0.0038634600292071766 0.049041687395596 1.0359255003587267 0.8225976299190869
25 18.979911846168086 1.3010065271196625 0.00344249609547846 0.03265223052905949 1.072139080003188 0.951512698633053
16 18.560003436191085 1.2743086366312886 0.003186406921426959 0.022898143002859306 1.195429972548061 -99.0
17 19.114845182148876 1.2046849922140086 0.003553119079929038 0.03692291150834016 1.126969559554615 -99.0
18 18.54916736940156 1.5440551656715897 0.0031812322351797567 0.022703377042707234 1.2148836724209584 -99.0
29 19.095744477641272 1.2988673211089132 0.0035364493889550822 0.03627750517272498 1.0840164698542665 0.9304992857045132
210 19.23473505284052 1.3276612671110826 0.003666101079998707 0.04131320180070469 1.0278577586222897 0.9824886522300927
111 19.02941729304815 1.2513320967331938 0.0034811975289373792 0.034142942953327184 1.1407011866427843 -99.0
112 18.89292699666893 1.197716030139827 0.0033793744511289906 0.03022933613717344 1.1518159590739319 -99.0
213 18.48174602298377 1.2379278403090628 0.0031503790321492833 0.021544422851326937 1.163453534175159 0.9818353679167814
114 19.413914436326785 1.2301345997600748 0.003865169543509026 0.04910892955642684 1.0855516983268825 -99.0
115 19.32152900079283 1.2114165755110788 0.003757661248849584 0.044889880889548366 1.0981826138155937 -99.0
116 19.15938811775771 1.150539995977001 0.0035933744004396796 0.038484050927850705 1.1192252589466087 -99.0
217 19.46494938320007 1.3003679805544037 0.003929390304826082 0.051638426716900644 1.0309549272167284 0.8407751939157582
218 19.48398268037471 1.3317737238823988 0.003954274968628643 0.052620325720820864 1.0085349322653967 0.8272543973424257
219 18.783427426010487 1.230772375723313 0.0033080022301379157 0.02750346932073648 1.1183056907367057 0.9088712491594386
120 18.599729866222308 1.2616186831478395 0.0032059118660843072 0.023633232728785585 1.1888960797367303 -99.0
221 18.997938080666838 1.2326429012967028 0.0034563460657429353 0.033185271237079615 1.0802733690129234 0.865353056428958
122 19.511270804319373 1.2038183897503276 0.003990869194231359 0.05406598079631922 1.0678531746450115 -99.0
123 19.267294400227332 1.2323144459925692 0.00369943284012124 0.04261341234045068 1.1058964884382907 -99.0
224 19.68569868243813 1.37570313470777 0.004252480218527964 0.06445604376899183 0.9940048411575781 0.7351418904549234
225 18.904059860395563 1.205216479114516 0.003387121681536722 0.03052612099390304 1.0710930159409637 0.9895290896344723
226 18.142794623207624 1.244687263779353 0.00302552098464723 0.016900528434947895 1.189222190687128 1.1242562863295558
227 19.682080809307006 1.374017908895507 0.004246531221294271 0.06421877179358897 1.0038391912833853 0.7930926208270476
228 19.39404391157782 1.2866392983990804 0.0038411197399946463 0.048163399397289655 1.0327972920719042 0.9246508487781414
129 17.12279829867123 1.6947715207440872 0.0028386081665737837 0.010157737478313222 1.2305535039618427 -99.0
230 18.533644616303906 1.2705744715412073 0.003173925606879905 0.02242855439666827 1.1611851578946957 0.9193538821801813
131 19.33799594012163 1.1651943437811612 0.003776036048418631 0.04560954825022817 1.0958355903864758 -99.0
232 18.994193636428303 1.2376047848360763 0.003453446587069175 0.03307363890724599 1.0805607286254917 0.8579793616328932
133 19.438262531304066 1.2370538339352386 0.0038953610218763575 0.0502972716855443 1.0814422739959428 -99.0
234 19.49072133106817 1.365561270372345 0.0039632103081073105 0.052973129059912936 1.0087707117641171 0.8066668033818912
135 19.31095995443189 1.1468626536955118 0.0037460410299339523 0.04443507944247363 1.0986916716400008 -99.0
236 19.417582315971767 1.2674430947618118 0.0038696663605210886 0.04928583069481046 1.019162531644522 0.8852706827079422
237 18.843605213803496 1.27098037573882 0.00334616547878761 0.02895910809755757 1.1113063074768934 0.9765653662883444
238 18.845678845623606 1.2548910919516327 0.003347525865799456 0.029011078617981557 1.1209484322140082 0.8935482091709673
139 18.744212310253975 1.2511032302748133 0.003284452445854136 0.026607520775157312 1.1677235069604854 -99.0
240 19.17588209791741 1.311136244920208 0.0036087858754584898 0.03908265455754984 1.0746382140989146 0.8587390589629891
141 18.757194000052337 1.1996272200837965 0.0032921366342647065 0.026899666072112357 1.165099392720244 -99.0
142 19.652798128263196 1.3262119315917782 0.004199238148059758 0.06233410199041723 1.0482130993660153 -99.0
243 19.701800255698643 1.4092824117457183 0.0042792443004546245 0.0655240537953889 0.9872347801905352 0.8550061824861729
244 15.952564350523987 1.6913049852448827 0.0027729087617569433 0.007913842744145708 1.24038349019727 0.9927503080801876
145 18.825266278577402 1.1949609070558314 0.0033342678861738016 0.028504824704386034 1.1576369469728842 -99.0
246 19.39153263044806 1.262472008336691 0.0038381173447360464 0.04804542671648904 1.0327189293144303 0.9280709196706194
147 19.58294864093745 1.219529643368435 0.004092364988743627 0.05808585408371812 1.0577438544584568 -99.0
248 18.676213887759648 1.2391112067581345 0.0032459392666064706 0.025146296242588614 1.1407711066726345 0.8263039925285562
149 18.595480547301094 1.2655636923875042 0.0032037847789015855 0.023552996022549056 1.1896437379467273 -99.0
150 19.572071931103284 1.0910561789439641 0.004076446303710778 0.05745440442549131 1.0579685056708277 -99.0
151 19.62804730902201 1.11898067390233 0.0041604298502675415 0.0607897027591414 1.0510103934193897 -99.0
252 19.489797788435176 1.2089333652820973 0.0039619818039619125 0.05292461551869857 1.030257790378325 0.7986340549106572
253 19.50630258543928 1.2876960699382791 0.003984124993234452 0.05379939936070409 1.0141257357431144 0.8162170878817965
154 18.585799537242846 1.2493684326844505 0.0031989755398569436 0.02337164957197473 1.1908006251416394 -99.0
255 19.282697589948008 1.2330654539662675 0.003715620287995197 0.04324563008720243 1.0622023271295076 0.8148222648861608
256 18.21835910475052 1.2586413361367508 0.003049487869207352 0.01778547093760604 1.1917273201009915 0.9981758182050037
157 19.629204685424636 1.303119196049662 0.004162221227618834 0.06086094832218338 1.052858773677959 -99.0
258 18.155089316290073 1.3365290400738223 0.003029286710587081 0.017039343123208553 1.2022251777488573 1.1228112021063623
259 19.71448205329775 1.4136349312561565 0.004300658700807953 0.06637921798055242 1.0000743559128795 0.7505671422765285
160 18.71863061213656 1.496154280175245 0.003269625957260359 0.02604438852968687 1.2074628819280016 -99.0
161 19.622993046011402 1.2453558833203138 0.004152633452081194 0.060479678575355474 1.053103084473406 -99.0
262 19.06632386079593 1.2251230887981481 0.0035114456510593976 0.035310629018536335 1.0584223828811976 0.9845088704898703
263 18.26137146825375 1.4346503212390882 0.003064042289204894 0.01832449973355991 1.206782434360498 1.016271705550747
164 16.141009511135756 1.8072327611606216 0.0027786965848779657 0.008105407393563725 1.236224315094256 -99.0
265 18.935135685091566 1.2690109931420113 0.0034092534207914773 0.03137487729069685 1.1094435210183475 0.8195925899362293
266 19.292557551443686 1.2161494406248812 0.003726126500249105 0.04365622707134891 1.0397937958907508 0.9469054932381767
267 16.894305642240727 1.6634937496182298 0.002818476470215109 0.009457646717096911 1.2311335186120078 1.1648520419511856
268 18.581311197114267 1.3036035430311472 0.0031967631018078413 0.023288253473570008 1.157854157757707 0.9971270657052739
269 17.78856492908206 1.5784075236063093 0.002936192362449847 0.013636511884671024 1.2240335932291901 1.0110236014972285
170 19.8065858541811 1.1545348850889905 0.0044654353855606305 0.07297740437496632 1.015587207152323 -99.0
271 18.474958257481582 1.2016532545147252 0.0031473971602873846 0.021432628847660333 1.1548782915098408 0.9486369981708768
272 18.913995157000503 1.2680233477691758 0.003394115732426268 0.0307941975408928 1.1096647070934627 0.8052388414641349
273 19.470144102306463 1.2903346294032605 0.003936130654806392 0.05190429256273759 1.0162230274301955 0.7547432963772734
174 18.642694478563495 1.2964119400986047 0.0032279838587175613 0.024466835947847154 1.1833394546652067 -99.0
175 19.87395078914513 1.2281981748854363 0.004596921519570052 0.07826402277026759 1.0071612873157518 -99.0
276 19.7977220393089 1.368904062242648 0.004448845371526268 0.072311693191989 0.9745470635758963 0.816375772069144
277 18.71485451878422 1.2352643534204588 0.0032674723921356686 0.025962654755973827 1.138234453274996 1.0031364870682704
278 18.848145369592036 1.2580469351562233 0.0033491480330204203 0.02907305708317884 1.1030637635289229 1.0762740916874696
279 19.70445935273667 1.3763214650643467 0.004283709831070611 0.06570233461708469 0.9906968960299221 0.7185012135003166
180 19.622382060322973 1.2898253492172373 0.004151693902372117 0.06044232276795159 1.05349751856064 -99.0
281 18.71198293662185 1.202825935204287 0.0032658406334607707 0.025900735551782225 1.1315290560922098 1.0007800261049085
282 18.903229344970384 1.240862583176596 0.0033865404703369447 0.0305038497840378 1.0933520393367062 0.8835743177381019
283 18.701035709642188 1.276941226503555 0.0032596667869438 0.025666543864336113 1.140469813818548 0.8363690291959666
284 19.749105958495885 1.3001515653256386 0.004360661362465963 0.06877829129231443 0.9661742009510929 0.7569576437927187
185 19.392694483077655 1.2276642686418022 0.0038395053868584563 0.04809996496390953 1.0887476375071157 -99.0
186 19.692968531239657 1.4036049309692742 0.004264505775826162 0.0649358096123778 1.0390283728484377 -99.0
187 19.939796198553392 1.2326012181977737 0.004735162786290899 0.08384127155568309 0.9996719987319552 -99.0
288 19.47601887143913 1.2673093669799576 0.003943799731794913 0.05220687700436197 1.030656599104197 0.8227415945321551
289 19.113092212114594 1.2395046909568348 0.003551574646469404 0.036863088606216544 1.0848279745790639 0.9250890136363522
290 19.47398949998851 1.3105274807750458 0.003941144958642127 0.05210212225802042 1.0059983047246492 0.7210824752250645
191 19.106806648236507 1.1910314285890957 0.0035460611310091246 0.03664956920006185 1.1283446810137499 -99.0
292 19.225446931537146 1.3170011813695364 0.003656808417876644 0.04095110296103343 1.0245106549168983 0.9194301234643955
293 16.93915434160124 1.6437663052579505 0.002822041052523553 0.009580994516412736 1.2309619795142681 1.0375795110355328
194 19.384893079698383 1.2043270947900497 0.0038302189933323264 0.047735150761772885 1.0896466593437502 -99.0
295 19.960962127846976 1.3429504315822316 0.004781759148647816 0.08572533724668123 0.9346867191151734 0.8703011309223899
296 18.66129302152746 1.1930060978860213 0.0032378651468574276 0.024840614561318263 1.141669864376934 0.8303779746743329
297 19.62595549552049 1.2289758701219664 0.004157197912467928 0.06066117482426236 0.9990925949924905 0.8550044723773911
298 18.957912643382212 1.2811320453173336 0.003425959799467833 0.03201645473069082 1.069596940272307 1.0198638684085393
299 18.688049649475712 1.2096679525372824 0.0032524384219009194 0.02539251956776032 1.1325242875553823 1.0985675800807084
2100 18.374025036136732 1.2301782081766959 0.0031055750670259557 0.019868920429101218 1.1860990488273366 0.9723331871032516
2101 19.672525912350398 1.366307546203632 0.0042309325956851615 0.0635968405768449 0.992245749960867 0.6976195301975403
1102 19.728055240937948 1.1961846680436834 0.004323910123888015 0.06730836792398534 1.0270944910787299 -99.0
2103 19.004890443676082 1.2716655988475551 0.003461761195696324 0.033393815500873586 1.080078035346883 0.8703653503414687
2104 19.703597041063425 1.3886901548090131 0.004282260291099142 0.06564446084831131 0.9681481547061165 0.8308162231828747
1105 19.79980497128106 1.2984578613385722 0.0044527294447550625 0.07246752308625233 1.0177742499351172 -99.0
2106 19.284729495828394 1.2861911454694832 0.0037177761026138626 0.043329865276076907 1.0619914638464856 0.8223732929741009
1107 20.3760152586512 1.3854878806269744 0.005951930421586904 0.1336116952037636 0.9434881094186148 -99.0
2108 20.102314491188576 1.4323478610964355 0.005122229896617924 0.09955067845987696 0.9496323724159861 0.7140083591902556
2109 19.04783819713518 1.3244721530262562 0.003496142276388794 0.03471958737471679 1.0903401670299924 0.9853169259485133
2110 18.8710547257089 1.2090373551801357 0.003364426067623846 0.02965716971474958 1.1122907869617389 1.0192963563935709
2111 19.143394945912153 1.2964683745311272 0.003578694293310587 0.03791432991598203 1.075368911034439 0.8754343814623152
2112 19.07265776371654 1.2735063456766904 0.003516760829314355 0.03551604049730932 1.1065838902191565 0.8019434639249942
1113 16.789885948301844 1.7366318869665036 0.0028108249845799657 0.009193877978132628 1.232237132943528 -99.0
1114 19.279806546884576 1.216942531421633 0.0037125611993980233 0.04312611593488104 1.1033114716409311 -99.0
2115 19.71790723654913 1.320956096668507 0.0043064936232107085 0.06661232635987382 0.9895025217561058 0.747447067021547
2116 15.3046340362661 1.9335693463106858 0.0027600762880505766 0.007497375465052679 1.2379609580727868 1.0400789769614796
2117 20.148527331630955 1.7692697603702126 0.005245468195451554 0.10457867735807885 0.9234142200049258 0.7896978045737537
2118 19.68049142234863 1.372518612569474 0.004243925176763051 0.06411484525787006 0.9933045234160957 0.7202037367994037
1119 19.596751806046512 1.234856809625323 0.004112841572153116 0.05889861771723585 1.0560789520517677 -99.0
2120 18.842255929109655 1.2620267076166203 0.003345281950261742 0.028925357846432076 1.111317544172645 0.978281180926097
1121 18.913406226762632 1.1808948302503606 0.0033936990245078498 0.03077822162544249 1.149170013621983 -99.0
1122 19.1545697162191 1.2078399192721412 0.0035889245096994375 0.03831130555358006 1.1204159839205887 -99.0
1123 18.645157534514674 1.621648250035646 0.0032292809345352697 0.02451587992691003 1.2125980862804127 -99.0
1124 20.12654271410878 1.3305027989381157 0.005186062740825123 0.10215350614060767 0.9730127897593859 -99.0
2125 19.71795105105484 1.364673621627533 0.004306568404626574 0.0666153141846465 0.9893156831579837 0.7575141186388149
1126 19.470575252154266 1.2001248667736533 0.003936691813343799 0.05192643005008542 1.0750467096946807 -99.0
2127 19.00084847028625 1.2581718049162194 0.003458607925839491 0.03327236959563382 1.0802564903570113 0.8657861655083824
2128 18.78392350944538 1.2472299923966446 0.0033083066661851136 0.027515063275995986 1.1164126236007759 0.9810468012676224
2129 19.916531431904705 1.3438934910142126 0.0046851763616038156 0.08182243535797974 0.9593715602973358 0.8165473938827299
1130 20.03141271196468 1.4177258529107433 0.004944868507498423 0.09233612842971543 0.9911495921999041 -99.0
2131 19.93077686120956 1.3892356302948055 0.004715632668843046 0.0830522085509768 0.9475746543999981 0.8060676858647584
2132 19.799770277330598 1.386452325711734 0.004452664677879283 0.07246492448804319 0.9652430180986368 0.7221926335259159
1133 18.673686488053058 1.2493984623357586 0.00324456232058739 0.025094149302931724 1.1779543419742793 -99.0
2134 18.425142437116147 1.458331346912628 0.0031261781629633068 0.020638248353605143 1.2074728879523526 1.0452671615768847
1135 20.267600687448816 1.521794700047887 0.005593288816142454 0.11883055551020533 0.9538145435720639 -99.0
2136 20.017812871195865 1.4598773259145759 0.004912394145566306 0.09101805719068705 0.9570264936719854 0.760053557639934
2137 19.96276069868108 1.3314497806502956 0.004785768668261704 0.08588755239204182 0.9538512395417229 0.7790582432626619
2138 19.22181445492768 1.2579571685257709 0.003653199793659993 0.04081053560245114 1.0504822669354315 0.9150877955307974
2139 20.14003644232132 1.5213953532310542 0.005222355011313228 0.10363477862696613 0.9243633567204537 0.7742500501207421
2140 19.956683238786585 1.3165537149455655 0.004772251978999128 0.08534076087742033 0.9726162539563892 0.7034006633229731
1141 19.13496983574705 1.1966204322986311 0.003571063656274575 0.037618377926543135 1.1228353077970492 -99.0
2142 19.979594761403703 1.3695809939179637 0.004823681802667282 0.08742215879475668 0.941270326940071 0.8152221364289591
1143 20.006830256896937 1.32798057779243 0.0048865199591568145 0.08996853690785984 0.994211093379813 -99.0
2144 18.143269023295783 1.2176888550506324 0.0030256653497587934 0.016905848499511815 1.179371895566549 1.1559933836159084
2145 19.625471407676166 1.230128495021308 0.0041564510309655715 0.06063147475102156 1.000501607025253 0.7780261188907508
2146 15.964288687137426 1.7064160488139297 0.0027732350762816682 0.007924592367864728 1.240232708008742 1.0250355340792525
2147 18.646734254399107 1.21975332385896 0.0032301130929361637 0.024547348087405423 1.1430261985742622 0.9973689337189067
