RA_ICRS DE_ICRS _x _y EDR3Name e_Plx PM pmRA e_pmRA pmDE e_pmDE Gmag e_Gmag BPmag e_BPmag RPmag e_RPmag BP-RP Plx_corr e_BP-RP
114.65911506055 -33.81563033662 -0.023561 0.030552 "Gaia EDR3 5588818158046576512" 0.0617 1.315 -0.5 0.059 1.216 0.067 17.264132 0.002869 18.192753 0.010194 16.322174 0.00503 1.870579 0.093226 0.011367433131538535
114.66705916896 -33.8506829895 -0.016954 -0.004499 "Gaia EDR3 5588805960339462272" 0.0472 1.294 -0.498 0.045 1.195 0.046 16.692905 0.002818 17.690311 0.009163 15.70588 0.004212 1.984431 0.099214 0.01008471680316309
114.68050953545 -33.84469054488 -0.005784 0.001495 "Gaia EDR3 5588806127837945216" 0.042 1.326 -0.501 0.04 1.228 0.042 16.49048 0.002811 17.415598 0.006419 15.520675 0.004696 1.894923 0.12238 0.007953362622186919
114.67377502867 -33.80518328626 -0.011382 0.041002 "Gaia EDR3 5588806441375783424" 0.0687 1.323 -0.47 0.066 1.237 0.073 17.466528 0.00289 18.462715 0.012727 16.511349 0.005447 1.951366 0.09570200000000001 0.013843638900231398
114.6825730341 -33.86187105605 -0.004069 -0.015686 "Gaia EDR3 5588805685461552128" 0.0261 1.355 -0.528 0.024 1.247 0.027 15.450759 0.002783 16.591473 0.003879 14.405999 0.003893 2.185473 0.107986 0.0054956428195434975
114.68962527194 -33.83294828143 0.001787 0.013237 "Gaia EDR3 5588806166497877120" 0.0353 1.365 -0.499 0.033 1.271 0.036 16.151241 0.002797 17.096304 0.005911 15.186734 0.004093 1.90957 0.09154999999999999 0.007189754515976189
114.68709840661 -33.85533946798 -0.000311 -0.009154 "Gaia EDR3 5588806132138146048" 0.0423 1.309 -0.446 0.04 1.23 0.043 16.566193 0.002807 17.510221 0.005438 15.614292 0.004707 1.895929 0.10692399999999999 0.007192196674174031
114.64943354713 -33.83150668438 -0.031599 0.014673 "Gaia EDR3 5588806029058941696" 0.0218 1.356 -0.515 0.022 1.254 0.023 15.137215 0.002785 16.327843 0.003707 14.069577 0.003923 2.258265 0.063927 0.005397386219273177
114.65288080461 -33.8220557008 -0.028738 0.024125 "Gaia EDR3 5588818153746434176" 0.1371 1.251 -0.459 0.138 1.164 0.147 18.655329 0.003244 19.59515 0.029071 17.732586 0.012574 1.862564 0.087368 0.031673782802185156
114.71327744877 -33.86094835937 0.021427 -0.014765 "Gaia EDR3 5588805337563919616" 0.0659 1.262 -0.444 0.062 1.182 0.066 17.244951 0.002859 18.18297 0.00882 16.302692 0.005474 1.880278 0.07097300000000001 0.01038061057934455
114.68523256804 -33.84320901847 -0.001861 0.002977 "Gaia EDR3 5588806132138143872" 0.0569 1.348 -0.436 0.054 1.276 0.057 17.118773 0.002851 18.058065 0.008191 16.183506 0.004589 1.874559 0.07674800000000001 0.009388897805386957
114.69774446767 -33.85904707095 0.008529 -0.012862 "Gaia EDR3 5588806063418665728" 0.0572 1.308 -0.415 0.051 1.241 0.057 17.001099 0.002856 17.89889 0.007947 16.081608 0.0044 1.817282 0.102734 0.009083766234332541
114.67775910786 -33.88807514399 -0.008064 -0.04189 "Gaia EDR3 5588805651101991424" 0.0325 1.373 -0.526 0.031 1.268 0.034 15.820371 0.002789 16.89384 0.004571 14.800899 0.004024 2.092941 0.032781 0.0060898782418041825
114.66842989225 -33.84020106664 -0.015817 0.005983 "Gaia EDR3 5588805960339459584" 0.0614 1.367 -0.586 0.06 1.235 0.065 17.16775 0.002872 18.064495 0.008993 16.24655 0.004686 1.817945 0.087296 0.010140643224174687
114.65368084738 -33.84465929943 -0.028066 0.001522 "Gaia EDR3 5588806029058943488" 0.0564 1.395 -0.51 0.052 1.298 0.057 17.005184 0.00283 17.825176 0.007746 16.124691 0.004752 1.700485 0.14185799999999998 0.009087464993054994
114.67364008033 -33.83899004626 -0.01149 0.007195 "Gaia EDR3 5588806338286437504" 0.4185 1.313 -0.49 0.396 1.218 0.464 20.201696 0.005621 20.868988 0.074438 19.659435 0.047835 1.209553 0.006380000000000004 0.08848278402604656
114.69085479534 -33.83381971189 0.002809 0.012366 "Gaia EDR3 5588806162196633472" 0.0562 1.282 -0.439 0.052 1.205 0.057 17.054207 0.002848 17.916973 0.006936 16.143635 0.004635 1.773338 0.170954 0.008342141271879782
114.67249230827 -33.86245525493 -0.01244 -0.016271 "Gaia EDR3 5588805749880774016" 0.1106 1.397 -0.585 0.103 1.268 0.108 18.245981 0.003058 18.622765 0.013008 17.759 0.013647 0.863764 0.108715 0.018853346466874255
114.68607428188 -33.86749782922 -0.001162 -0.021312 "Gaia EDR3 5588805685452741504" 0.0526 1.245 -0.528 0.05 1.128 0.054 16.879967 0.002839 17.72078 0.007758 15.95863 0.005125 1.76215 0.13071 0.009297966928312877
114.67117792394 -33.84746073758 -0.013534 -0.001276 "Gaia EDR3 5588805960339460864" 0.0607 1.308 -0.459 0.057 1.225 0.06 17.202446 0.00286 18.098255 0.01017 16.272978 0.004926 1.825277 0.190971 0.011300193626659679
114.69308400882 -33.84219360653 0.00466 0.003992 "Gaia EDR3 5588806132138139904" 0.0279 1.394 -0.591 0.028 1.263 0.029 15.301019 0.002781 16.437271 0.003986 14.235903 0.003899 2.201368 0.070809 0.005575876343679081
114.6669153656 -33.81426809988 -0.017081 0.031916 "Gaia EDR3 5588806437075668736" 0.407 1.343 -0.598 0.398 1.202 0.43 20.01764 0.005189 20.547153 0.07278 19.382221 0.032304 1.164932 0.021942 0.07962711106149714
114.69822545404 -33.83082749457 0.008932 0.015358 "Gaia EDR3 5588806162197721472" 0.0545 1.339 -0.561 0.051 1.216 0.055 16.976482 0.002832 17.858673 0.006541 16.062574 0.005003 1.796099 0.196003 0.008234967516632958
114.70774438076 -33.87132480209 0.016831 -0.025141 "Gaia EDR3 5588805303204151808" 0.0616 1.294 -0.425 0.059 1.222 0.062 17.119297 0.002854 18.03329 0.007773 16.172136 0.005069 1.861155 0.19344 0.009279778553392317
114.70349497993 -33.82225290056 0.01331 0.023932 "Gaia EDR3 5588806269577082624" 0.0624 1.229 -0.471 0.058 1.136 0.062 17.255993 0.002867 18.190176 0.010967 16.312466 0.005243 1.87771 0.178947 0.012155827326842051
114.67700139497 -33.83044415151 -0.008699 0.015741 "Gaia EDR3 5588806338296574208" 0.0512 1.199 -0.454 0.049 1.11 0.052 16.91649 0.002842 17.732735 0.041078 15.973301 0.007384 1.759434 0.144244 0.0417363814914518
114.70425221302 -33.85121882876 0.013935 -0.005034 "Gaia EDR3 5588806093478190208" 0.117 1.358 -0.598 0.109 1.22 0.125 18.33431 0.003122 19.249277 0.025865 17.4111 0.009236 1.838177 0.007384999999999999 0.027464557542403626
114.68155372287 -33.83002200557 -0.004917 0.016163 "Gaia EDR3 5588806372656309888" 0.0573 1.247 -0.577 0.054 1.105 0.058 17.143906 0.002844 18.04175 0.007815 16.228767 0.005302 1.812983 0.102756 0.009443803735783586
114.69907573403 -33.83685376251 0.009637 0.009331 "Gaia EDR3 5588806166497874176" 0.0577 1.407 -0.519 0.054 1.308 0.057 17.112865 0.002856 18.002445 0.009261 16.187237 0.005693 1.815208 0.205231 0.010870895547285882
114.71368235224 -33.88505583688 0.021758 -0.038873 "Gaia EDR3 5588805234484641664" 0.0627 1.398 -0.637 0.063 1.244 0.065 17.181734 0.002863 18.095514 0.008619 16.249065 0.005109 1.846449 0.063821 0.010019433217502875
114.70714298474 -33.85897646042 0.016334 -0.012792 "Gaia EDR3 5588805303204185856" 0.2643 1.341 -0.562 0.224 1.218 0.238 19.38805 0.00392 20.214535 0.054452 18.570415 0.015427 1.644119 -0.062064 0.0565951643959093
114.67887939788 -33.8410716703 -0.007138 0.005114 "Gaia EDR3 5588806333996383744" 0.2459 1.36 -0.567 0.228 1.236 0.233 19.424383 0.004023 20.219364 0.042528 18.662346 0.021122 1.557018 -0.051642999999999994 0.047484415001134844
114.69667696407 -33.84968259227 0.007644 -0.003497 "Gaia EDR3 5588806059118454912" 0.3434 1.317 -0.462 0.314 1.234 0.327 19.907057 0.004964 20.637028 0.054886 19.206257 0.030145 1.430771 -0.075584 0.06261943804442835
114.67946341135 -33.83939820649 -0.006653 0.006787 "Gaia EDR3 5588806333996389504" 0.1085 1.328 -0.391 0.106 1.269 0.11 18.308996 0.003069 19.185242 0.033667 17.424475 0.009993 1.760767 -0.024961 0.035118754789997896
114.64315517104 -33.87092352551 -0.036797 -0.024746 "Gaia EDR3 5588805818600229376" 0.0486 1.481 -0.612 0.045 1.348 0.048 16.63288 0.002819 17.530092 0.00655 15.696249 0.004266 1.833843 0.12031 0.007816729239266254
114.64846632503 -33.83804192523 -0.0324 0.008138 "Gaia EDR3 5588806024758750720" 0.1576 1.493 -0.483 0.151 1.412 0.16 18.81725 0.003357 19.756113 0.038276 17.931492 0.016176 1.824621 0.130895 0.04155376218827845
114.68505142131 -33.83033785471 -0.002012 0.015848 "Gaia EDR3 5588806372647456000" 0.3955 1.139 -0.503 0.369 1.022 0.412 20.110731 0.005428 20.845446 0.087976 19.47211 0.046305 1.373335 0.053925 0.09941795411795598
114.67658933422 -33.86167046833 -0.009038 -0.015485 "Gaia EDR3 5588805754182136320" 0.4765 1.433 -0.395 0.416 1.378 0.478 20.340734 0.006357 20.827812 0.287842 19.618551 0.097053 1.209261 0.12147200000000001 0.30376356228652573
114.68742551205 -33.83152340403 -4e-05 0.014662 "Gaia EDR3 5588806372647452800" 0.2543 1.49 -0.643 0.239 1.344 0.253 19.511305 0.003944 20.151915 0.042378 18.798744 0.021603 1.35317 0.026744999999999998 0.0475666321385065
114.6479762707 -33.82647099 -0.032811 0.019708 "Gaia EDR3 5588817775789898368" 0.1636 1.461 -0.522 0.153 1.365 0.168 18.885565 0.003368 19.727968 0.04677 17.99568 0.021654 1.732288 -0.056051000000000004 0.051539583001805514
114.70400377605 -33.8615099828 0.013727 -0.015325 "Gaia EDR3 5588806059118421248" 0.1375 1.391 -0.335 0.132 1.35 0.144 18.545908 0.003214 19.094727 0.020843 17.88513 0.011516 1.209597 0.126924 0.023812788685914132
114.68040602569 -33.87902705662 -0.005867 -0.032842 "Gaia EDR3 5588805646801517312" 0.0988 1.4 -0.491 0.09 1.311 0.094 17.856312 0.002975 18.779902 0.016918 16.946518 0.006904 1.833384 0.280351 0.01827249134628335
114.71786960777 -33.86441004442 0.02524 -0.018228 "Gaia EDR3 5588805337563908224" 0.457 1.204 -0.586 0.402 1.051 0.478 20.166544 0.005657 20.751984 0.08373 19.51332 0.04968 1.238663 -0.012249999999999999 0.09735920757689023
114.69351385284 -33.85095175046 0.005017 -0.004766 "Gaia EDR3 5588806059118454784" 0.1933 1.218 -0.619 0.182 1.049 0.184 19.015154 0.003556 19.93508 0.030636 18.145508 0.01195 1.789572 0.047370999999999996 0.03288414505502614
114.67581641827 -33.81769150357 -0.009685 0.028494 "Gaia EDR3 5588806437075660544" 0.2951 1.452 -0.378 0.281 1.402 0.274 19.608961 0.004117 20.330822 0.055644 18.898998 0.023943 1.431824 0.065024 0.06057657950891582
114.69985972339 -33.88636467705 0.010282 -0.04018 "Gaia EDR3 5588804925246989696" 0.324 1.474 -0.625 0.301 1.335 0.323 19.881231 0.004581 20.39671 0.079574 19.15874 0.031935 1.23797 0.210273 0.08574302129619647
114.72786868487 -33.84371669081 0.033551 0.002462 "Gaia EDR3 5588805444934436992" 0.2943 1.388 -0.575 0.266 1.263 0.278 19.55347 0.004239 20.27296 0.062016 18.717611 0.029396 1.555349 -0.140591 0.06863023438689395
114.68301773164 -33.85645436097 -0.0037 -0.010269 "Gaia EDR3 5588805754182135424" 0.5022 1.497 -0.506 0.471 1.409 0.487 20.264006 0.006116 20.653337 0.066443 19.315722 0.039443 1.337616 -0.070041 0.07726850909652651
114.69489281163 -33.82720408607 0.006163 0.018981 "Gaia EDR3 5588806162197736704" 0.1655 1.097 -0.432 0.154 1.008 0.162 18.921808 0.003461 19.740118 0.026871 18.023127 0.01425 1.716991 0.197742 0.03041567262119975
114.6848685172 -33.83303354988 -0.002164 0.013152 "Gaia EDR3 5588806368356152576" 0.1181 1.095 -0.393 0.112 1.022 0.121 18.403341 0.003067 19.243298 0.018779 17.527838 0.009497 1.71546 -0.027871 0.021043855397716457
114.69637327054 -33.84166246678 0.007392 0.004523 "Gaia EDR3 5588806166498053376" 0.3754 1.478 -0.53 0.349 1.38 0.361 19.944143 0.005305 "" "" "" "" "" 0.30233999999999994 ""
114.68604770994 -33.80409377336 -0.001185 0.042092 "Gaia EDR3 5588806544444822016" 0.3612 1.25 -0.608 0.344 1.092 0.384 20.054794 0.004982 20.628256 0.090881 19.340492 0.036118 1.287764 0.25955500000000004 0.09779502075770526
114.72074155631 -33.84674481974 0.02763 -0.000564 "Gaia EDR3 5588805440643171712" 0.1372 1.335 -0.266 0.13 1.308 0.135 18.592665 0.003231 19.423582 0.02556 17.588757 0.013656 1.834825 0.169023 0.028979301854944677
114.68766554691 -33.83909152977 0.00016 0.007094 "Gaia EDR3 5588806132129295616" 0.242 1.351 -0.524 0.23 1.245 0.243 19.441368 0.004089 20.161299 0.043978 18.756393 0.026509 1.404905 0.340424 0.05134969878197924
114.69059145776 -33.822799829 0.00259 0.023386 "Gaia EDR3 5588806368356171392" 0.2799 1.482 -0.524 0.27 1.387 0.274 19.65922 0.004281 20.431597 0.062602 18.799885 0.02963 1.631712 0.258988 0.06925999786312444
114.71121943155 -33.86161253281 0.019718 -0.015429 "Gaia EDR3 5588805303204181376" 0.135 1.34 -0.724 0.128 1.127 0.131 18.438261 0.003165 19.298552 0.031488 17.531017 0.014845 1.767534 -0.014101999999999996 0.03481189694630271
114.68257073293 -33.82774162879 -0.004073 0.018444 "Gaia EDR3 5588806368356160000" 0.2504 1.572 -0.68 0.24 1.417 0.254 19.483036 0.003995 20.026333 0.055601 18.7674 0.023293 1.258932 0.090131 0.06028295820544974
114.70666058101 -33.85716174591 0.015934 -0.010978 "Gaia EDR3 5588806063409797760" 0.7451 1.422 -0.49 0.644 1.335 0.862 20.49639 0.007528 21.278978 0.126368 19.823565 0.060177 1.455414 -0.16093 0.13996479111905252
114.72000212842 -33.83062892145 0.027021 0.015552 "Gaia EDR3 5588806196557464832" 0.3855 1.088 -0.257 0.349 1.058 0.398 19.880917 0.004957 20.598879 0.058947 19.142632 0.026791 1.456247 0.047168 0.06474956748890297
114.70717752529 -33.81201058946 0.016372 0.034173 "Gaia EDR3 5588806505796994944" 0.3006 1.603 -0.537 0.29 1.51 0.354 19.659925 0.004406 20.29617 0.049747 18.898142 0.026535 1.398027 0.102943 0.05638147066191161
114.68922835957 -33.87053007032 0.001457 -0.024344 "Gaia EDR3 5588805681161275008" 0.1759 1.275 -0.394 0.167 1.213 0.174 18.986115 0.003424 19.653118 0.045152 18.274427 0.014706 1.378691 0.365382 0.04748651956081852
114.73035907796 -33.83876009042 0.035621 0.007418 "Gaia EDR3 5588805440643195136" 0.1983 1.501 -0.622 0.188 1.366 0.184 19.109533 0.00364 19.553915 0.027986 18.57599 0.028691 0.977924 -0.144657 0.04007979137919757
114.68967062887 -33.84943846802 0.001825 -0.003253 "Gaia EDR3 5588806132138469120" 0.2494 1.338 -0.45 0.238 1.26 0.234 19.347237 0.004016 20.036486 0.032259 18.560846 0.020059 1.475639 0.378967 0.03798692619836462
114.71907949857 -33.8397056791 0.026252 0.006476 "Gaia EDR3 5588806196557434496" 0.2472 1.554 -0.659 0.224 1.408 0.248 19.364414 0.003958 20.234865 0.044756 18.465103 0.024153 1.769762 -0.103089 0.050857319483039995
114.68436843968 -33.83133176388 -0.002579 0.014854 "Gaia EDR3 5588806372647460352" 0.2718 1.418 -0.244 0.259 1.397 0.273 19.6426 0.004331 20.18633 0.052446 18.951706 0.028986 1.234625 0.047893 0.05992304324715159
114.65435163488 -33.85171863514 -0.027507 -0.005537 "Gaia EDR3 5588805925970956928" 0.2928 1.025 -0.374 0.266 0.954 0.277 19.594221 0.004207 20.449686 0.065091 18.749023 0.024168 1.700663 -0.026078000000000004 0.06943292090211962
114.6913132529 -33.84924164859 0.003189 -0.003056 "Gaia EDR3 5588806132129301120" 0.2522 1.285 -0.192 0.238 1.27 0.241 19.456038 0.00408 20.129028 0.044798 18.649221 0.024756 1.479807 0.156102 0.05118320369027324
114.69874856944 -33.83984047316 0.009365 0.006345 "Gaia EDR3 5588806162197695360" 0.275 1.221 -0.615 0.245 1.054 0.254 19.541018 0.004205 20.478886 0.052233 18.567379 0.02297 1.911507 0.307513 0.05706055720898632
114.66423863328 -33.85169339451 -0.019296 -0.00551 "Gaia EDR3 5588805956041144320" 0.1709 1.616 -0.685 0.165 1.464 0.164 18.914595 0.003413 19.555513 0.037944 18.193798 0.013888 1.361715 -0.005615000000000002 0.04040573820634886
114.6766313726 -33.84717007307 -0.009005 -0.000985 "Gaia EDR3 5588806127837937152" 0.2335 1.389 -0.329 0.227 1.35 0.235 19.356735 0.003799 20.300646 0.044087 18.497133 0.018256 1.803513 -0.180721 0.04771734595511364
114.67267594142 -33.86051963275 -0.012288 -0.014335 "Gaia EDR3 5588805749880781824" 0.2802 1.376 -0.539 0.263 1.266 0.293 19.610838 0.004202 20.327126 0.05954 18.79453 0.026421 1.532595 0.40298300000000004 0.06513893490839408
114.7332540054 -33.84270136987 0.038024 0.003476 "Gaia EDR3 5588805440643182720" 0.216 1.342 -0.599 0.206 1.201 0.202 19.225996 0.00389 19.93841 0.041754 18.531275 0.025649 1.407135 0.404752 0.04900273172997603
114.68896945122 -33.84811033902 0.001243 -0.001925 "Gaia EDR3 5588806132132947328" 0.4307 1.504 -0.396 0.405 1.451 0.4 20.162437 0.005767 20.970795 0.070996 19.413427 0.039332 1.557367 -0.155548 0.08116303493586229
114.67491299544 -33.84660697682 -0.010432 -0.000422 "Gaia EDR3 5588805956039252608" 0.2551 1.129 -0.168 0.242 1.117 0.246 19.498356 0.004037 20.20073 0.036972 18.839958 0.023926 1.360771 0.109293 0.044038418000650295
114.67626493993 -33.8527543292 -0.009308 -0.006569 "Gaia EDR3 5588805754181029248" 0.1092 1.262 -0.316 0.108 1.222 0.111 18.069681 0.003121 18.8827 0.024935 17.054949 0.010341 1.827751 0.395549 0.02699426802119294
114.67880302463 -33.84334484114 -0.007201 0.00284 "Gaia EDR3 5588806132129321728" 0.2316 1.549 -0.702 0.221 1.38 0.232 19.392406 0.003941 20.127453 0.049847 18.700583 0.026501 1.42687 0.29656400000000005 0.056453754613843006
114.68081447007 -33.84940535345 -0.00553 -0.00322 "Gaia EDR3 5588806132132947584" 0.4442 1.306 -0.464 0.395 1.22 0.425 20.121296 0.00567 20.944036 0.078894 19.420856 0.031714 1.52318 0.392878 0.08502964795881493
114.70303308338 -33.84481470178 0.012923 0.00137 "Gaia EDR3 5588806097768235264" 0.3357 1.635 -0.634 0.311 1.506 0.321 19.886711 0.00488 20.580029 0.093837 19.187777 0.032613 1.392252 -0.08226299999999999 0.09934279207874118
114.70116664788 -33.8037499944 0.011378 0.042435 "Gaia EDR3 5588806505795172224" 0.3103 1.637 -0.754 0.302 1.453 0.312 19.732721 0.004447 20.325851 0.050473 19.054165 0.026007 1.271687 0.006533000000000001 0.056779290044874635
114.69513727729 -33.8501960155 0.006365 -0.004011 "Gaia EDR3 5588806063409817728" 0.2681 1.614 -0.417 0.248 1.559 0.269 19.44192 0.004088 20.243124 0.054628 18.683891 0.026727 1.559233 0.190577 0.0608157127147253
114.71316675458 -33.85891976748 0.021336 -0.012737 "Gaia EDR3 5588805341859387136" 0.5371 1.506 -0.293 0.477 1.477 0.56 20.361366 0.006331 21.126326 0.095623 19.742655 0.059737 1.383671 0.21885100000000002 0.11274869089262189
114.6507840911 -33.86563522953 -0.030465 -0.019455 "Gaia EDR3 5588805925974525184" 0.4122 1.266 -0.621 0.387 1.104 0.427 20.099432 0.00523 20.529253 0.100438 19.379436 0.072801 1.149817 -0.262476 0.12404748060722555
114.65518859492 -33.83287380011 -0.026818 0.013308 "Gaia EDR3 5588806029053724288" 0.4808 1.203 -0.598 0.461 1.044 0.491 20.291838 0.006134 20.953482 0.088466 19.500978 0.041699 1.452503 -0.252037 0.09780102124722422
114.7027725831 -33.88633732681 0.012701 -0.040153 "Gaia EDR3 5588804860828002048" 0.095 1.625 -0.523 0.092 1.539 0.1 17.30156 0.003251 17.97151 0.010616 16.455563 0.00526 1.515947 0.302943 0.01184766035975036
114.70261303428 -33.86376914328 0.012571 -0.017584 "Gaia EDR3 5588805307504749824" 0.3799 1.671 -0.496 0.346 1.596 0.42 19.99885 0.007696 20.584204 0.101777 19.231096 0.042999 1.353107 -0.022221 0.11048742792734385
114.67788857739 -33.85935360605 -0.007959 -0.013168 "Gaia EDR3 5588805754172225536" 0.4081 1.566 -0.667 0.396 1.417 0.432 20.14188 0.005397 20.864058 0.079979 19.467272 0.054636 1.396786 0.392544 0.09685934615203635
114.68064268467 -33.81177332585 -0.005675 0.034412 "Gaia EDR3 5588806441365620736" 0.4448 1.112 -0.311 0.452 1.067 0.458 20.131306 0.006297 20.31636 0.117889 19.145817 0.086143 1.170544 0.36965099999999995 0.1460083311664098
114.63209907742 -33.84904815481 -0.045989 -0.002875 "Gaia EDR3 5588805887319765504" 0.159 1.386 -0.242 0.156 1.365 0.164 18.741827 0.003833 19.22835 0.024622 18.074923 0.013472 1.153427 0.36229900000000004 0.028066664711005475
114.68951179504 -33.81965606131 0.001693 0.02653 "Gaia EDR3 5588806372651101312" 0.4162 1.216 -0.447 0.401 1.13 0.406 20.11206 0.00553 20.760834 0.070126 19.335163 0.043269 1.425671 -0.318214 0.08240062036781033
114.69639248406 -33.81350109128 0.00741 0.032684 "Gaia EDR3 5588806475725339520" 0.1003 1.683 -0.722 0.097 1.52 0.102 18.199825 0.003009 18.52996 0.013789 17.697926 0.011041 0.832035 -0.05882899999999999 0.017664659691032827
114.70042137003 -33.83434415612 0.010755 0.011841 "Gaia EDR3 5588806166487707648" 0.3967 1.4 -0.841 0.342 1.12 0.374 20.08126 0.005526 20.797316 0.081353 19.328003 0.033244 1.469313 -0.184267 0.08788329844174034
114.70148060981 -33.82749453264 0.011636 0.01869 "Gaia EDR3 5588806265276944768" 0.3041 1.012 -0.584 0.282 0.827 0.303 19.673828 0.00431 20.620321 0.061622 18.747152 0.022418 1.873169 -0.003182000000000001 0.06557314700393752
114.68182412469 -33.86860724067 -0.004691 -0.022422 "Gaia EDR3 5588805681161279616" 0.2462 1.335 -0.628 0.232 1.178 0.247 19.481947 0.004007 20.126383 0.054155 18.678629 0.026223 1.447754 -0.310949 0.06016984090057078
114.70991625926 -33.81757909249 0.018646 0.028605 "Gaia EDR3 5588806269577078784" 0.4451 1.019 -0.419 0.396 0.929 0.404 19.811712 0.004997 "" "" "" "" "" -0.268704 ""
114.66850388812 -33.85055422143 -0.015754 -0.00437 "Gaia EDR3 5588805960330662528" 0.3511 1.121 -0.631 0.34 0.926 0.335 19.875864 0.004791 20.57415 0.061429 19.184078 0.031167 1.390072 -0.191438 0.06888326306150137
114.74283495519 -33.8577692222 0.045974 -0.011596 "Gaia EDR3 5588805376214946560" 0.3108 1.532 -0.424 0.309 1.472 0.29 19.588947 0.004181 20.425941 0.074454 18.74891 0.030528 1.677031 -0.270699 0.08046960233529181
114.67161639756 -33.86423419506 -0.013167 -0.01805 "Gaia EDR3 5588805754175832320" 0.4419 1.523 -0.672 0.387 1.367 0.394 20.116064 0.005344 20.78324 0.077604 19.444132 0.043148 1.339107 -0.283405 0.08879262762189212
114.68563069668 -33.83838873463 -0.001531 0.007797 "Gaia EDR3 5588806132129299456" 0.2927 1.361 -0.815 0.276 1.089 0.286 19.596786 0.004588 20.393824 0.062581 18.943047 0.024711 1.450777 0.317367 0.06728309655478112
114.67636591192 -33.83249988816 -0.009227 0.013685 "Gaia EDR3 5588806338287743488" 0.221 1.185 -0.38 0.209 1.122 0.22 19.306849 0.003797 19.816223 0.029487 18.749287 0.017166 1.066936 0.479638 0.03411971167814875
114.68275980424 -33.8470618485 -0.003915 -0.000876 "Gaia EDR3 5588806132138500352" 0.6151 1.573 -0.912 0.611 1.281 0.612 20.514053 0.007305 21.451975 0.130621 19.86424 0.061084 1.587734 -0.078253 0.1441981300052119
114.69097545864 -33.85608416349 0.002908 -0.009899 "Gaia EDR3 5588806063408520192" 0.4441 1.537 -0.808 0.407 1.307 0.427 20.291378 0.006271 21.09393 0.08721 19.66774 0.069759 1.426189 0.37822900000000004 0.11167767091500432
114.64243096609 -33.84681894119 -0.037409 -0.000642 "Gaia EDR3 5588805990398984832" 0.3474 0.928 -0.205 0.333 0.905 0.359 19.938267 0.004772 20.497414 0.062222 19.202543 0.046322 1.29487 -0.018816 0.07757128958577394
114.70984566204 -33.84703566031 0.018581 -0.000852 "Gaia EDR3 5588806093478203648" 0.144 1.05 -0.402 0.139 0.97 0.141 18.66291 0.003275 19.577692 0.027064 17.733868 0.009281 1.843824 0.429309 0.028611135192438623
114.7157048228 -33.82903089606 0.023452 0.017152 "Gaia EDR3 5588806200852809856" 0.4349 1.638 -0.324 0.405 1.606 0.451 20.198141 0.005928 20.714933 0.078123 19.359657 0.045803 1.355276 0.12651800000000002 0.09056002395096856
114.69883984526 -33.85175604632 0.00944 -0.005571 "Gaia EDR3 5588806063408507264" 0.5384 1.136 -0.353 0.466 1.08 0.562 20.405014 0.006637 21.134975 0.082194 19.677557 0.046917 1.457418 0.416717 0.09464173775348803
114.64258496314 -33.86874344964 -0.037272 -0.022566 "Gaia EDR3 5588805818600233216" 0.2882 1.412 -0.66 0.281 1.249 0.289 19.65978 0.004357 20.561852 0.06623 18.76318 0.022044 1.798672 0.45525000000000004 0.06980222658339776
114.71003315913 -33.84197276274 0.018738 0.004211 "Gaia EDR3 5588806097779584512" 0.2942 0.993 -0.385 0.279 0.916 0.283 19.614601 0.00448 20.474384 0.063129 18.709644 0.028783 1.76474 -0.22913699999999998 0.06938106175319027
114.73043424601 -33.83429056043 0.035685 0.011888 "Gaia EDR3 5588806235208399872" 0.4384 1.598 -0.806 0.402 1.379 0.435 20.245914 0.005717 20.9263 0.101434 19.525984 0.051579 1.400316 0.28459300000000004 0.11379476963815165
114.71410761253 -33.88860911406 0.02211 -0.042426 "Gaia EDR3 5588804856527505920" 0.4737 1.481 -0.446 0.42 1.412 0.477 20.220533 0.006219 20.957201 0.099683 19.639269 0.061697 1.317932 -0.289058 0.117231481684742
114.65484361644 -33.83968394173 -0.027102 0.006497 "Gaia EDR3 5588806029048815872" 0.3576 1.271 -0.738 0.337 1.035 0.379 20.055935 0.00509 20.697165 0.087696 19.270258 0.035766 1.426907 0.347813 0.09470900259215065
114.71002262478 -33.86073648894 0.018725 -0.014553 "Gaia EDR3 5588805307499230720" 0.4088 0.914 -0.221 0.366 0.887 0.381 20.08052 0.006142 20.457455 0.074821 19.004925 0.056161 1.45253 0.144686 0.0935534070037003
114.68448386051 -33.85450101307 -0.002483 -0.008315 "Gaia EDR3 5588806127837918976" 0.2509 1.628 -0.343 0.235 1.591 0.25 19.520226 0.004026 20.505882 0.064258 18.67323 0.020187 1.832653 -0.12283300000000001 0.06735432824251163
114.67975046344 -33.82808641365 -0.006416 0.018099 "Gaia EDR3 5588806368358484224" 0.2345 1.248 -0.416 0.22 1.177 0.226 19.347235 0.003756 19.949738 0.049568 18.593391 0.030663 1.356346 -0.355086 0.058285557327694824
114.66134717215 -33.81533324834 -0.021707 0.03085 "Gaia EDR3 5588818158041750016" 0.4264 1.634 -0.329 0.43 1.601 0.505 20.12424 0.005538 20.8069 0.071736 19.424686 0.037047 1.382214 0.272839 0.0807374380631439
114.69134212864 -33.88606732599 0.003212 -0.039882 "Gaia EDR3 5588804895187742976" 0.3131 1.755 -0.538 0.302 1.671 0.316 19.755907 0.004314 20.494213 0.074719 18.942327 0.024495 1.551886 0.034285 0.07863163476616775
114.70743902289 -33.83058359409 0.016585 0.0156 "Gaia EDR3 5588806269568190208" 0.4281 1.506 -0.724 0.387 1.32 0.443 20.173489 0.005475 20.80523 0.085689 19.432829 0.043477 1.3724 -0.35833 0.09608774245448792
114.68713684409 -33.83441482087 -0.00028 0.011771 "Gaia EDR3 5588806166487723648" 0.5001 0.942 -0.293 0.437 0.895 0.532 20.355919 0.006359 20.92858 0.099528 19.52725 0.04328 1.401329 -0.17002799999999998 0.10853101484829118
114.67932745404 -33.84277119901 -0.006766 0.003414 "Gaia EDR3 5588806127837950592" 0.3155 1.073 -0.655 0.297 0.85 0.302 19.792944 0.004363 20.339806 0.064964 19.165651 0.033155 1.174154 0.322282 0.07293541883748936
114.71657483262 -33.8465849059 0.02417 -0.000403 "Gaia EDR3 5588806097769499648" 0.4295 1.182 -0.789 0.403 0.879 0.452 19.704882 0.005061 "" "" "" "" "" -0.078678 ""
114.70987296943 -33.83387301273 0.018606 0.012311 "Gaia EDR3 5588806200852415360" 0.4075 1.047 -0.162 0.398 1.035 0.401 20.147282 0.005342 21.034847 0.117968 19.429081 0.03805 1.605766 0.369311 0.12395261806028947
114.69407427864 -33.85994110536 0.005481 -0.013756 "Gaia EDR3 5588806063409835136" 0.4941 1.716 -0.855 0.468 1.488 0.525 20.183504 0.006152 20.85776 0.094981 19.495913 0.056268 1.361847 -0.093193 0.11039691202655987
114.71472300843 -33.86745414475 0.022626 -0.021272 "Gaia EDR3 5588805303206591232" 0.1976 1.028 -0.663 0.174 0.785 0.196 18.939037 0.003758 19.763418 0.030764 18.072332 0.013599 1.691086 -0.07361499999999999 0.03363564325235954
114.66221825219 -33.86739810034 -0.02097 -0.021215 "Gaia EDR3 5588805715521023488" 0.3207 1.687 -0.416 0.286 1.634 0.308 19.636398 0.004257 20.270597 0.047725 18.994865 0.030138 1.275732 -0.182631 0.0564444387783243
114.73021354674 -33.87045000601 0.035487 -0.024272 "Gaia EDR3 5588805273139496576" 0.6769 1.202 -0.522 0.602 1.083 0.607 20.50442 0.007294 21.022116 0.100814 19.819363 0.080313 1.202753 0.496444 0.12889391205561262
114.6822668409 -33.82458267088 -0.004325 0.021603 "Gaia EDR3 5588806372647454464" 0.2457 1.119 -0.494 0.238 1.004 0.246 19.47961 0.003905 20.04462 0.044116 18.71525 0.017962 1.329371 -0.370929 0.04763249835983832
114.65972836319 -33.81443322082 -0.023052 0.031749 "Gaia EDR3 5588818153748744832" 0.1579 1.739 -0.896 0.15 1.49 0.17 18.823393 0.003287 19.467142 0.023188 18.043379 0.015312 1.423763 0.216195 0.02778741959952381
114.70076700774 -33.86245151012 0.011039 -0.016267 "Gaia EDR3 5588806063413475840" 0.3846 0.884 -0.197 0.361 0.862 0.375 20.06029 0.005118 20.879936 0.100311 19.316526 0.050374 1.56341 0.24119600000000002 0.11224899374604656
114.69523862762 -33.84909255306 0.006449 -0.002907 "Gaia EDR3 5588806063409815552" 0.2536 1.75 -0.383 0.239 1.708 0.241 19.43805 0.003988 20.173695 0.043357 18.757 0.020642 1.416695 0.16057700000000003 0.04802001263015244
114.68194041879 -33.81114682031 -0.004597 0.035039 "Gaia EDR3 5588806437075677056" 0.2716 1.227 0.017 0.294 1.227 0.271 17.074707 0.003896 17.200766 0.028565 15.558559 0.025061 1.642206 0.110626 0.03800017034172347
114.70834891692 -33.84953016497 0.017337 -0.003346 "Gaia EDR3 5588806097778575360" 0.2147 1.293 -0.907 0.199 0.922 0.205 19.222984 0.003804 20.173136 0.037975 18.341114 0.017765 1.832022 -0.0011319999999999976 0.041924883422616695
114.69936325655 -33.85426004912 0.009874 -0.008075 "Gaia EDR3 5588806063409812096" 0.4181 0.998 -0.66 0.39 0.749 0.398 20.112339 0.005532 20.91577 0.143418 19.416174 0.070794 1.499596 -0.107994 0.15993909203193568
114.73909802248 -33.84742923118 0.042875 -0.001254 "Gaia EDR3 5588805440643169024" 0.524 1.378 -0.061 0.417 1.377 0.448 20.224476 0.006028 21.044159 0.122992 19.470213 0.073765 1.573946 0.286862 0.1434165516563552
114.70580501416 -33.83074980139 0.015228 0.015434 "Gaia EDR3 5588806265276935680" 0.2796 1.107 -0.261 0.266 1.076 0.305 19.586536 0.004021 20.246454 0.058779 18.844166 0.025345 1.402288 0.5280389999999999 0.06401046684722742
114.72890415341 -33.87619551279 0.034398 -0.030017 "Gaia EDR3 5588805268844400768" 0.2981 1.427 -0.063 0.274 1.426 0.283 19.69646 0.004478 20.331306 0.067277 18.927427 0.026717 1.403879 -0.199198 0.07238779467562194
114.70252310297 -33.88475799951 0.012494 -0.038573 "Gaia EDR3 5588804929547478656" 0.033 1.03 -0.159 0.033 1.018 0.035 15.907686 0.00279 16.458664 0.004099 15.191184 0.004191 1.26748 0.463322 0.005862276179096308
114.68515509346 -33.83237414053 -0.001926 0.013811 "Gaia EDR3 5588806372647461504" 0.5128 1.1 -0.548 0.417 0.955 0.663 19.963358 0.005735 "" "" "" "" "" -0.396859 ""
114.69402051293 -33.85001377884 0.005437 -0.003828 "Gaia EDR3 5588806063409820416" 0.2521 1.538 -0.224 0.233 1.521 0.244 19.43645 0.00407 20.170506 0.056854 18.684568 0.026955 1.485937 -0.288412 0.06292018230266025
114.71271082593 -33.84108148845 0.020962 0.005102 "Gaia EDR3 5588806097773205248" 0.4599 1.638 -0.377 0.41 1.594 0.406 20.15296 0.005689 20.866047 0.104624 19.460793 0.045884 1.405254 0.47731199999999996 0.11424326164811648
114.65927292261 -33.81828120784 -0.023429 0.027901 "Gaia EDR3 5588806402715921280" 0.2212 1.413 -0.971 0.217 1.026 0.229 19.305576 0.003744 19.8816 0.038543 18.587349 0.022219 1.29425 0.252577 0.04448872677431891
114.70148041467 -33.86857453475 0.01163 -0.02239 "Gaia EDR3 5588805307495584768" 0.1285 1.855 -0.657 0.121 1.735 0.131 18.479269 0.00327 18.906326 0.042155 17.660238 0.013819 1.246088 0.019264 0.04436224505139477
114.73064448564 -33.82536139927 0.035864 0.020817 "Gaia EDR3 5588806230917211264" 0.3416 1.556 -0.746 0.343 1.365 0.327 19.83001 0.004605 20.82672 0.082251 18.955912 0.024196 1.870808 0.518247 0.08573606835515611
114.67122308339 -33.84653665969 -0.013496 -0.000352 "Gaia EDR3 5588805960334254976" 0.3906 1.664 -0.402 0.369 1.614 0.367 19.996027 0.004969 20.735243 0.102074 19.216002 0.033714 1.519241 0.434043 0.1074976058896197
114.68466953235 -33.83222916776 -0.002329 0.013956 "Gaia EDR3 5588806372647461632" 0.2613 1.131 -0.226 0.246 1.108 0.258 19.522455 0.004855 19.845999 0.069049 18.507856 0.042353 1.338142 0.535342 0.08100333949906016
114.68095171392 -33.84513173114 -0.005417 0.001054 "Gaia EDR3 5588806132129319680" 0.2119 1.345 0.039 0.208 1.345 0.212 19.095757 0.003661 19.551403 0.034709 18.293669 0.016068 1.257734 0.204921 0.038247814382000964
114.69513282292 -33.81700220112 0.006364 0.029183 "Gaia EDR3 5588806471435400704" 0.1013 1.863 -0.74 0.103 1.71 0.102 18.186647 0.003004 18.520035 0.013314 17.71169 0.012402 0.808344 0.233009 0.01819538952592112
114.68820209633 -33.84232978118 0.000605 0.003856 "Gaia EDR3 5588806127837951488" 0.2478 1.378 0.039 0.233 1.378 0.245 19.429747 0.004248 19.978848 0.046648 18.550425 0.018424 1.428423 -0.023984000000000002 0.050154557918498294
114.65810599099 -33.86165717287 -0.024386 -0.015475 "Gaia EDR3 5588805925974523136" 0.3924 1.241 0.064 0.366 1.239 0.41 20.03179 0.005257 20.684517 0.07841 19.376282 0.041864 1.308235 -0.05191900000000001 0.08888600900029205
114.71502463601 -33.83166175 0.022886 0.014521 "Gaia EDR3 5588806200848696064" 0.2902 1.864 -0.577 0.275 1.773 0.279 19.698252 0.004277 20.34118 0.057518 18.928835 0.028464 1.412346 0.230096 0.0641756933737377
114.67470169915 -33.86141301604 -0.010605 -0.015228 "Gaia EDR3 5588805754181031552" 0.0625 1.877 -0.883 0.058 1.656 0.063 17.178457 0.002848 17.546291 0.006407 16.661516 0.005752 0.884775 0.126892 0.008610177292019022
114.68294718392 -33.82138340924 -0.00376 0.024802 "Gaia EDR3 5588806372646149120" 0.6565 0.886 -0.601 0.547 0.652 0.695 20.55188 0.006902 20.875551 0.154383 19.834902 0.053656 1.040649 -0.06203499999999999 0.16344135653193778
114.69390990141 -33.84250049739 0.005346 0.003685 "Gaia EDR3 5588806166493088384" 1.3936 0.832 -0.233 0.781 0.798 1.077 20.797869 0.011039 20.682775 0.166247 18.889452 0.152079 1.793324 -0.336268 0.22531330908315203
114.69106642708 -33.83458497098 0.002985 0.011601 "Gaia EDR3 5588806166498053632" 0.2518 1.254 -0.877 0.234 0.896 0.246 19.368183 0.004024 19.774384 0.049365 18.61356 0.016101 1.160824 -0.23702700000000002 0.05192442032415961
114.66226801712 -33.83316900595 -0.020937 0.013014 "Gaia EDR3 5588806029059108736" 0.2489 0.942 -0.402 0.251 0.852 0.261 19.502014 0.003839 20.241436 0.05092 18.680979 0.029 1.560457 0.525393 0.05859903070870712
114.66254585791 -33.8250338183 -0.020708 0.021149 "Gaia EDR3 5588806407007240192" 0.2727 1.511 -0.36 0.286 1.467 0.334 19.439762 0.004209 20.15249 0.373729 18.49629 0.016393 1.6562 0.589081 0.37408835305312566
114.71001107426 -33.83177527743 0.018722 0.014408 "Gaia EDR3 5588806269572290304" 0.5139 0.824 -0.19 0.493 0.802 0.555 20.334608 0.006714 20.885044 0.109562 19.615162 0.056985 1.269882 -0.221022 0.12349543339330407
114.65852902938 -33.84970067907 -0.024038 -0.003518 "Gaia EDR3 5588805960330683904" 0.3688 0.907 -0.498 0.43 0.759 0.45 19.88203 0.005703 19.885906 0.07205 18.842514 0.035152 1.043392 0.411391 0.08016773418277456
114.68374576732 -33.8865800405 -0.003094 -0.040394 "Gaia EDR3 5588804895182382592" 0.3861 1.202 0.017 0.352 1.202 0.38 19.931566 0.004833 20.67296 0.083188 19.214071 0.038862 1.458889 0.338028 0.09181774549617301
114.69402025055 -33.83847636494 0.005438 0.007709 "Gaia EDR3 5588806166487718016" 0.4632 0.735 -0.257 0.423 0.688 0.446 20.288767 0.005944 20.911774 0.093428 19.624792 0.048723 1.286982 -0.128373 0.10536945436415622
114.6738195921 -33.82777400069 -0.011342 0.018411 "Gaia EDR3 5588806333996429184" 0.2884 1.714 -0.397 0.277 1.667 0.29 19.714499 0.004525 20.340126 0.054029 19.07296 0.033446 1.267166 0.456947 0.06354343205241593
114.70134525279 -33.84400288932 0.011521 0.002182 "Gaia EDR3 5588806093478208128" 0.2619 1.564 -1.052 0.263 1.157 0.244 19.47934 0.004117 20.192762 0.063074 18.637331 0.019462 1.555431 -0.131136 0.06600832462651965
114.69204437742 -33.84641514165 0.003796 -0.00023 "Gaia EDR3 5588806132129296896" 0.6709 1.858 -0.848 0.686 1.653 0.805 20.467299 0.007774 21.240568 0.097603 19.534197 0.058418 1.706371 -0.100401 0.1137497619030475
114.71228708205 -33.86563972727 0.020604 -0.019457 "Gaia EDR3 5588805303204166144" 0.4044 1.524 -0.463 0.366 1.452 0.388 20.097626 0.005222 20.687065 0.096289 19.409973 0.038842 1.277092 -0.501723 0.10382809102068669
114.71797975187 -33.82657679409 0.025342 0.019605 "Gaia EDR3 5588806200847417984" 0.5962 1.311 -0.709 0.501 1.103 0.603 20.462389 0.007492 20.835068 0.124956 19.65018 0.057641 1.184887 -0.488572 0.13760990813527926
114.67984364938 -33.84815571965 -0.006337 -0.00197 "Gaia EDR3 5588806132132947456" 0.4546 1.49 -0.711 0.424 1.31 0.425 20.108341 0.005152 20.89006 0.089606 19.47081 0.045352 1.41925 0.638408 0.1004292743178004
114.68793782271 -33.85112426556 0.000386 -0.004939 "Gaia EDR3 5588806132132947968" 0.3939 1.188 -0.096 0.381 1.184 0.378 19.961782 0.004935 20.537336 0.056422 19.20025 0.043049 1.337086 0.529861 0.07096941936496311
114.70064460824 -33.84979413433 0.010939 -0.003609 "Gaia EDR3 5588806063408503680" 0.5196 1.883 -0.939 0.486 1.633 0.567 20.316933 0.006451 21.077307 0.10295 19.447388 0.039656 1.629919 -0.004377000000000006 0.11032361866798968
114.69344942208 -33.85549648907 0.004963 -0.009311 "Gaia EDR3 5588806063419779072" 0.3693 1.911 -0.763 0.339 1.752 0.345 19.881374 0.004877 20.429724 0.127237 19.121965 0.065634 1.307758 0.278235 0.14316799965425234
114.72548022266 -33.84846971786 0.031565 -0.00229 "Gaia EDR3 5588805440643167360" 0.2606 1.295 0.131 0.234 1.288 0.239 19.419043 0.004655 19.861221 0.057108 18.252596 0.033706 1.608625 0.154115 0.06631303114773143
114.68779187485 -33.84404478038 0.000265 0.002141 "Gaia EDR3 5588806132129302528" 0.2053 1.53 -0.668 0.193 1.377 0.205 19.148684 0.003862 19.850155 0.032469 18.460728 0.01998 1.389427 0.676067 0.03812396045795872
114.65552519785 -33.83437647468 -0.026538 0.011805 "Gaia EDR3 5588806029054128768" 1.2114 1.32 -0.727 0.97 1.102 1.021 20.726095 0.010289 21.277693 0.201176 19.98733 0.070799 1.290363 -0.500674 0.21327044187369237
114.66912036741 -33.84762774592 -0.015243 -0.001443 "Gaia EDR3 5588805960330658432" 0.3036 0.852 -0.151 0.295 0.839 0.299 19.745241 0.004509 20.35206 0.060808 18.983639 0.03284 1.368422 -0.297432 0.06910917785649023
114.72471153838 -33.86045821659 0.030922 -0.014278 "Gaia EDR3 5588805341858968448" 0.4015 1.263 -0.098 0.378 1.259 0.39 20.05949 0.005219 20.675745 0.093227 19.32867 0.048468 1.347074 -0.485799 0.10507340554583734
114.68942239712 -33.83508311627 0.001619 0.011102 "Gaia EDR3 5588806166493079936" 0.4513 1.505 0.014 0.406 1.505 0.473 20.203777 0.005853 20.890247 0.074324 19.625832 0.053219 1.264416 0.41996300000000003 0.09141290355852394
114.67355873197 -33.83410317731 -0.011558 0.012082 "Gaia EDR3 5588806338287751168" 0.466 1.951 -0.702 0.445 1.82 0.474 20.310547 0.006332 20.431551 0.084985 19.017897 0.085804 1.413654 -0.10624499999999999 0.12076744859853586
114.66078262047 -33.84505359986 -0.022168 0.001129 "Gaia EDR3 5588805960330672896" 0.2415 1.735 -0.721 0.234 1.579 0.246 19.484415 0.003957 20.400095 0.061556 18.74331 0.018159 1.656784 0.5753130000000001 0.0641785822295881
114.70806969087 -33.84503001972 0.017106 0.001154 "Gaia EDR3 5588806097773206656" 0.4421 1.853 -0.52 0.433 1.779 0.449 20.136948 0.006097 20.922544 0.087107 19.391636 0.03636 1.530909 0.40850200000000003 0.09439109623793973
114.7078927968 -33.84673667829 0.016959 -0.000553 "Gaia EDR3 5588806097774605184" 0.579 1.276 -0.851 0.53 0.951 0.657 20.362036 0.006987 21.015179 0.097944 19.64511 0.033319 1.37007 0.557789 0.1034561882972691
114.68587540026 -33.8397299412 -0.001327 0.006456 "Gaia EDR3 5588806132127988864" 0.3508 1.721 -1.031 0.375 1.378 0.395 19.59106 0.00472 "" "" "" "" "" -0.29611299999999996 ""
114.70363464627 -33.85017652858 0.013422 -0.003992 "Gaia EDR3 5588806097769532416" 0.3892 1.833 -1.003 0.369 1.535 0.389 19.959637 0.004728 20.545748 0.066888 19.109804 0.043676 1.435944 0.292064 0.0798849017023868
114.71601012471 -33.84652747683 0.023701 -0.000345 "Gaia EDR3 5588806097769500800" 0.3055 1.332 -0.504 0.28 1.233 0.298 19.6583 0.004487 20.134398 0.175717 18.720427 0.097096 1.413971 -0.5956670000000001 0.20075880380446584
114.70802123865 -33.82319784371 0.01707 0.022986 "Gaia EDR3 5588806269566905600" 0.8067 0.999 -0.337 0.716 0.941 0.93 20.620972 0.008599 21.041023 0.166887 19.823666 0.075119 1.217358 -0.5407639999999999 0.18301402932562302
114.687580088 -33.82992642464 8.9e-05 0.016259 "Gaia EDR3 5588806368356152832" 0.3628 1.217 -0.185 0.345 1.203 0.35 19.953886 0.00497 20.776098 0.072165 19.258919 0.04438 1.517179 -0.519435 0.08471936983358647
114.68676949859 -33.84454913649 -0.000585 0.001636 "Gaia EDR3 5588806132129304960" 0.3285 1.656 -0.8 0.309 1.45 0.307 19.836163 0.004768 20.667963 0.073271 19.266836 0.035311 1.401127 -0.480202 0.08133576188860593
114.68457563517 -33.85017773333 -0.002407 -0.003992 "Gaia EDR3 5588806127837929344" 0.1447 1.026 -0.778 0.138 0.669 0.146 18.629316 0.003341 19.51095 0.02659 17.67578 0.014584 1.835171 0.354674 0.0303269048206374
114.67126706793 -33.85854281709 -0.013458 -0.012358 "Gaia EDR3 5588805749880785280" 0.3314 1.583 -0.686 0.304 1.427 0.331 19.91573 0.005002 20.67512 0.057661 19.22479 0.03639 1.450329 0.673769 0.06818374455102916
114.68242587331 -33.85600525156 -0.004192 -0.00982 "Gaia EDR3 5588805749880792064" 0.5896 0.854 -0.577 0.524 0.63 0.618 20.512133 0.007459 21.366919 0.111299 19.706722 0.087767 1.660196 0.37323 0.1417410092034059
114.69863869426 -33.84842312244 0.009273 -0.002238 "Gaia EDR3 5588806063413470336" 0.3837 0.968 0.13 0.364 0.959 0.375 19.895895 0.005003 20.603544 0.058128 19.15687 0.032387 1.446674 -0.024991999999999997 0.06654158213478245
114.67205703737 -33.86004734013 -0.012802 -0.013863 "Gaia EDR3 5588805754172238720" 0.2908 1.763 -0.419 0.273 1.713 0.286 19.71129 0.00434 20.251108 0.047816 18.987103 0.035351 1.264006 0.550362 0.059464805196014894
114.66206513996 -33.814857168 -0.02111 0.031326 "Gaia EDR3 5588818153748263424" 0.4358 1.541 -0.044 0.407 1.54 0.501 20.24223 0.005551 20.854662 0.163995 19.563797 0.057922 1.290865 0.507168 0.1739233109994172
114.63985114229 -33.84972644752 -0.03955 -0.00355 "Gaia EDR3 5588805994695410304" 0.9302 1.764 -0.443 0.979 1.707 1.084 20.681744 0.009306 21.22074 0.13635 20.054293 0.093386 1.166447 -0.525763 0.1652642353807986
114.70921671162 -33.86702084022 0.018054 -0.020837 "Gaia EDR3 5588805307495563648" 0.6618 1.363 0.064 0.616 1.362 0.761 20.405975 0.007038 21.179037 0.091022 19.69467 0.105704 1.484367 0.44672599999999996 0.13949315431231743
114.69217899875 -33.83835200957 0.003909 0.007834 "Gaia EDR3 5588806162197699968" 0.2186 0.724 -0.365 0.204 0.625 0.216 19.207104 0.003732 19.867237 0.030216 18.384274 0.01711 1.482964 0.469426 0.03472403715007804
114.72221851533 -33.84728220882 0.028857 -0.001101 "Gaia EDR3 5588805444933185152" 1.0318 0.636 -0.129 0.879 0.623 0.92 20.754276 0.010105 21.10527 0.103422 20.012156 0.085527 1.093115 0.27432799999999996 0.13420498430758823
114.72040861801 -33.85722736822 0.02735 -0.011046 "Gaia EDR3 5588805337563928576" 0.4391 0.967 -0.49 0.417 0.833 0.413 20.18316 0.005648 20.945156 0.086978 19.532997 0.056943 1.412159 0.7247549999999999 0.10395998140149891
114.69553852733 -33.82177125555 0.0067 0.024414 "Gaia EDR3 5588806471435388800" 0.4235 1.725 -0.541 0.432 1.638 0.403 20.16224 0.005532 20.84065 0.093993 19.45461 0.05394 1.38604 -0.61024 0.10837069552697352
114.67609271155 -33.8558539072 -0.009451 -0.009669 "Gaia EDR3 5588805754172224256" 0.3439 1.933 -0.697 0.326 1.803 0.332 19.899405 0.004665 20.785822 0.078752 19.220274 0.029453 1.565548 -0.347822 0.08407946665506388
114.71150418014 -33.83760713965 0.01996 0.008576 "Gaia EDR3 5588806200852820736" 0.4979 0.683 -0.137 0.45 0.67 0.495 20.25578 0.006622 21.164335 0.124914 19.519451 0.040697 1.644884 -0.339339 0.13137637993566423
114.68485400058 -33.83711882679 -0.002176 0.009067 "Gaia EDR3 5588806132127989632" 0.6008 1.772 -1.002 0.572 1.462 0.631 20.451418 0.007543 20.986555 0.085079 19.549194 0.051439 1.437361 -0.56264 0.09942035486760244
114.70214597959 -33.86200698719 0.012184 -0.015822 "Gaia EDR3 5588806063414867328" 0.3099 1.44 -0.237 0.29 1.421 0.299 19.590616 0.004273 20.447752 0.057554 18.705753 0.018096 1.741999 0.790193 0.06033181691280315
114.690404616 -33.84203185717 0.002435 0.004154 "Gaia EDR3 5588806132127985920" 0.2689 1.612 -0.435 0.289 1.552 0.312 19.088282 0.004851 19.06277 0.041074 17.581638 0.021374 1.481132 -0.654806 0.04630249833432317
