RA_ICRS DE_ICRS _x _y EDR3Name e_Plx PM pmRA e_pmRA pmDE e_pmDE Gmag e_Gmag BPmag e_BPmag RPmag e_RPmag BP-RP Plx_corr e_BP-RP
354.66754987898 56.63199037568 0.002945 -0.009524 "Gaia EDR3 1997853073386067840" 0.0359 1.597 -1.561 0.038 -0.335 0.033 16.177628 0.002791 16.990107 0.00455 15.297156 0.004176 1.69295 0.129583 0.006175878560982235
354.70008315948 56.67139482722 0.020817 0.029886 "Gaia EDR3 1997854001098974976" 0.0372 1.581 -1.529 0.039 -0.401 0.035 16.258844 0.002793 17.108858 0.005113 15.344759 0.00403 1.764099 0.157236 0.006510274110972594
354.68257876135 56.62325036975 0.011214 -0.018262 "Gaia EDR3 1997852867227650176" 0.0241 1.561 -1.503 0.026 -0.423 0.022 15.270357 0.002774 16.174515 0.004714 14.332829 0.003919 1.841685 0.159028 0.006130281967413897
354.67555868237 56.6443748016 0.007348 0.002861 "Gaia EDR3 1997853073386056320" 0.036 1.509 -1.468 0.038 -0.351 0.034 16.211964 0.002788 17.01488 0.005173 15.318961 0.004085 1.695918 0.136499 0.006591445516728482
354.7281519013 56.64785059559 0.036262 0.006354 "Gaia EDR3 1997853000363468800" 0.0763 1.645 -1.611 0.08 -0.333 0.079 17.395111 0.002871 18.17849 0.011318 16.516775 0.006739 1.661715 0.10125500000000001 0.013172366719766041
354.62367126085 56.67013487824 -0.021167 0.028627 "Gaia EDR3 1997854134234875648" 0.2105 1.595 -1.57 0.21 -0.281 0.2 19.23714 0.003606 19.909496 0.033746 18.587833 0.020015 1.321663 0.110398 0.039235095781710534
354.59204332382 56.65121487358 -0.038565 0.00972 "Gaia EDR3 1997853756277695616" 0.22 1.652 -1.597 0.216 -0.422 0.206 19.31485 0.003734 19.908644 0.040123 18.674551 0.017696 1.234093 0.057054 0.04385206431857
354.6537655859 56.61559423545 -0.004638 -0.02592 "Gaia EDR3 1997852828564631936" 0.1882 1.496 -1.446 0.198 -0.383 0.202 19.034197 0.003444 19.50066 0.029116 18.378923 0.017086 1.121736 0.122482 0.03375904104088266
354.66916751189 56.65366025062 0.003833 0.012146 "Gaia EDR3 1997853137802412032" 0.0953 1.575 -1.509 0.103 -0.451 0.091 18.093287 0.002972 18.670519 0.011881 17.430859 0.008176 1.23966 0.18931900000000002 0.014422383194188123
354.65317716028 56.60834985786 -0.004963 -0.033164 "Gaia EDR3 1997852764148567680" 0.0685 1.561 -1.505 0.077 -0.416 0.065 17.393147 0.004406 17.951145 0.021549 16.663534 0.012747 1.287611 0.044821 0.02503688099584291
354.71534944995 56.65849194128 0.029215 0.016989 "Gaia EDR3 1997853206521913216" 0.2736 1.52 -1.478 0.28 -0.357 0.282 19.610535 0.004085 20.145985 0.047058 18.942873 0.025394 1.203112 0.20531300000000002 0.05347252191546608
354.68392687628 56.64423549097 0.011949 0.002723 "Gaia EDR3 1997853069083388800" 0.1531 1.671 -1.605 0.161 -0.466 0.148 18.833458 0.003329 19.413815 0.029047 18.182745 0.0128 1.23107 0.126328 0.03174221493531918
354.66269374444 56.63964390563 0.000274 -0.00187 "Gaia EDR3 1997853073386057344" 0.0335 1.504 -1.457 0.036 -0.372 0.032 16.026718 0.002784 16.836428 0.004647 15.133344 0.004022 1.703084 0.066755 0.006145819148006228
354.67643840989 56.64559493633 0.007831 0.004082 "Gaia EDR3 1997853142105532288" 0.0361 1.485 -1.452 0.038 -0.308 0.034 16.200628 0.002791 17.005453 0.00486 15.309035 0.004142 1.696418 0.178926 0.00638559034075942
354.69599836085 56.63061563357 0.018593 -0.010894 "Gaia EDR3 1997852970306862336" 0.0477 1.499 -1.471 0.049 -0.286 0.043 16.690277 0.002806 17.448383 0.005868 15.838899 0.004441 1.609485 0.0837 0.007359069574341582
354.72068064853 56.63178408285 0.032168 -0.009716 "Gaia EDR3 1997852931643907840" 0.1297 1.706 -1.643 0.14 -0.46 0.127 18.561464 0.00313 19.065142 0.026998 17.88487 0.013054 1.180271 0.129923 0.02998831305692269
354.65617475397 56.63691688096 -0.003311 -0.004597 "Gaia EDR3 1997853034723139840" 0.1738 1.572 -1.495 0.187 -0.485 0.172 19.008768 0.003341 19.58655 0.028302 18.345436 0.018486 1.241114 0.167634 0.03380436954004615
354.71948209528 56.65055069917 0.031493 0.00905 "Gaia EDR3 1997853206521877888" 0.1399 1.629 -1.581 0.147 -0.395 0.136 18.68423 0.003131 19.251192 0.018971 17.975595 0.01523 1.275597 -0.0041519999999999994 0.024328003226734413
354.66858643778 56.64459641153 0.003514 0.003082 "Gaia EDR3 1997853137802391552" 0.0808 1.475 -1.418 0.093 -0.408 0.078 17.750715 0.002902 18.448206 0.011072 16.943954 0.006172 1.504252 0.100872 0.012676070684561521
354.68631383275 56.6452951529 0.013261 0.003783 "Gaia EDR3 1997853176466422656" 0.1196 1.665 -1.62 0.126 -0.38 0.112 18.39201 0.003078 18.942825 0.016855 17.728184 0.011329 1.214642 0.254304 0.020308551548547226
354.59797462523 56.63708836072 -0.035317 -0.004409 "Gaia EDR3 1997853481399740928" 0.1673 1.535 -1.452 0.181 -0.498 0.157 18.85617 0.003309 19.38265 0.025583 18.18519 0.018177 1.19746 0.132518 0.03138300842812875
354.66533546597 56.65141951933 0.001727 0.009905 "Gaia EDR3 1997853142096752768" 0.1964 1.654 -1.604 0.208 -0.402 0.192 19.08153 0.003392 19.547415 0.076322 18.435987 0.022246 1.111427 -0.030758999999999998 0.0794980012327354
354.65163577457 56.62511865909 -0.005809 -0.016395 "Gaia EDR3 1997853034723095040" 0.1094 1.473 -1.451 0.12 -0.254 0.107 18.274258 0.00299 18.844387 0.014613 17.61124 0.010754 1.233147 0.066799 0.018143546648877667
354.66265314652 56.62186641284 0.000252 -0.019648 "Gaia EDR3 1997852862924390784" 0.1162 1.651 -1.61 0.127 -0.366 0.12 18.331614 0.003023 18.995129 0.022071 17.564198 0.010851 1.430931 0.277102 0.024594170894746584
354.68090691992 56.64665094741 0.010288 0.005138 "Gaia EDR3 1997853073387207296" 0.0354 1.54 -1.526 0.038 -0.205 0.032 16.189726 0.002787 16.988317 0.0046 15.307075 0.00425 1.681243 0.141621 0.006262786919575023
354.67879429666 56.6320442571 0.00913 -0.009469 "Gaia EDR3 1997852862924436480" 0.1321 1.67 -1.652 0.141 -0.24 0.129 18.582815 0.003162 19.185783 0.020312 17.933947 0.011097 1.251837 0.112899 0.02314564220323126
354.62608591433 56.63681109133 -0.019858 -0.004698 "Gaia EDR3 1997853103442620672" 0.0868 1.451 -1.404 0.101 -0.366 0.083 17.788239 0.002944 18.573637 0.013249 16.907604 0.004997 1.666033 0.042743 0.014160014477393729
354.6751350596 56.64696361118 0.007115 0.00545 "Gaia EDR3 1997853137802865664" 0.1161 1.631 -1.544 0.126 -0.526 0.113 18.205986 0.003056 18.693571 0.017601 17.422398 0.013229 1.271173 0.047957 0.022018211598583567
354.64260935259 56.63918565119 -0.01077 -0.002327 "Gaia EDR3 1997853103442631680" 0.1365 1.421 -1.372 0.145 -0.37 0.132 18.574568 0.003188 19.169128 0.019369 17.881536 0.014669 1.287592 0.085717 0.024296866505786295
354.61316022702 56.64877017131 -0.026958 0.007266 "Gaia EDR3 1997853550119258880" 0.1421 1.514 -1.432 0.151 -0.492 0.142 18.54158 0.003119 19.06247 0.022962 17.863752 0.013521 1.198717 0.049583 0.02664715528907354
354.62318142954 56.64874042537 -0.021448 0.007232 "Gaia EDR3 1997853859356903936" 0.1883 1.562 -1.468 0.2 -0.534 0.194 19.121414 0.003465 19.750826 0.02791 18.469713 0.014784 1.281113 0.152967 0.0315837736187429
354.66643964966 56.63810585712 0.002334 -0.003408 "Gaia EDR3 1997853069082905344" 0.1821 1.716 -1.695 0.192 -0.267 0.178 19.06192 0.003336 19.576344 0.025688 18.303055 0.014772 1.273289 0.14108300000000001 0.02963250458533669
354.66629874374 56.64313562246 0.002257 0.001622 "Gaia EDR3 1997853137802864896" 0.1578 1.623 -1.598 0.171 -0.285 0.156 18.86657 0.003212 19.469416 0.020472 18.19799 0.015145 1.271425 -0.03226999999999999 0.02546514890983361
354.645563542 56.63867223771 -0.009146 -0.002841 "Gaia EDR3 1997853107737032576" 0.0631 1.755 -1.689 0.067 -0.476 0.059 16.940128 0.00285 17.67597 0.005913 16.03259 0.005252 1.643379 0.189247 0.007908670747982875
354.66391994925 56.62956814446 0.000949 -0.011946 "Gaia EDR3 1997853073386069376" 0.0875 1.481 -1.424 0.09 -0.408 0.087 17.862066 0.002912 18.380247 0.010152 17.169672 0.008791 1.210575 0.26579800000000003 0.013429251096021699
354.66699172426 56.64047964696 0.002638 -0.001034 "Gaia EDR3 1997853073386057728" 0.0925 1.652 -1.639 0.097 -0.214 0.088 17.989237 0.002944 18.581526 0.011137 17.202085 0.007689 1.37944 0.08432300000000001 0.01353342122303152
354.70699711584 56.62555097901 0.024646 -0.015955 "Gaia EDR3 1997852901587392640" 0.1156 1.767 -1.709 0.127 -0.45 0.106 18.292229 0.003043 18.925014 0.023284 17.505468 0.008335 1.419546 0.068535 0.024730889207628583
354.66213850711 56.64323578528 -3.1e-05 0.001722 "Gaia EDR3 1997853142096772096" 0.216 1.764 -1.716 0.229 -0.411 0.216 19.31097 0.003617 19.872496 0.038862 18.652925 0.021089 1.21957 0.20362599999999997 0.044215392851358906
354.71722648805 56.64897157852 0.030255 0.00747 "Gaia EDR3 1997852966003705600" 0.2698 1.47 -1.389 0.28 -0.481 0.268 19.647184 0.004008 20.122734 0.051304 18.96283 0.02834 1.159904 0.122884 0.05861105711382452
354.72543495195 56.62547109879 0.034789 -0.016027 "Gaia EDR3 1997849976706378496" 0.2066 1.402 -1.356 0.226 -0.353 0.189 19.177036 0.003703 19.721853 0.027421 18.497316 0.026997 1.224537 0.093232 0.038480504804381144
354.66600684162 56.65198334411 0.002096 0.010469 "Gaia EDR3 1997853137802408960" 0.1234 1.556 -1.509 0.129 -0.381 0.12 18.48472 0.003092 18.973955 0.020656 17.799723 0.009526 1.174233 -0.06645799999999999 0.022746758274532222
354.72082194502 56.61769145885 0.032258 -0.023809 "Gaia EDR3 1997849946649903616" 0.0384 1.77 -1.739 0.041 -0.331 0.037 16.241728 0.002789 17.041155 0.006089 15.35908 0.004115 1.682074 0.13326100000000002 0.007349091508479126
354.67465943911 56.63802493113 0.006855 -0.003489 "Gaia EDR3 1997853069082885120" 0.1644 1.609 -1.506 0.174 -0.567 0.162 18.93608 0.003367 19.530008 0.02507 18.28009 0.018819 1.249918 0.07034399999999999 0.03134740277917773
354.67731801765 56.65241160817 0.008313 0.010898 "Gaia EDR3 1997853142105526656" 0.1903 1.67 -1.638 0.202 -0.327 0.181 19.114742 0.003441 19.714949 0.035812 18.488102 0.018285 1.226847 -0.063658 0.04020995609298771
354.67241741711 56.64429354296 0.005621 0.00278 "Gaia EDR3 1997853137802391424" 0.1007 1.542 -1.534 0.111 -0.162 0.098 18.161913 0.00296 18.725672 0.013584 17.425467 0.00773 1.300205 0.146562 0.01562939397417571
354.68058411415 56.62836541575 0.010115 -0.013147 "Gaia EDR3 1997852867218928512" 0.2391 1.527 -1.442 0.267 -0.503 0.236 19.412382 0.003829 20.001537 0.041412 18.799885 0.029633 1.201653 0.254542 0.050922180167388746
354.67302716431 56.63043016932 0.005958 -0.011083 "Gaia EDR3 1997852862924421504" 0.1174 1.442 -1.37 0.126 -0.449 0.114 18.285297 0.003049 19.021936 0.017 17.52454 0.009902 1.497397 0.018517 0.019673576289022797
354.67694928558 56.63874038083 0.008114 -0.002773 "Gaia EDR3 1997853073386063744" 0.2188 1.673 -1.641 0.234 -0.327 0.211 19.31731 0.003592 19.96777 0.032631 18.718166 0.019537 1.249603 0.323096 0.038032571961412236
354.6367053665 56.65224834364 -0.014012 0.010737 "Gaia EDR3 1997853863651234816" 0.3906 1.606 -1.517 0.437 -0.526 0.367 19.952599 0.005091 "" "" "" "" "" 0.31531 ""
354.65517103426 56.64439780122 -0.003862 0.002884 "Gaia EDR3 1997853142096761344" 0.3086 1.499 -1.492 0.33 -0.141 0.286 19.683058 0.004213 20.219313 0.048091 18.90034 0.081892 1.318974 0.08785899999999999 0.09496864716842081
354.64389875114 56.65143329431 -0.010058 0.009921 "Gaia EDR3 1997853859356924032" 0.2557 1.748 -1.706 0.265 -0.382 0.254 19.581928 0.004009 20.147812 0.038795 18.93495 0.019815 1.212862 -0.058768999999999995 0.043562440817750334
354.64704524456 56.63792297067 -0.008331 -0.00359 "Gaia EDR3 1997853107737034752" 0.0976 1.793 -1.77 0.104 -0.289 0.093 18.035019 0.003086 18.426907 0.009308 17.466465 0.010014 0.960442 0.084376 0.013671834551368738
354.65251130543 56.62087265339 -0.005328 -0.020641 "Gaia EDR3 1997852828564651136" 0.1317 1.497 -1.483 0.14 -0.202 0.124 18.473469 0.003106 18.914864 0.015558 17.910788 0.009588 1.004076 0.28880500000000003 0.01827515001306419
354.66414732009 56.66771264072 0.001073 0.026199 "Gaia EDR3 1997853966739231872" 0.0676 1.66 -1.65 0.072 -0.181 0.062 17.430508 0.002856 17.994797 0.008445 16.713747 0.005431 1.28105 0.251801 0.010040606854169722
354.73231756796 56.65700908152 0.038543 0.015515 "Gaia EDR3 1997853206521904768" 0.1515 1.713 -1.703 0.166 -0.181 0.145 18.774294 0.003213 19.347046 0.026676 18.06974 0.014282 1.277306 0.089566 0.030258626869043476
354.67245803708 56.63773373551 0.005644 -0.00378 "Gaia EDR3 1997853069082885248" 0.1736 1.705 -1.696 0.182 -0.179 0.167 18.998072 0.003396 19.61776 0.023848 18.34528 0.019709 1.27248 0.17956499999999997 0.03093819298213779
354.62117524056 56.64788501141 -0.022552 0.006378 "Gaia EDR3 1997853481399782016" 0.1929 1.395 -1.322 0.204 -0.444 0.191 19.181273 0.003597 19.729643 0.03359 18.523104 0.018783 1.206539 0.033665 0.03848492157975641
354.67543863987 56.64222067391 0.007282 0.000707 "Gaia EDR3 1997853069082914560" 0.0961 1.719 -1.708 0.1 -0.197 0.091 18.030186 0.002956 18.302677 0.01405 17.616396 0.01123 0.686281 0.210161 0.017986533851745867
354.59233183698 56.63600820483 -0.038422 -0.005486 "Gaia EDR3 1997853447039998336" 0.1437 1.396 -1.384 0.147 -0.181 0.14 18.53474 0.00313 19.286543 0.027324 17.717482 0.01329 1.569061 0.063322 0.03038461906952266
354.66418377579 56.64272756522 0.001094 0.001213 "Gaia EDR3 1997853137802391680" 0.1525 1.43 -1.398 0.158 -0.299 0.149 18.73629 0.003146 19.277382 0.020921 18.04904 0.012814 1.228342 -0.076965 0.02453338209460734
354.63412143046 56.65482039618 -0.015431 0.013309 "Gaia EDR3 1997853928076399616" 0.182 1.761 -1.75 0.192 -0.202 0.18 19.110247 0.003468 19.68698 0.03372 18.439306 0.013557 1.247673 0.072576 0.036343233881975884
354.66972752304 56.65023709706 0.004141 0.008723 "Gaia EDR3 1997853142105526144" 0.2867 1.517 -1.452 0.294 -0.436 0.273 19.667011 0.004201 20.34227 0.12619 18.973671 0.038241 1.368599 0.368584 0.1318570824074308
354.65647395399 56.63941964872 -0.003146 -0.002094 "Gaia EDR3 1997853142096776448" 0.1375 1.522 -1.401 0.151 -0.593 0.133 18.49099 0.003219 18.89402 0.025131 17.675764 0.022189 1.218256 0.17405700000000002 0.03352489943310792
354.66426862297 56.6384880389 0.00114 -0.003026 "Gaia EDR3 1997853069089617536" 0.1498 1.463 -1.459 0.168 -0.111 0.145 18.398695 0.00367 18.889128 0.014336 17.637568 0.009892 1.25156 0.120003 0.01741759340437134
354.65517972352 56.64253053468 -0.003857 0.001017 "Gaia EDR3 1997853103442643968" 0.1967 1.664 -1.54 0.211 -0.629 0.191 19.164038 0.003632 19.738327 0.024694 18.498129 0.01659 1.240198 0.224052 0.029749314882867472
354.65973791815 56.6215531327 -0.001352 -0.019961 "Gaia EDR3 1997852862924390912" 0.162 1.6 -1.49 0.171 -0.583 0.161 18.843273 0.003385 19.406153 0.032215 18.195772 0.016222 1.210381 -0.050570000000000004 0.036068816296074925
354.71596639454 56.64923502113 0.029562 0.007732 "Gaia EDR3 1997853176456537728" 0.3262 1.621 -1.618 0.347 -0.099 0.318 19.827486 0.004438 20.384377 0.070153 19.199078 0.043408 1.185299 0.18711499999999998 0.0824966537078929
354.67677322378 56.63111470067 0.008019 -0.010399 "Gaia EDR3 1997852862924956416" 0.1485 1.322 -1.26 0.161 -0.4 0.146 18.75441 0.003366 19.346079 0.022469 18.115042 0.013297 1.231037 0.095495 0.026108737426386593
354.69524211206 56.61938309615 0.018183 -0.022127 "Gaia EDR3 1997852901578705664" 0.0992 1.396 -1.371 0.109 -0.26 0.095 18.1183 0.002982 18.663605 0.01902 17.47266 0.011956 1.190945 -0.076557 0.02246567016583302
354.69558596017 56.64871630858 0.018357 0.007207 "Gaia EDR3 1997853172162135040" 0.1703 1.646 -1.643 0.18 -0.097 0.165 18.973246 0.003337 19.477161 0.029151 18.235004 0.019433 1.242157 0.08631799999999999 0.035034587053367705
354.68226001362 56.63247337122 0.011036 -0.009039 "Gaia EDR3 1997852867218916352" 0.3396 1.354 -1.312 0.372 -0.336 0.316 19.791664 0.004476 20.339111 0.054709 18.876928 0.040465 1.462183 0.31231200000000003 0.06804771051255142
354.63894120659 56.65681792267 -0.012781 0.015306 "Gaia EDR3 1997853932379496192" 0.1056 1.342 -1.257 0.113 -0.47 0.106 18.23952 0.003037 18.929998 0.015366 17.359762 0.00826 1.570236 0.127918 0.017445387814548578
354.61142107807 56.63279407289 -0.027926 -0.00871 "Gaia EDR3 1997853481399722240" 0.315 1.768 -1.761 0.353 -0.151 0.291 19.707924 0.004363 20.349195 0.059595 19.006317 0.034801 1.342878 0.093585 0.06901212665901552
354.65782859036 56.61818901855 -0.002402 -0.023325 "Gaia EDR3 1997852832859201152" 0.3252 1.445 -1.379 0.359 -0.43 0.293 19.773846 0.004612 20.473444 0.058336 19.13611 0.029658 1.337334 -0.133512 0.06544223299979914
354.65283526204 56.64068302244 -0.005147 -0.000831 "Gaia EDR3 1997853107737033600" 0.1182 1.523 -1.444 0.124 -0.483 0.115 18.306313 0.003061 18.974386 0.016064 17.50313 0.011223 1.471256 -0.159497 0.019596117600177848
354.67665962883 56.64429242978 0.007953 0.002779 "Gaia EDR3 1997853073386056704" 0.2697 1.414 -1.304 0.278 -0.546 0.251 19.540688 0.00397 19.69695 0.090661 18.353022 0.055672 1.343929 -0.003870000000000002 0.106389795116825
354.6860032746 56.64637815722 0.01309 0.004866 "Gaia EDR3 1997853069083402752" 0.1088 1.416 -1.384 0.115 -0.302 0.104 18.280886 0.00306 19.048594 0.020199 17.468428 0.011318 1.580166 -0.147034 0.023153762653184473
354.6297991704 56.65177178562 -0.017809 0.010262 "Gaia EDR3 1997853859356915072" 0.1434 1.285 -1.229 0.153 -0.377 0.14 18.688839 0.003232 19.167267 0.02557 17.873877 0.016263 1.29339 0.204356 0.03030363128405571
354.63889059275 56.63766057742 -0.012816 -0.003851 "Gaia EDR3 1997853103442624128" 0.2505 1.71 -1.563 0.258 -0.693 0.238 19.403168 0.00402 19.98705 0.039665 18.690826 0.024268 1.296223 0.055896 0.04649997902150064
354.64923448813 56.66862413457 -0.007121 0.027111 "Gaia EDR3 1997853932370680576" 0.294 1.883 -1.837 0.307 -0.413 0.286 19.68482 0.004226 20.104687 0.062425 18.840282 0.040841 1.264404 0.282165 0.07459804223972637
354.66140502005 56.65006912083 -0.000434 0.008555 "Gaia EDR3 1997853137802401408" 0.2806 1.879 -1.856 0.308 -0.29 0.268 19.583355 0.004438 20.059452 0.034005 18.625744 0.021953 1.433708 0.045849 0.04047560047732461
354.66650744639 56.6079242879 0.002374 -0.03359 "Gaia EDR3 1997852798499496960" 0.3106 1.328 -1.277 0.334 -0.366 0.302 19.704561 0.004266 20.344011 0.085334 18.929794 0.041757 1.414217 -0.06544 0.09500283472086504
354.6406753985 56.64463163762 -0.011832 0.003119 "Gaia EDR3 1997853863651257984" 0.1496 1.763 -1.751 0.205 -0.207 0.179 18.383821 0.003286 "" "" "" "" "" 0.34543999999999997 ""
354.68339985417 56.63788026068 0.011661 -0.003632 "Gaia EDR3 1997853069082884224" 0.1125 1.33 -1.318 0.122 -0.177 0.105 18.254026 0.003037 18.815468 0.013615 17.58777 0.008802 1.227697 -0.031665 0.01621244673082999
354.61962785775 56.63470761741 -0.023411 -0.006799 "Gaia EDR3 1997852725485498880" 0.1197 1.497 -1.35 0.129 -0.646 0.116 18.400038 0.003062 19.235462 0.017647 17.525564 0.009778 1.709898 0.199798 0.020174882725805372
354.62634296518 56.6381103485 -0.019716 -0.003399 "Gaia EDR3 1997853859357369984" 0.2562 1.678 -1.677 0.269 -0.042 0.244 19.480621 0.003963 20.041851 0.04381 18.852264 0.027427 1.189587 0.085403 0.05168710118588583
354.67356713069 56.67077376023 0.006249 0.02926 "Gaia EDR3 1997853962436185088" 0.1007 1.3 -1.241 0.107 -0.385 0.097 18.064838 0.003024 18.649374 0.015603 17.332499 0.00987 1.316876 0.31098000000000003 0.018462678814299947
354.69844574652 56.64147551463 0.019934 -3.3e-05 "Gaia EDR3 1997852966003680768" 0.1439 1.377 -1.248 0.148 -0.581 0.136 18.665474 0.003151 19.191158 0.023842 17.988033 0.012505 1.203125 0.142613 0.026922406820342047
354.63459307575 56.63585932453 -0.01518 -0.005652 "Gaia EDR3 1997853103442612096" 0.5658 1.442 -1.319 0.604 -0.583 0.513 20.419968 0.006425 21.051975 0.113522 19.69632 0.049909 1.355656 0.328386 0.12400868020021824
354.6657134511 56.6371667316 0.001935 -0.004347 "Gaia EDR3 1997853073377315456" 0.3837 1.71 -1.696 0.438 -0.218 0.381 19.485966 0.005451 19.67033 0.044386 18.405468 0.020759 1.264862 0.42055200000000004 0.04900054159904766
354.68852764331 56.64401322674 0.014479 0.002502 "Gaia EDR3 1997853176456528000" 0.2375 1.263 -1.231 0.241 -0.285 0.221 19.406393 0.003761 20.06067 0.039356 18.717566 0.027372 1.343105 0.29802 0.04793872255285908
354.62932711847 56.67437725203 -0.018057 0.032867 "Gaia EDR3 1997854134234886016" 0.4774 1.221 -1.173 0.526 -0.339 0.451 20.118967 0.005388 20.768557 0.10851 19.456482 0.050995 1.312075 0.154293 0.11989541327757287
354.6710771047 56.63659870116 0.004885 -0.004915 "Gaia EDR3 1997853073377323008" 0.2259 1.94 -1.853 0.242 -0.574 0.222 19.392544 0.003636 19.833817 0.049842 18.722128 0.023047 1.111689 0.211861 0.05491255933755046
354.67168305052 56.62627539115 0.005219 -0.015238 "Gaia EDR3 1997852867218927616" 0.1102 1.294 -1.208 0.118 -0.466 0.106 18.257608 0.003041 19.002914 0.024707 17.3892 0.008126 1.613714 -0.008181999999999998 0.026008993156214254
354.65165259785 56.62966499656 -0.005799 -0.011849 "Gaia EDR3 1997853034723118720" 0.1764 1.565 -1.565 0.189 -0.047 0.175 18.961596 0.003432 19.532211 0.028515 18.301638 0.01863 1.230574 -0.07497 0.03406144631397792
354.72884841902 56.63240649621 0.03666 -0.00909 "Gaia EDR3 1997852931643902080" 0.24 1.38 -1.378 0.252 -0.061 0.234 19.369532 0.003739 19.941273 0.04272 18.630846 0.026079 1.310427 0.263274 0.05005110029759586
354.70004555235 56.63158435393 0.020819 -0.009924 "Gaia EDR3 1997852970298149760" 0.3673 1.742 -1.67 0.37 -0.495 0.323 19.881529 0.004699 20.524755 0.060866 19.21261 0.043201 1.312145 -0.212324 0.0746391074236556
354.66339085081 56.63454750624 0.000658 -0.006967 "Gaia EDR3 1997853069082868992" 0.3806 1.678 -1.665 0.386 -0.213 0.349 19.725288 0.004715 19.867641 0.076359 18.661278 0.05514 1.206364 -0.194561 0.09418660457304955
354.65776976951 56.64378464735 -0.002433 0.002271 "Gaia EDR3 1997853142096762624" 0.1757 1.363 -1.242 0.278 -0.561 0.18 18.757206 0.003489 "" "" "" "" "" 0.26437499999999997 ""
354.67962254496 56.66469345353 0.009577 0.023181 "Gaia EDR3 1997853898010970624" 0.1678 1.579 -1.562 0.169 -0.231 0.162 18.907269 0.003267 19.272608 0.023228 18.057875 0.015164 1.214733 0.481765 0.027739626529569572
354.66389548279 56.63428942422 0.000935 -0.007225 "Gaia EDR3 1997853073377322880" 0.3573 1.638 -1.457 0.431 -0.749 0.366 19.717176 0.00502 19.766693 0.060821 18.572914 0.045286 1.193779 0.19872399999999998 0.07582885886652917
354.65533254623 56.67633365727 -0.00377 0.03482 "Gaia EDR3 1997854168594630656" 0.161 1.931 -1.828 0.164 -0.623 0.155 18.867367 0.003243 19.39628 0.036295 18.195549 0.020346 1.200731 0.006792999999999999 0.04160873395093871
354.64299464272 56.6416293267 -0.010558 0.000117 "Gaia EDR3 1997853103442632960" 0.2908 1.624 -1.622 0.311 -0.082 0.282 19.711664 0.004359 20.344051 0.056934 19.064878 0.037743 1.279173 0.38036800000000004 0.0683082308730068
354.71025275855 56.60830292091 0.026449 -0.033202 "Gaia EDR3 1997849873627107328" 0.3764 1.431 -1.272 0.402 -0.654 0.342 19.938774 0.004915 20.46404 0.08108 19.277248 0.048187 1.186792 0.053359000000000004 0.09431836178072645
354.66062526661 56.63836125615 -0.000863 -0.003153 "Gaia EDR3 1997853069082905472" 0.1562 1.955 -1.937 0.165 -0.258 0.153 18.751585 0.003194 19.288307 0.018648 18.072697 0.011953 1.21561 0.101624 0.02214999126410663
354.65861166838 56.63961815095 -0.00197 -0.001896 "Gaia EDR3 1997853142105532928" 0.1365 1.773 -1.757 0.138 -0.236 0.141 18.42127 0.003442 "" "" "" "" "" -0.209834 ""
354.71435757753 56.62479400638 0.028696 -0.016709 "Gaia EDR3 1997852901583205632" 0.8106 1.653 -1.65 1.011 -0.094 0.741 20.559872 0.008044 20.049255 0.142727 19.171764 0.172135 0.877491 -0.146498 0.2236100506551528
354.62318939654 56.62849005929 -0.021456 -0.013018 "Gaia EDR3 1997852725485462272" 0.1967 1.705 -1.695 0.214 -0.183 0.19 19.091856 0.003523 19.610064 0.032945 18.436026 0.016762 1.174038 -0.220678 0.036964005045449284
354.62228477327 56.62137540997 -0.021957 -0.020132 "Gaia EDR3 1997852656766525184" 0.2325 1.307 -1.306 0.248 -0.03 0.229 19.446703 0.003696 20.04005 0.052581 18.77118 0.018764 1.268871 0.17363699999999999 0.055828749377001094
354.66977057288 56.61549991569 0.004169 -0.026014 "Gaia EDR3 1997852794204959872" 0.2984 1.617 -1.616 0.339 0.047 0.285 19.550741 0.00423 20.154154 0.101971 18.986689 0.054307 1.167465 0.21632800000000002 0.11553066731392146
354.65623010521 56.64362381028 -0.00328 0.00211 "Gaia EDR3 1997853142096762752" 0.3753 1.754 -1.592 0.433 -0.735 0.363 19.947771 0.004855 20.452085 0.165916 19.15778 0.131346 1.294306 -0.11960599999999999 0.21161259596725332
354.63872610965 56.64102954506 -0.012905 -0.000482 "Gaia EDR3 1997853103442631808" 0.2213 1.53 -1.351 0.227 -0.717 0.215 19.163498 0.003685 19.712748 0.029449 18.39554 0.019745 1.317207 0.316526 0.03545572768961314
354.7167582219 56.62707400286 0.030015 -0.014428 "Gaia EDR3 1997852901588524416" 0.1052 2.02 -1.931 0.114 -0.591 0.099 18.117302 0.002986 18.692682 0.016381 17.40785 0.010603 1.284832 0.037027000000000004 0.019513092271600623
354.63571405253 56.6471065129 -0.014559 0.005595 "Gaia EDR3 1997853859356895872" 0.2109 1.417 -1.257 0.223 -0.654 0.206 19.16147 0.003488 19.679705 0.037314 18.443434 0.015181 1.236271 0.32432900000000003 0.04028395905320131
354.65760263286 56.63299266591 -0.002526 -0.008521 "Gaia EDR3 1997853069082861696" 0.2144 1.535 -1.348 0.238 -0.735 0.203 19.23714 0.003591 19.786375 0.027092 18.581944 0.019607 1.204432 -0.062220000000000004 0.03344265110603524
354.68561362145 56.62663630233 0.012883 -0.014876 "Gaia EDR3 1997852862924436224" 0.1302 1.182 -1.177 0.145 -0.111 0.128 18.436243 0.003163 18.750618 0.020797 17.922857 0.012806 0.827761 0.15948900000000002 0.024423530559687722
354.63106001696 56.64955691113 -0.017117 0.008047 "Gaia EDR3 1997853859356915200" 0.2856 1.749 -1.746 0.295 -0.095 0.281 19.642197 0.004169 20.177841 0.044276 18.894157 0.023914 1.283684 -0.182608 0.050321402722897146
354.63625573816 56.6650280375 -0.014254 0.023517 "Gaia EDR3 1997853932370680448" 0.288 1.764 -1.707 0.298 -0.444 0.277 19.710138 0.004139 20.338116 0.045532 18.99365 0.030387 1.344465 -0.310397 0.05474059547538737
354.7152097578 56.63336240676 0.029158 -0.00814 "Gaia EDR3 1997852901578679424" 0.2117 1.168 -1.073 0.225 -0.462 0.212 19.14157 0.003581 19.659437 0.041108 18.317247 0.056274 1.34219 0.09169000000000001 0.06968953106457239
354.59808138259 56.62533750605 -0.03527 -0.01616 "Gaia EDR3 1997852725485453568" 0.1366 1.99 -1.978 0.144 -0.217 0.132 18.507849 0.00314 19.124413 0.023891 17.81782 0.011744 1.306593 -0.062438 0.02662144656099664
354.63114317859 56.65463474494 -0.017069 0.013124 "Gaia EDR3 1997853932370700160" 0.4211 1.37 -1.205 0.44 -0.652 0.403 20.143465 0.005317 20.892809 0.066709 19.44507 0.04185 1.447739 -0.08781399999999999 0.0787496868628695
354.64760554051 56.66420977032 -0.008017 0.022697 "Gaia EDR3 1997853928076427264" 0.4585 1.155 -1.062 0.478 -0.455 0.428 20.205036 0.005285 20.969324 0.072799 19.380867 0.034754 1.588457 0.213442 0.08066929351990136
354.67107144362 56.63591656164 0.004882 -0.005597 "Gaia EDR3 1997853073386064128" 0.2604 1.217 -1.214 0.271 -0.085 0.241 19.505066 0.003842 19.848846 0.151244 18.796295 0.035525 1.052551 -0.12028499999999999 0.1553601401936803
354.68464589261 56.66833234234 0.012337 0.02682 "Gaia EDR3 1997854001100137600" 0.2214 1.481 -1.481 0.226 -0.006 0.218 19.370384 0.003617 20.036564 0.046948 18.574627 0.022562 1.461937 0.46099 0.05208798851942739
354.63567992937 56.62320711278 -0.014587 -0.018304 "Gaia EDR3 1997853034723088000" 0.3257 1.733 -1.631 0.365 -0.587 0.315 19.81632 0.004545 20.439781 0.051797 19.13036 0.033843 1.309422 0.57399 0.06187307862067314
354.634614742 56.64958174158 -0.015162 0.008071 "Gaia EDR3 1997853863651239936" 0.2727 1.753 -1.717 0.293 -0.356 0.263 19.522745 0.004054 19.924158 0.154442 18.75191 0.028865 1.172249 0.6087830000000001 0.157116261376727
354.64645797678 56.62083766651 -0.008658 -0.020675 "Gaia EDR3 1997853039017614720" 0.3806 1.945 -1.901 0.388 -0.408 0.364 19.806007 0.004916 19.262737 0.126423 18.160711 0.082806 1.102026 0.496207 0.15112778885764194
354.67691792607 56.64095213036 0.008096 -0.000561 "Gaia EDR3 1997853073377312768" 0.4195 1.465 -1.464 0.464 -0.062 0.385 20.093393 0.005198 20.847538 0.073331 19.464966 0.041889 1.382572 -0.276129 0.08445190277311695
354.65437609558 56.65121984585 -0.004298 0.009706 "Gaia EDR3 1997853898010988288" 0.226 2.027 -2.003 0.239 -0.309 0.226 19.406202 0.003704 19.907661 0.040922 18.653584 0.021775 1.254078 0.39003 0.0463547269326441
354.68701038672 56.63019155372 0.01365 -0.01132 "Gaia EDR3 1997852867218928384" 0.3984 1.768 -1.626 0.445 -0.696 0.38 19.96415 0.004894 20.546429 0.067822 19.059835 0.069991 1.486593 -0.292732 0.09746057543950784
354.64670295471 56.65775614385 -0.008515 0.016243 "Gaia EDR3 1997853863660020224" 0.1983 1.196 -1.151 0.206 -0.327 0.198 19.158894 0.003437 19.693985 0.028277 18.488981 0.016426 1.205004 0.490335 0.032701715627777087
354.59996674768 56.61736812042 -0.03424 -0.02413 "Gaia EDR3 1997852725485423360" 0.2064 1.448 -1.216 0.221 -0.786 0.202 19.14934 0.003531 19.766277 0.026479 18.477983 0.020318 1.288294 0.24471299999999999 0.03337601781219563
354.70367836162 56.670903834 0.022793 0.029397 "Gaia EDR3 1997853996795925376" 0.288 1.926 -1.925 0.307 0.027 0.293 19.604378 0.004105 20.188457 0.05544 18.802364 0.028147 1.386093 0.11034 0.06217593754017707
354.66299588837 56.6249996793 0.000441 -0.016514 "Gaia EDR3 1997852867218923648" 0.3402 2.069 -2.062 0.348 -0.172 0.323 19.784885 0.004391 20.366907 0.066258 19.116575 0.030787 1.250332 0.160064 0.07306135731698392
354.65506770958 56.61407857757 -0.003922 -0.027435 "Gaia EDR3 1997852832859211648" 0.4832 1.701 -1.43 0.549 -0.921 0.408 20.115776 0.005394 21.02194 0.084117 19.425514 0.038471 1.596426 0.13839800000000002 0.09249695957165294
354.66019507596 56.64673629636 -0.001099 0.005222 "Gaia EDR3 1997853137802392064" 0.4403 1.39 -1.322 0.477 -0.429 0.42 20.143759 0.005551 21.03766 0.076531 19.620888 0.044676 1.416773 -0.39149900000000004 0.08861680956229467
354.65675723585 56.62714941548 -0.002991 -0.014365 "Gaia EDR3 1997853034723101056" 0.2232 1.859 -1.634 0.245 -0.885 0.22 19.29328 0.003644 19.972004 0.03289 18.587593 0.019092 1.384411 -0.113814 0.03802968004072609
354.72595820773 56.62116160418 0.035081 -0.020336 "Gaia EDR3 1997849976706363904" 0.1842 2.007 -2.006 0.188 -0.045 0.168 19.014452 0.003444 19.612474 0.032308 18.295538 0.018843 1.316936 -0.019922000000000002 0.03740141057500372
354.67072641149 56.62814350425 0.004693 -0.01337 "Gaia EDR3 1997852862924415616" 0.1017 1.518 -1.264 0.11 -0.842 0.097 18.124966 0.00313 18.710854 0.012166 17.359928 0.009867 1.350925 -0.106738 0.015664266500541927
354.70786940621 56.64773002048 0.025111 0.006224 "Gaia EDR3 1997853176465277440" 0.2691 1.808 -1.808 0.282 0.009 0.261 19.544262 0.003921 20.19065 0.048074 18.857035 0.025198 1.333616 -0.26249500000000003 0.05427751541844929
354.62544033438 56.66518518704 -0.020198 0.023676 "Gaia EDR3 1997854138537917440" 0.1631 2.176 -2.113 0.168 -0.519 0.159 18.917946 0.003324 19.613115 0.033257 18.091873 0.014301 1.521242 0.284976 0.03620147303632823
354.63809068124 56.6555772448 -0.013249 0.014065 "Gaia EDR3 1997853928076407168" 0.2796 1.842 -1.84 0.295 -0.099 0.272 19.66774 0.003997 20.139542 0.041126 18.99294 0.022609 1.146601 0.579312 0.04693095734160981
354.6734760121 56.61885371094 0.006207 -0.02266 "Gaia EDR3 1997852794209987200" 0.3345 1.65 -1.649 0.407 0.067 0.295 19.704882 0.004359 20.384995 0.123247 18.966381 0.044965 1.418613 -0.30644 0.13119327053625884
354.63700601351 56.62547756984 -0.013857 -0.016034 "Gaia EDR3 1997853034723097216" 0.2723 1.049 -0.926 0.293 -0.492 0.256 19.559593 0.004088 20.213951 0.047857 18.906824 0.032616 1.307127 0.213271 0.05791455693519549
354.68523627948 56.63234506836 0.012673 -0.009167 "Gaia EDR3 1997852867218919424" 0.2131 1.346 -1.22 0.228 -0.57 0.205 19.268753 0.003696 19.840431 0.034369 18.51979 0.022027 1.320641 0.6550680000000001 0.040821769804848
354.64807148323 56.61868721958 -0.007771 -0.022826 "Gaia EDR3 1997852832859191552" 0.3271 1.222 -1.222 0.346 0.016 0.308 19.748991 0.004439 20.09677 0.060639 18.936699 0.026121 1.16007 -0.295264 0.06602571439977004
354.63508131216 56.67789136708 -0.014895 0.03638 "Gaia EDR3 1997854138533712384" 0.622 2.152 -2.146 0.716 -0.162 0.618 20.474497 0.006495 20.946209 0.115449 19.872097 0.08527 1.074112 -0.077095 0.14352506575856358
354.62623845323 56.61791530746 -0.019784 -0.023594 "Gaia EDR3 1997852656765946496" 0.1792 2.082 -1.973 0.186 -0.664 0.177 19.069744 0.003476 19.824522 0.039275 18.304731 0.013817 1.519791 0.552717 0.04163454231764773
354.64566092139 56.63012080333 -0.009094 -0.011392 "Gaia EDR3 1997853039027470976" 0.2751 2.23 -2.125 0.3 -0.675 0.237 19.348413 0.004249 19.394941 0.083577 18.24585 0.060065 1.149092 -0.042932 0.10292190803711326
354.65921426851 56.60513081099 -0.001641 -0.036383 "Gaia EDR3 1997852759845119488" 0.2925 1.728 -1.705 0.318 -0.281 0.286 19.617117 0.00416 20.255795 0.083763 18.938509 0.038258 1.317286 0.772994 0.0920864524943816
354.65714471026 56.63856181887 -0.002777 -0.002952 "Gaia EDR3 1997853142096779392" 0.3837 2.207 -2.123 0.455 -0.602 0.358 19.957586 0.004734 20.300734 0.083249 19.172163 0.048492 1.128571 -0.152641 0.09634246241922613
354.67897350331 56.63396055864 0.009228 -0.007552 "Gaia EDR3 1997853069082867200" 0.4681 1.457 -1.398 0.5 -0.408 0.425 20.191565 0.005622 20.926132 0.109108 19.541683 0.04304 1.384449 0.814862 0.11729022663461777
354.6745582667 56.64062453973 0.006799 -0.000889 "Gaia EDR3 1997853073377311744" 0.2906 1.915 -1.905 0.305 -0.191 0.281 19.64594 0.004032 20.205708 0.041616 18.933441 0.030298 1.272266 -0.454472 0.05147679341217749
354.64857223196 56.66261940676 -0.007487 0.021106 "Gaia EDR3 1997853928076422016" 0.3841 1.848 -1.848 0.437 0.034 0.385 20.064054 0.005079 20.680593 0.058574 19.409851 0.03929 1.270742 0.6219020000000001 0.07053096891437123
354.6864043581 56.66509815505 0.013304 0.023586 "Gaia EDR3 1997853996795907584" 0.1469 2.283 -2.244 0.153 -0.419 0.144 18.752129 0.003187 19.165192 0.030558 18.048407 0.01196 1.116785 0.227179 0.032815133155298944
354.68913683732 56.65610322038 0.014809 0.014592 "Gaia EDR3 1997853240881634816" 0.4225 1.92 -1.817 0.429 -0.621 0.399 20.121311 0.005111 20.581497 0.080197 19.521578 0.054392 1.059919 0.76089 0.0969022624761672
354.63436757417 56.62128556447 -0.01531 -0.020225 "Gaia EDR3 1997853039017597696" 0.4106 1.743 -1.741 0.473 0.092 0.365 20.054848 0.005086 20.651089 0.082423 19.488682 0.058514 1.162407 -0.43775000000000003 0.10108134904620139
354.5977962828 56.64776448103 -0.035405 0.006267 "Gaia EDR3 1997853554418145536" 0.7366 2.165 -2.148 0.805 -0.264 0.641 20.571178 0.007733 20.85483 0.194465 19.540417 0.063254 1.314413 -0.291659 0.20449377677816996
354.63917039743 56.62890742051 -0.012665 -0.012605 "Gaia EDR3 1997853039021430272" 0.5791 1.151 -1.151 0.627 0.002 0.498 20.297966 0.005906 20.84572 0.134048 19.659262 0.082475 1.186459 -0.391351 0.15738802981484964
354.67058248997 56.65072881593 0.004611 0.009215 "Gaia EDR3 1997853142096757760" 0.1926 2.077 -2.074 0.198 0.118 0.182 19.078836 0.003501 19.632164 0.027027 18.371832 0.014802 1.260332 -0.147125 0.030814897906694415
