RA_ICRS DE_ICRS _x _y EDR3Name e_Plx PM pmRA e_pmRA pmDE e_pmDE Gmag e_Gmag BPmag e_BPmag RPmag e_RPmag BP-RP Plx_corr e_BP-RP
103.30688224862 16.93044142903 0.037686 0.003334 "Gaia EDR3 3358219127561587072" 0.0399 1.036 0.189 0.04 -1.018 0.033 15.398578 0.002816 "" "" "" "" "" 0.07769799999999999 ""
103.28359613196 16.92793435912 0.01541 0.000824 "Gaia EDR3 3358218818323950976" 0.0529 1.057 0.13 0.063 -1.049 0.056 16.30742 0.002832 16.82627 0.005671 15.629396 0.005276 1.196873 0.044587999999999996 0.007745735407306397
103.25660878094 16.93927995781 -0.010408 0.01217 "Gaia EDR3 3358219058841587072" 0.0514 1.013 0.157 0.059 -1.001 0.052 16.365221 0.002837 16.900612 0.00587 15.68446 0.00525 1.216152 0.08751 0.00787523967889232
103.26820658974 16.93172388973 0.000687 0.004613 "Gaia EDR3 3358218990122108160" 0.0188 1.073 0.121 0.021 -1.066 0.019 13.684941 0.00284 14.591897 0.004674 12.689275 0.005045 1.902622 0.08077400000000001 0.006877376025781926
103.31539998447 16.93822584818 0.045833 0.011121 "Gaia EDR3 3358219127561579648" 0.0261 1.054 0.131 0.03 -1.046 0.025 15.043481 0.002774 15.638188 0.003115 14.310752 0.00407 1.327436 0.129584 0.005125243896635554
103.26612750797 16.9210442605 -0.001302 -0.006066 "Gaia EDR3 3358218887043437952" 0.0193 1.042 0.1 0.023 -1.037 0.02 14.044648 0.002785 14.870075 0.003486 13.14 0.00392 1.730075 0.059474 0.005245817000239334
103.27840745971 16.91680857976 0.010447 -0.010302 "Gaia EDR3 3358218779666660480" 0.2706 1.026 0.098 0.282 -1.022 0.251 18.99583 0.004077 19.337702 0.026842 18.592226 0.020253 0.745476 0.046928 0.033625540486362446
103.26430402942 16.91902920018 -0.003047 -0.008082 "Gaia EDR3 3358218882745925376" 0.0511 1.003 0.118 0.059 -0.996 0.053 16.30558 0.002819 16.823748 0.006614 15.630431 0.004712 1.193316 0.024092000000000002 0.00812083370104326
103.26817790606 16.92691065314 0.00066 -0.0002 "Gaia EDR3 3358218990120586240" 0.0562 1.098 0.172 0.067 -1.084 0.056 16.434587 0.002857 16.994076 0.00679 15.726921 0.005617 1.267155 0.010397 0.00881219546991554
103.26671952166 16.92991937876 -0.000736 0.002809 "Gaia EDR3 3358218985827125248" 0.3631 1.102 0.175 0.384 -1.088 0.282 19.15916 0.004849 19.275026 0.041166 18.596584 0.046626 0.678442 -0.016033999999999996 0.06219825907531496
103.27360410043 16.92898027253 0.005851 0.00187 "Gaia EDR3 3358218985831634176" 0.2636 0.968 0.126 0.56 -0.96 0.54 18.555922 0.003864 18.78093 0.034346 18.086096 0.025992 0.694834 0.085715 0.0430724016047399
103.25611396386 16.91715367339 -0.010882 -0.009957 "Gaia EDR3 3358218887043444224" 0.0426 1.045 0.106 0.051 -1.039 0.043 15.907587 0.002809 16.468359 0.005929 15.200788 0.004686 1.267571 -0.00011499999999999705 0.007557224159703085
103.26376814487 16.93228004559 -0.003559 0.005169 "Gaia EDR3 3358219058841587200" 0.0844 1.058 0.191 0.114 -1.04 0.107 17.23456 0.003009 17.657536 0.014787 16.49197 0.012304 1.165566 0.154329 0.019236522164882093
103.2837438585 16.96318922516 0.015548 0.036079 "Gaia EDR3 3358219466863219200" 0.0897 1.085 0.199 0.127 -1.067 0.111 17.375866 0.002958 17.8825 0.01218 16.70347 0.009481 1.179029 -0.027075 0.015435082150737002
103.26810578717 16.93421025842 0.000591 0.0071 "Gaia EDR3 3358218990122107008" 0.0599 1.15 0.159 0.069 -1.139 0.059 16.329367 0.00284 16.858185 0.006819 15.648729 0.005021 1.209456 0.058218000000000006 0.008468128600818484
103.27964802138 16.95359669552 0.011631 0.026486 "Gaia EDR3 3358219471158430208" 0.0169 1.012 0.063 0.02 -1.01 0.018 13.868669 0.002796 14.758498 0.004253 12.94604 0.003935 1.812458 0.110125 0.005794155158433367
103.26793193125 16.92768275083 0.000424 0.000572 "Gaia EDR3 3358218990122650368" 0.0532 1.011 0.07 0.063 -1.009 0.053 16.338844 0.002842 16.847887 0.005824 15.641472 0.0078 1.206415 0.118198 0.009734422222196858
103.26953822752 16.93333373655 0.001961 0.006223 "Gaia EDR3 3358218985825139584" 0.0337 1.083 0.065 0.039 -1.081 0.035 15.480356 0.002808 15.966926 0.004782 14.798675 0.004281 1.168251 0.029425000000000003 0.0064182929973630835
103.28039373265 16.91242412098 0.012347 -0.014686 "Gaia EDR3 3358218783962160640" 0.1315 1.101 0.159 0.149 -1.089 0.128 17.966957 0.00327 18.371956 0.019452 17.226868 0.011602 1.145088 -0.049107 0.022649209875843353
103.27453585729 16.93388745205 0.006742 0.006777 "Gaia EDR3 3358218985825124608" 0.2607 1.034 0.062 0.629 -1.032 0.626 18.66259 0.003923 19.107061 0.024967 18.133083 0.01629 0.973978 -0.027107 0.029811326521978185
103.24987503619 16.92801365486 -0.01685 0.000904 "Gaia EDR3 3358218951467139456" 0.3313 0.991 0.162 0.351 -0.978 0.286 19.081133 0.004316 19.41513 0.048828 18.685572 0.05156 0.729559 -0.06512300000000001 0.07101131729520302
103.30663847646 16.9234049104 0.037455 -0.003702 "Gaia EDR3 3358218745306932224" 0.0872 0.961 0.063 0.121 -0.959 0.117 17.33499 0.003106 17.452705 0.008533 17.176975 0.013424 0.27573 0.095719 0.015906472424770994
103.27404213275 16.91968711988 0.00627 -0.007424 "Gaia EDR3 3358218779673204992" 0.2588 0.989 0.248 0.352 -0.957 0.33 18.841026 0.004026 19.021465 0.031933 18.39937 0.028153 0.622095 -0.013587000000000002 0.04257120973146054
103.26263505489 16.9245801705 -0.004643 -0.002531 "Gaia EDR3 3358218882745926912" 0.1066 0.905 0.144 0.147 -0.894 0.129 17.48871 0.003101 17.910881 0.016367 16.802252 0.00941 1.108629 0.060222 0.01887926876232234
103.26611841109 16.92596250354 -0.001311 -0.001148 "Gaia EDR3 3358218990122651648" 0.0618 1.159 0.146 0.074 -1.149 0.062 16.648033 0.00286 17.186344 0.008426 15.947308 0.007149 1.239037 0.161462 0.011050143754721022
103.26862422263 16.96249850486 0.001086 0.035388 "Gaia EDR3 3358220222775771776" 0.0504 0.901 0.157 0.055 -0.888 0.049 16.166908 0.002818 16.706347 0.005693 15.477402 0.004479 1.228945 0.103397 0.007243734534064595
103.2594806295 16.92777489452 -0.007661 0.000664 "Gaia EDR3 3358218955759630336" 0.27 0.905 0.079 0.328 -0.902 0.337 18.890106 0.004419 19.222872 0.035392 18.4919 0.036644 0.730972 0.020156 0.05094483683357912
103.26534771131 16.90869071752 -0.002048 -0.01842 "Gaia EDR3 3358218676587421056" 0.2764 1.1 0.313 0.286 -1.055 0.251 18.977318 0.004433 19.361433 0.042185 18.36811 0.035725 0.993322 0.099161 0.05527974176857197
103.25611355369 16.91899558919 -0.010882 -0.008115 "Gaia EDR3 3358218882745926400" 0.0754 1.051 0.011 0.09 -1.051 0.074 16.998648 0.002914 17.540758 0.011317 16.317839 0.005903 1.222919 0.126216 0.012764007912877523
103.28904926719 16.95620436784 0.020624 0.029095 "Gaia EDR3 3358219466861511040" 0.3615 1.12 0.315 0.398 -1.075 0.271 19.243866 0.004663 19.52229 0.068245 18.833124 0.053006 0.689165 0.104845 0.08641189768197433
103.23205420263 16.92260400315 -0.0339 -0.004504 "Gaia EDR3 3358218921402655616" 0.21 1.219 0.191 0.29 -1.204 0.278 18.373354 0.003622 18.691555 0.025844 17.912264 0.023697 0.779291 -0.006235000000000001 0.03506365846571061
103.2881423632 16.94342081169 0.019757 0.016311 "Gaia EDR3 3358219398142007808" 0.1243 1.162 0.029 0.165 -1.161 0.133 17.840145 0.003292 18.073631 0.009654 17.464495 0.016825 0.609137 0.09387100000000001 0.019397946824342004
103.29387063545 16.92399759445 0.02524 -0.003111 "Gaia EDR3 3358218818323949440" 0.2154 1.232 0.181 0.348 -1.218 0.333 18.45644 0.004445 "" "" "" "" "" -0.006543000000000002 ""
103.28598971067 16.89434665365 0.017703 -0.032763 "Gaia EDR3 3358218612165534464" 0.6226 1.055 -0.032 0.768 -1.054 0.588 20.00423 0.007147 20.429981 0.121743 19.369415 0.078175 1.060566 0.056841 0.14468133491919405
103.24893671664 16.93814526969 -0.017747 0.011035 "Gaia EDR3 3358219707379635584" 0.1106 1.023 0.086 0.159 -1.019 0.159 17.708218 0.00316 18.192099 0.019324 17.032652 0.011665 1.159447 -0.11865800000000001 0.02257186746815602
103.23996323045 16.93854102877 -0.026331 0.011432 "Gaia EDR3 3358219711676626432" 0.228 0.859 0.169 0.33 -0.842 0.302 18.510824 0.003606 18.84308 0.035442 18.112131 0.02718 0.730949 0.045205 0.04466416644246258
103.25683749403 16.93276847588 -0.010189 0.005658 "Gaia EDR3 3358219054544618112" 0.1023 1.241 0.249 0.138 -1.216 0.128 17.435635 0.002999 17.932976 0.014188 16.759169 0.007594 1.173807 0.06825500000000001 0.016092488309767387
103.25239063306 16.91166113731 -0.014445 -0.015449 "Gaia EDR3 3358218852683709184" 0.5087 1.045 -0.039 0.652 -1.044 0.535 19.653894 0.006111 19.986834 0.068108 19.298885 0.069157 0.687948 0.055941000000000005 0.09706384658048536
103.27648202622 16.92829327478 0.008604 0.001183 "Gaia EDR3 3358218990122646144" 0.1 1.249 0.193 0.136 -1.234 0.127 17.51978 0.003043 18.012922 0.011451 16.868292 0.009738 1.14463 0.09989899999999999 0.01503176786010215
103.27718091329 16.88761550602 0.009275 -0.039495 "Gaia EDR3 3358218573508165504" 0.1735 0.852 0.172 0.257 -0.834 0.251 18.10774 0.003353 18.439507 0.030004 17.604017 0.025566 0.835489 0.08837600000000001 0.03941903565537848
103.27922618372 16.93530656172 0.011229 0.008196 "Gaia EDR3 3358219024482380032" 0.2941 0.916 0.177 0.458 -0.899 0.433 18.826567 0.00474 19.180668 0.036119 18.418182 0.036156 0.762486 0.207311 0.051106149307103936
103.28454110115 16.88586328172 0.016317 -0.041247 "Gaia EDR3 3358171638105553024" 0.5049 1.205 0.033 0.72 -1.204 0.601 19.613552 0.005641 20.176384 0.073072 18.937096 0.036209 1.239288 0.023174 0.08155126525689224
103.27707629093 16.93136373911 0.009172 0.004253 "Gaia EDR3 3358218990122644224" 0.0813 1.206 0.333 0.1 -1.159 0.096 17.11053 0.002941 17.629847 0.01214 16.439285 0.008311 1.190561 0.010499999999999999 0.01471231868197532
103.2681311976 16.92971395122 0.000615 0.002603 "Gaia EDR3 3358218990120583552" 0.2248 1.01 0.244 0.313 -0.98 0.287 18.333794 0.003683 18.712254 0.024392 17.832785 0.012671 0.879469 0.248804 0.027486795102375977
103.27288392538 16.91977232109 0.005162 -0.007338 "Gaia EDR3 3358218779668611712" 0.1942 1.181 0.225 0.308 -1.159 0.296 18.409689 0.003423 18.767126 0.019953 17.9367 0.023839 0.830425 -0.12393000000000001 0.031087298531715487
103.25382355123 16.94410020595 -0.013072 0.01699 "Gaia EDR3 3358219814755830016" 0.2493 1.066 0.151 0.353 -1.056 0.323 18.461557 0.003665 18.824392 0.039433 18.021416 0.016861 0.802977 0.286976 0.04288653413368817
103.22884777459 16.91140361154 -0.03697 -0.015703 "Gaia EDR3 3358217439636845312" 0.0721 1.181 0.007 0.075 -1.181 0.069 16.896963 0.002903 17.197506 0.008826 16.423452 0.00806 0.774054 0.17821800000000002 0.01195248409327534
103.27182311994 16.92589514512 0.004147 -0.001216 "Gaia EDR3 3358218985825141120" 0.0887 0.976 0.07 0.121 -0.974 0.116 17.243116 0.002968 17.779274 0.006673 16.578682 0.006655 1.200592 0.276706 0.009424327774435692
103.23825921856 16.9432267128 -0.02796 0.016118 "Gaia EDR3 3358219711676624640" 0.2604 1.284 0.186 0.375 -1.271 0.343 18.613674 0.003803 18.954782 0.037806 18.209967 0.030521 0.744816 0.112381 0.048588322434510944
103.30017681942 16.95239253041 0.031268 0.025284 "Gaia EDR3 3358219432505231104" 0.6364 0.978 0.368 0.771 -0.906 0.506 19.776152 0.00663 19.757465 0.096204 18.968763 0.029366 0.788702 0.034613 0.10058614005915527
103.26874027138 16.91693435985 0.001198 -0.010176 "Gaia EDR3 3358218887043439104" 0.1011 0.923 -0.052 0.141 -0.921 0.127 17.415777 0.003042 17.902666 0.010214 16.679436 0.010417 1.22323 0.134294 0.01458902618408782
103.24216991003 16.88464520848 -0.024227 -0.042464 "Gaia EDR3 3358217130401101824" 0.2789 1.228 0.376 0.34 -1.169 0.265 19.025845 0.004273 19.20734 0.046244 18.638777 0.040957 0.568563 0.09062500000000001 0.061773646363153925
103.28521298 16.94608905967 0.016955 0.018979 "Gaia EDR3 3358219398142013056" 0.5266 0.934 0.08 0.645 -0.931 0.457 19.73981 0.005926 19.977333 0.044459 19.480463 0.088971 0.49687 -0.181094 0.09946075367701573
103.26564513623 16.9536237249 -0.001763 0.026513 "Gaia EDR3 3358219844818628352" 0.2345 1.011 0.374 0.377 -0.94 0.364 18.6826 0.003708 19.103888 0.028738 18.059769 0.02714 1.044119 0.16972299999999998 0.03952786667656123
103.30203037742 16.96234465249 0.033039 0.035237 "Gaia EDR3 3358219432501787136" 0.3902 0.954 -0.078 0.439 -0.95 0.3 19.349297 0.005104 19.610329 0.0683 18.95734 0.047962 0.652988 0.126903 0.08345803402908554
103.27273140025 16.92774482873 0.005016 0.000634 "Gaia EDR3 3358218990120579968" 0.2601 0.848 -0.007 0.359 -0.848 0.333 18.641832 0.003872 18.960186 0.017041 18.27238 0.025121 0.687805 0.13824799999999998 0.03035556492638541
103.27013284326 16.91146871938 0.00253 -0.015642 "Gaia EDR3 3358218680885010432" 0.1044 1.253 0.014 0.146 -1.253 0.137 17.661892 0.003108 17.93193 0.009398 17.285717 0.009006 0.646214 -0.045884 0.013016544856450962
103.2666973317 16.92108251301 -0.000757 -0.006028 "Gaia EDR3 3358218887041380736" 0.3609 1.062 0.408 0.537 -0.98 0.503 19.09564 0.004972 "" "" "" "" "" -0.078888 ""
103.27143135575 16.93855744255 0.003772 0.011447 "Gaia EDR3 3358219088904350336" 0.0898 1.06 0.368 0.119 -0.994 0.11 17.309193 0.003021 17.476265 0.01237 17.00839 0.012689 0.467875 0.248393 0.017720824501134252
103.27154257389 16.9403435663 0.003878 0.013233 "Gaia EDR3 3358219088904350464" 0.2497 1.12 0.142 0.458 -1.111 0.456 18.717243 0.00434 18.933191 0.048249 18.25881 0.020715 0.674381 -0.231388 0.052507877751819296
103.2845481777 16.94361689271 0.016319 0.016507 "Gaia EDR3 3358219020184886016" 0.2386 0.933 0.006 0.359 -0.933 0.334 18.649595 0.004013 18.919086 0.035168 18.22039 0.037315 0.698696 -0.175848 0.051275700375519005
103.26509140386 16.90522784491 -0.002293 -0.021883 "Gaia EDR3 3358218676587414400" 0.329 1.29 0.067 0.349 -1.288 0.282 19.062485 0.004558 19.333647 0.040054 18.682833 0.028167 0.650814 -0.10709400000000001 0.0489663435943506
103.25341505009 16.9197389522 -0.013464 -0.007371 "Gaia EDR3 3358218887042908928" 0.2376 0.935 -0.127 0.252 -0.926 0.221 18.85954 0.004176 19.124496 0.027372 18.458378 0.025633 0.666119 0.09501699999999999 0.037500360971595995
103.2608535513 16.90512815764 -0.006348 -0.021982 "Gaia EDR3 3358218642227673984" 0.7682 0.92 0.346 0.932 -0.852 0.876 20.072802 0.007899 20.170181 0.104235 19.538523 0.093588 0.631659 0.24376199999999998 0.1400844351418101
103.26695297946 16.92685158874 -0.000512 -0.000259 "Gaia EDR3 3358218985832725888" 0.1797 1.268 0.415 0.277 -1.198 0.258 18.202646 0.003581 18.279009 0.013304 17.278303 0.013573 1.000706 -0.071469 0.01900586080660384
103.26321508559 16.92108978552 -0.004088 -0.006021 "Gaia EDR3 3358218887041386112" 0.4777 1.115 0.079 0.537 -1.112 0.385 19.586836 0.006696 19.853674 0.066912 19.217117 0.055913 0.636557 0.35244499999999995 0.08719793181607004
103.27249660218 16.92358262911 0.004791 -0.003528 "Gaia EDR3 3358218985832727040" 0.3787 1.27 0.386 0.42 -1.209 0.359 19.11099 0.004432 19.432886 0.03671 18.69972 0.032857 0.733166 -0.11622500000000001 0.04926668802548026
103.26763959881 16.92439802138 0.000145 -0.002713 "Gaia EDR3 3358218985832725760" 0.181 1.345 0.313 0.277 -1.308 0.259 18.187777 0.003436 18.464422 0.012703 17.785482 0.018092 0.67894 0.163142 0.022106258683911216
103.26423221379 16.93211475209 -0.003115 0.005004 "Gaia EDR3 3358219058838831488" 0.2575 0.94 0.152 0.349 -0.928 0.329 18.612225 0.004125 "" "" "" "" "" -0.266734 ""
103.24889827403 16.91455174431 -0.017786 -0.012558 "Gaia EDR3 3358218852683174912" 0.2485 1.09 -0.016 0.257 -1.09 0.199 18.486885 0.003691 18.874561 0.026003 17.981573 0.024567 0.892988 -0.23033800000000001 0.0357728038878699
103.25612394581 16.92910353981 -0.010872 0.001993 "Gaia EDR3 3358218955762378624" 0.2547 0.737 0.011 0.412 -0.736 0.395 18.601967 0.004467 19.134418 0.018824 17.932983 0.020613 1.201435 -0.009228 0.027914848109921717
103.2728117088 16.93877935303 0.005092 0.011669 "Gaia EDR3 3358219024479074560" 0.4711 1.087 -0.166 0.521 -1.074 0.394 19.513464 0.006739 19.481483 0.038497 18.74659 0.068015 0.734894 -0.048727999999999994 0.07815407368781234
103.26597744816 16.92667681777 -0.001445 -0.000434 "Gaia EDR3 3358218990120590080" 0.3795 1.231 0.488 0.478 -1.131 0.321 19.226469 0.005364 "" "" "" "" "" -0.002329000000000001 ""
103.29438040089 16.89227629097 0.025732 -0.034833 "Gaia EDR3 3358171672468866560" 0.0618 1.046 -0.164 0.077 -1.033 0.065 16.697672 0.00288 16.934252 0.01073 16.277018 0.008627 0.657234 0.183757 0.013768007444797522
103.27518822001 16.91215185589 0.007367 -0.014959 "Gaia EDR3 3358218676595142656" 0.3318 1.371 0.337 0.415 -1.329 0.305 19.187868 0.004443 19.51191 0.030811 18.78986 0.035263 0.72205 0.138757 0.04682730923296789
103.25576048064 16.9263646313 -0.01122 -0.000746 "Gaia EDR3 3358218951465405312" 0.2113 0.933 0.076 0.323 -0.929 0.306 18.476719 0.003655 18.824924 0.019629 18.008833 0.015262 0.816092 0.380969 0.024864156631585154
103.30949192046 16.91537306812 0.040186 -0.011733 "Gaia EDR3 3358218749604470144" 0.4191 1.347 0.414 0.557 -1.281 0.427 19.561338 0.005788 19.89267 0.060383 19.166643 0.049154 0.726027 0.10678699999999999 0.07786027488392268
103.24976726846 16.89857265212 -0.016956 -0.028537 "Gaia EDR3 3358217169056535040" 0.6138 1.292 0.273 0.633 -1.262 0.449 19.826284 0.005874 "" "" "" "" "" -0.20325000000000001 ""
103.23612698585 16.91525485874 -0.030005 -0.011853 "Gaia EDR3 3358218917105603712" 0.3202 1.106 0.128 0.309 -1.098 0.274 19.030918 0.004303 19.239653 0.077431 18.644909 0.036477 0.594744 0.406415 0.08559282265470627
103.26294860482 16.89616838604 -0.004344 -0.030942 "Gaia EDR3 3358218642227661184" 0.3742 0.798 -0.062 0.42 -0.796 0.305 19.204689 0.004499 19.710007 0.052273 18.571133 0.047567 1.138874 0.20719 0.07067592247717748
103.2667681772 16.91769704237 -0.000689 -0.009414 "Gaia EDR3 3358218887043439744" 0.1143 1.226 0.485 0.16 -1.126 0.149 17.740551 0.00312 18.264482 0.013688 17.096785 0.009105 1.167698 -0.084234 0.01643965842102566
103.26168825005 16.91987139138 -0.005549 -0.007239 "Gaia EDR3 3358218887041388416" 0.5545 1.08 0.399 0.624 -1.004 0.439 19.746105 0.00615 20.18505 0.050311 19.409307 0.088052 0.775742 -0.23769500000000002 0.10141179135090751
103.23157142471 16.91769700073 -0.034363 -0.009411 "Gaia EDR3 3358218921402658816" 0.1748 1.397 0.262 0.177 -1.372 0.165 17.926977 0.003666 18.34528 0.025997 17.21166 0.015614 1.133619 -0.09515799999999999 0.030325583341462698
103.25620186513 16.93377147931 -0.010797 0.006661 "Gaia EDR3 3358219058838840576" 0.3404 0.908 -0.192 0.385 -0.888 0.289 19.216822 0.004558 19.544113 0.031852 18.81306 0.056343 0.731052 0.002477 0.06472312996912309
103.26037587225 16.9560617922 -0.006803 0.028951 "Gaia EDR3 3358219849115559168" 0.4094 1.031 0.488 0.471 -0.908 0.34 19.336166 0.00508 19.670832 0.072013 18.896042 0.03055 0.77479 -0.11076799999999999 0.07822515368473237
103.26659825485 16.93249950968 -0.000852 0.005389 "Gaia EDR3 3358218990119350400" 0.6588 1.155 -0.213 0.596 -1.135 0.432 19.770985 0.007701 "" "" "" "" "" 0.055275 ""
103.28837742172 16.92470641534 0.019984 -0.002403 "Gaia EDR3 3358218814032963456" 0.118 1.383 0.218 0.141 -1.366 0.123 17.855238 0.003391 18.1136 0.013384 17.187294 0.022247 0.926306 0.259782 0.02596267445776725
103.29019754455 16.9344038455 0.021724 0.007294 "Gaia EDR3 3358218814026452992" 0.2021 1.421 0.137 0.311 -1.414 0.294 18.462418 0.003396 18.847881 0.031243 17.909695 0.02824 0.938187 -0.047524 0.04211439954457383
103.27954927154 16.93652685496 0.011538 0.009416 "Gaia EDR3 3358219024480297984" 0.8579 1.077 0.289 0.905 -1.038 0.68 20.27857 0.00855 20.85905 0.162557 19.85852 0.090224 1.00053 0.414714 0.18591704716082386
103.27205440162 16.91835633654 0.004368 -0.008754 "Gaia EDR3 3358218676589396736" 0.1432 1.45 0.222 0.196 -1.433 0.198 18.10291 0.003243 18.384678 0.014278 17.64691 0.016733 0.737768 0.044602 0.02199669459259732
103.2667287334 16.90577159623 -0.000727 -0.021339 "Gaia EDR3 3358218680882968320" 0.2034 1.079 0.359 0.305 -1.017 0.292 18.254395 0.006056 "" "" "" "" "" 0.40223699999999996 ""
103.25498618427 16.9134641029 -0.011961 -0.013646 "Gaia EDR3 3358218852683707776" 0.2626 1.27 -0.034 0.349 -1.27 0.325 18.596119 0.003956 19.008999 0.047468 18.01949 0.024543 0.98951 -0.220917 0.05343753243741706
103.27892632888 16.93423148914 0.010942 0.007121 "Gaia EDR3 3358219020192465920" 0.4043 1.129 0.473 0.489 -1.025 0.358 19.373287 0.005179 19.661587 0.053714 18.962547 0.056375 0.699039 0.30917 0.07786741565635782
103.25078167304 16.90757619171 -0.015985 -0.019534 "Gaia EDR3 3358218852683710592" 0.9002 0.663 0.031 1.067 -0.662 0.989 20.19235 0.008202 20.675617 0.192759 19.421362 0.188678 1.254255 0.166497 0.2697321259416461
103.28074798422 16.91248597701 0.012686 -0.014624 "Gaia EDR3 3358218783964221312" 0.7273 0.739 -0.094 0.998 -0.733 1.098 19.986296 0.009575 "" "" "" "" "" -0.08057299999999999 ""
103.27245106544 16.9225090918 0.004748 -0.004602 "Gaia EDR3 3358218990120586752" 0.4471 1.375 0.43 0.417 -1.306 0.308 19.205635 0.004668 18.866018 0.026579 18.228394 0.020678 0.637625 -0.11792100000000001 0.03367525686613244
103.23848242445 16.9296722217 -0.027749 0.002564 "Gaia EDR3 3358219711676631680" 0.3793 1.139 0.347 0.397 -1.084 0.3 19.236137 0.004821 19.571823 0.052872 18.922878 0.058797 0.648945 -0.324185 0.07907297637625638
103.26592905437 16.91751002028 -0.001492 -0.009601 "Gaia EDR3 3358218887041387264" 0.4388 1.431 0.394 0.521 -1.376 0.373 19.542807 0.005092 19.57562 0.064428 18.865782 0.060296 0.709839 0.1215 0.08824157070224894
103.25199389174 16.93451337424 -0.014823 0.007403 "Gaia EDR3 3358218955762377856" 0.5687 0.703 0.286 0.626 -0.643 0.452 19.913557 0.006651 20.386223 0.073108 19.533655 0.050749 0.852568 0.133467 0.08899573397079212
103.2504411748 16.94463516758 -0.016307 0.017525 "Gaia EDR3 3358219814753075968" 0.7484 0.733 0.331 1.002 -0.654 0.921 20.106453 0.007985 "" "" "" "" "" 0.118499 ""
103.25065868237 16.92699769508 -0.016101 -0.000112 "Gaia EDR3 3358218951471844864" 0.4487 0.633 0.127 0.511 -0.62 0.39 19.517727 0.005538 19.850302 0.037437 19.150146 0.035359 0.700155 0.137577 0.051495512911320734
103.24700598673 16.91989411849 -0.019596 -0.007216 "Gaia EDR3 3358218921402650112" 0.2106 1.092 0.184 0.303 -1.076 0.289 18.382723 0.004141 18.710796 0.023347 17.878279 0.022883 0.832518 -0.373311 0.032691192973031746
103.24589524231 16.93888465934 -0.020656 0.011775 "Gaia EDR3 3358219707386073472" 0.2551 1.247 0.165 0.396 -1.236 0.374 18.565985 0.003689 18.96728 0.01886 18.02634 0.019781 0.940939 -0.33375 0.027331073176880556
103.25533718716 16.92145492135 -0.011625 -0.005655 "Gaia EDR3 3358218887042907520" 0.4081 0.66 0.072 0.459 -0.656 0.348 19.302105 0.005127 19.619993 0.052133 18.872852 0.059113 0.747141 -0.148599 0.07881748827512838
103.27540661459 16.94931209534 0.007574 0.022202 "Gaia EDR3 3358219088904376064" 0.4753 1.464 0.318 0.571 -1.429 0.439 19.913576 0.006203 20.193157 0.070461 19.505756 0.063499 0.687401 0.158347 0.09485186093061117
103.26589924343 16.93798885862 -0.00152 0.010878 "Gaia EDR3 3358219054546356480" 0.3414 1.233 0.471 0.375 -1.139 0.278 19.174006 0.004604 19.458473 0.037944 18.721548 0.054965 0.736925 0.346486 0.06678995703696777
103.29168144097 16.91311759163 0.023147 -0.013992 "Gaia EDR3 3358218710947170432" 0.345 0.974 0.059 0.452 -0.972 0.34 19.286457 0.005125 19.43863 0.088915 18.842283 0.047935 0.596346 0.47738600000000003 0.10101307563875084
103.26334471256 16.89772231804 -0.003965 -0.029388 "Gaia EDR3 3358218646525279872" 0.2267 1.039 0.32 0.325 -0.989 0.309 18.496244 0.003783 18.91021 0.041924 17.988888 0.02339 0.921322 0.46808299999999997 0.04800743563241011
103.30164520085 16.91347533768 0.032679 -0.013633 "Gaia EDR3 3358218749604473344" 0.4315 1.032 0.532 0.544 -0.884 0.391 19.440628 0.005173 19.680004 0.057305 19.025818 0.052918 0.654186 -0.155901 0.07800113940834455
103.25314429068 16.89172843696 -0.013725 -0.035382 "Gaia EDR3 3358217169056536576" 0.2264 1.436 0.474 0.328 -1.355 0.318 18.499258 0.003784 18.843416 0.044272 17.951954 0.030927 0.891462 0.117072 0.054004530485876834
103.22678853468 16.90512233443 -0.038941 -0.021984 "Gaia EDR3 3358217439636830592" 0.1286 1.412 0.41 0.132 -1.351 0.121 17.91899 0.00316 18.277348 0.020306 17.377932 0.021495 0.899416 0.26471500000000003 0.029569725412996316
103.28539249426 16.91907754023 0.017129 -0.008032 "Gaia EDR3 3358218779673220224" 0.4613 1.363 0.361 0.59 -1.315 0.445 19.63672 0.005983 20.021347 0.074523 19.331057 0.069258 0.69029 0.34262499999999996 0.10173666051625638
103.24932261537 16.94369528372 -0.017377 0.016585 "Gaia EDR3 3358219810465301888" 0.5183 1.191 0.615 0.595 -1.02 0.426 19.57858 0.005607 19.90389 0.050999 19.166445 0.045502 0.737446 0.02946 0.0683471287253532
103.27674504266 16.9480102949 0.008855 0.0209 "Gaia EDR3 3358219088904371968" 0.3388 0.662 -0.018 0.381 -0.662 0.284 19.21365 0.004653 19.476904 0.036363 18.847467 0.045815 0.629436 -0.138456 0.05849172585930424
103.25199906494 16.9257325602 -0.014818 -0.001378 "Gaia EDR3 3358218955762383616" 0.4552 0.955 0.433 0.502 -0.852 0.368 19.619368 0.005781 20.035105 0.058995 19.264488 0.050391 0.770617 -0.274242 0.0775864866197716
103.26326165591 16.92763327833 -0.004044 0.000523 "Gaia EDR3 3358218990119361280" 0.2248 1.343 0.581 0.354 -1.211 0.337 18.402155 0.004764 18.728998 0.022198 17.915733 0.015286 0.813265 -0.035966 0.026952050014794792
103.2732125929 16.93397169131 0.005476 0.006861 "Gaia EDR3 3358218985826980864" 0.3431 0.987 0.193 0.448 -0.968 0.312 19.136065 0.004999 19.565601 0.052716 18.748772 0.033628 0.81683 -0.410258 0.06252854580109792
103.27385294743 16.92400349459 0.006089 -0.003107 "Gaia EDR3 3358218990120584064" 0.604 0.893 -0.245 0.653 -0.859 0.459 19.855167 0.007045 20.106028 0.07643 19.422468 0.068835 0.683559 -0.11191999999999999 0.10285816508668623
103.27036962632 16.91005968208 0.002757 -0.017051 "Gaia EDR3 3358218680882960768" 0.4379 0.858 0.213 0.494 -0.831 0.365 19.205149 0.005086 19.55731 0.047722 18.838617 0.038787 0.718693 0.46829200000000004 0.061496509274917385
103.31663673335 16.92209636141 0.04702 -0.005008 "Gaia EDR3 3358219123264050304" 0.2733 1.195 0.586 0.304 -1.041 0.255 18.935179 0.004018 19.518515 0.056472 18.482073 0.037259 1.036442 -0.167503 0.06765589305448566
103.23749575768 16.90176331712 -0.028697 -0.025345 "Gaia EDR3 3358217370917347968" 0.9253 0.955 0.158 1.107 -0.942 1.004 20.24863 0.008073 20.52108 0.097248 19.606848 0.06932 0.914232 -0.425438 0.1194254407737313
103.26346870449 16.93160421876 -0.003845 0.004494 "Gaia EDR3 3358219058838832768" 0.212 0.741 -0.192 0.315 -0.716 0.296 18.463863 0.003853 18.729824 0.039606 17.930256 0.025571 0.799568 0.116944 0.04714351786831356
103.26737010488 16.94751832774 -0.000113 0.020408 "Gaia EDR3 3358219093201315968" 0.2182 1.511 0.351 0.372 -1.47 0.361 18.500334 0.003715 18.875128 0.031387 18.013979 0.019271 0.861149 0.145452 0.03683090020621272
103.26889115674 16.92567154298 0.001342 -0.001439 "Gaia EDR3 3358218990122650752" 0.2417 1.524 0.326 0.349 -1.489 0.324 18.617292 0.003777 18.993416 0.027302 18.067492 0.026874 0.925924 -0.018601999999999997 0.038309412420448316
103.2577572814 16.92598064555 -0.00931 -0.00113 "Gaia EDR3 3358218887040158976" 0.4157 1.472 0.401 0.624 -1.417 0.59 19.365063 0.005725 19.343184 0.038794 18.66252 0.031511 0.680664 0.246479 0.04997917123162408
103.27794116904 16.92842331565 0.01 0.001313 "Gaia EDR3 3358218990122645504" 0.3128 1.135 0.326 0.394 -1.087 0.293 19.10562 0.00471 19.381676 0.030424 18.628912 0.033193 0.752764 -0.414372 0.04502660352502729
103.23348992384 16.93695554808 -0.032524 0.009848 "Gaia EDR3 3358219711676630272" 0.4522 1.414 0.096 0.484 -1.41 0.352 19.29697 0.005737 19.56244 0.044398 18.824903 0.088204 0.737537 -0.276218 0.0987478000767612
103.27627572485 16.92269091231 0.008407 -0.00442 "Gaia EDR3 3358218779666710784" 0.0729 0.669 -0.101 0.088 -0.661 0.081 16.94404 0.002988 17.19358 0.008783 16.448557 0.008944 0.745024 0.259608 0.012535398876780906
103.25834962378 16.94240567927 -0.008742 0.015295 "Gaia EDR3 3358219054544620288" 0.3707 1.389 0.274 0.384 -1.362 0.284 19.186811 0.004961 19.417578 0.064121 18.740015 0.037879 0.677563 -0.314552 0.07447362809746817
103.2539292699 16.91203375093 -0.012973 -0.015077 "Gaia EDR3 3358218852681667200" 0.227 0.954 -0.217 0.309 -0.929 0.288 18.377747 0.003682 18.706522 0.020827 17.89312 0.031125 0.813402 -0.259447 0.037450361199860276
103.26680568494 16.92406298108 -0.000653 -0.003048 "Gaia EDR3 3358218990120592128" 0.3765 0.67 -0.111 0.437 -0.661 0.311 19.269373 0.004992 19.481499 0.052739 18.772133 0.041894 0.709366 0.250203 0.06735361428312515
103.25081905856 16.93060678316 -0.015947 0.003497 "Gaia EDR3 3358218951465376128" 0.2602 1.375 0.576 0.261 -1.249 0.225 18.87064 0.004171 19.132278 0.032299 18.518188 0.024703 0.61409 -0.157059 0.04066280376462007
103.24604147855 16.94441258265 -0.020516 0.017303 "Gaia EDR3 3358219814755834112" 0.154 1.466 -0.072 0.198 -1.464 0.199 18.067572 0.003326 18.348843 0.031287 17.554243 0.016266 0.7946 0.215389 0.03526271579161197
103.29486386725 16.96644709688 0.026184 0.039338 "Gaia EDR3 3358219501221276032" 0.1057 0.837 -0.222 0.116 -0.807 0.093 16.703754 0.003933 16.983 0.008836 16.148335 0.006223 0.834665 0.315268 0.010807433784206129
103.21856676806 16.91491348091 -0.046805 -0.012191 "Gaia EDR3 3358218195551098112" 0.0551 0.787 -0.251 0.055 -0.746 0.051 16.203823 0.002839 16.501963 0.006077 15.739781 0.005132 0.762181 0.160354 0.007954077759237711
103.27839113603 16.9209829571 0.010431 -0.006127 "Gaia EDR3 3358218783962151808" 0.4329 1.218 0.007 0.516 -1.218 0.383 19.47658 0.005357 19.733448 0.082636 18.961187 0.070664 0.772261 0.504237 0.10872952401256984
103.25693090546 16.94584484491 -0.010099 0.018734 "Gaia EDR3 3358219814755827200" 0.0375 1.543 0.318 0.041 -1.51 0.037 15.588308 0.002787 16.113092 0.005033 14.914547 0.004103 1.198546 0.212321 0.006493511992750918
103.27223055771 16.92040137489 0.004537 -0.006709 "Gaia EDR3 3358218990120590592" 0.4951 1.538 0.12 0.614 -1.533 0.434 19.773273 0.006506 20.225817 0.08043 19.340343 0.052458 0.885473 -0.108723 0.0960251355843875
103.23212599802 16.9181154304 -0.033832 -0.008992 "Gaia EDR3 3358218921399932544" 0.4649 0.944 0.587 0.469 -0.739 0.347 19.497204 0.00605 19.626356 0.071064 18.911308 0.160366 0.715048 0.033004 0.17540623150846152
103.23340954265 16.91642540803 -0.032604 -0.010682 "Gaia EDR3 3358218921402658176" 0.206 0.972 -0.343 0.271 -0.91 0.255 18.227854 0.003406 18.487701 0.018322 17.826797 0.017774 0.660904 -0.026405 0.025526667624270902
103.253281003 16.92093327025 -0.013592 -0.006177 "Gaia EDR3 3358218882745928704" 0.2073 0.884 0.37 0.313 -0.803 0.295 18.465559 0.003706 18.784386 0.022433 18.034763 0.015853 0.749622 0.479366 0.027469202718681154
103.22337607292 16.9190156565 -0.042203 -0.00809 "Gaia EDR3 3358218195551106432" 0.4964 0.753 0.207 0.501 -0.724 0.364 19.510248 0.00553 19.829258 0.067977 19.16191 0.065984 0.667349 0.470371 0.09473521407058728
103.27951360533 16.92971886391 0.011504 0.002608 "Gaia EDR3 3358218990122643584" 0.4944 1.116 -0.287 0.652 -1.078 0.49 19.6681 0.005891 19.936249 0.067241 19.29812 0.082274 0.638128 0.32695 0.10625612056253513
103.28490194328 16.89627756408 0.016662 -0.030832 "Gaia EDR3 3358218607867920896" 0.2666 1.241 -0.112 0.293 -1.236 0.237 18.876854 0.004091 19.286299 0.0431 18.283806 0.023586 1.002493 0.46622199999999997 0.049131551939665
103.24985752659 16.94479109138 -0.016865 0.017681 "Gaia EDR3 3358219814753076480" 0.2577 1.315 0.424 0.376 -1.244 0.345 18.636013 0.003728 18.951834 0.042588 18.227219 0.029586 0.724615 0.470277 0.05185623530492741
103.26441855193 16.9305675673 -0.002937 0.003457 "Gaia EDR3 3358218990119356160" 0.404 0.637 0.29 0.448 -0.567 0.34 19.21474 0.005449 19.530254 0.046883 18.786829 0.025691 0.743425 -0.190562 0.0534606693747843
103.26080773142 16.93321454019 -0.006391 0.006104 "Gaia EDR3 3358219058838833792" 0.3009 1.245 0.05 0.307 -1.244 0.244 19.041641 0.004372 19.375134 0.027431 18.596954 0.028214 0.778179 -0.443472 0.03935085204922506
103.25809781679 16.92173507626 -0.008984 -0.005375 "Gaia EDR3 3358218882745879680" 0.302 1.26 -0.116 0.414 -1.255 0.388 18.790726 0.004137 19.10211 0.034553 18.39404 0.035054 0.708071 -0.368781 0.04922085660571136
103.30828167513 16.90526164698 0.03903 -0.021845 "Gaia EDR3 3358171775544542592" 0.1709 1.178 0.672 0.285 -0.967 0.269 18.20198 0.003586 18.554455 0.020966 17.701277 0.018745 0.853178 0.24696300000000002 0.028123800969996924
103.25867320776 16.93243777513 -0.008433 0.005327 "Gaia EDR3 3358219058838838272" 0.5288 1.125 0.471 0.569 -1.022 0.427 19.580128 0.011635 19.77781 0.155523 17.910976 0.644962 1.866833 -0.42413 0.6634481026975659
103.257447331 16.94847694055 -0.009605 0.021366 "Gaia EDR3 3358219810458878464" 0.3048 0.874 -0.051 0.355 -0.873 0.286 19.097944 0.004618 19.459085 0.056768 18.713629 0.043942 0.745457 -0.43737 0.07178791811997337
103.29425018843 16.96063142976 0.025598 0.033522 "Gaia EDR3 3358219501221258752" 0.6011 1.13 0.205 0.634 -1.111 0.478 19.928585 0.007006 20.459522 0.125024 19.27101 0.079144 1.188513 0.58951 0.147968825473476
103.30397139802 16.93724226475 0.034901 0.010135 "Gaia EDR3 3358219196278964480" 0.5818 1.017 0.517 0.981 -0.876 0.868 19.946655 0.007743 20.3598 0.166318 19.491028 0.090779 0.868772 -0.35129299999999997 0.18947956081065842
103.28698552292 16.92472650027 0.018653 -0.002383 "Gaia EDR3 3358218818321871488" 0.2608 1.492 0.434 0.383 -1.428 0.365 18.6612 0.004543 18.47731 0.044585 17.753262 0.03051 0.724049 -0.241765 0.05402483063370028
103.24398896509 16.92625488962 -0.022481 -0.000854 "Gaia EDR3 3358218951467240960" 0.5379 1.32 0.605 0.551 -1.173 0.406 19.737043 0.006074 19.935799 0.07626 19.415735 0.063302 0.520063 -0.270443 0.0991096907673513
103.27255306381 16.9227234997 0.004845 -0.004387 "Gaia EDR3 3358218985826878592" 0.5736 0.759 0.19 0.933 -0.735 0.87 19.49806 0.006301 "" "" "" "" "" 0.512046 ""
103.24347128746 16.93269151634 -0.022976 0.005582 "Gaia EDR3 3358218955759643264" 1.1397 0.805 -0.153 1.285 -0.79 1.022 20.575163 0.012013 21.256998 0.069288 19.944723 0.142962 1.312275 0.455926 0.1588677449578737
103.25959474145 16.92307536861 -0.007552 -0.004035 "Gaia EDR3 3358218882745881984" 0.4649 0.971 0.64 0.568 -0.731 0.403 19.720224 0.006293 20.090977 0.072496 19.2693 0.086022 0.821676 -0.0005430000000000001 0.11249646438888646
103.25877952894 16.94040212963 -0.008331 0.013292 "Gaia EDR3 3358219058841585024" 0.1321 1.579 0.032 0.155 -1.578 0.134 17.9415 0.003239 18.346203 0.013337 17.396914 0.014825 0.949289 0.216528 0.019941318762810047
103.27791504564 16.93304333625 0.009975 0.005933 "Gaia EDR3 3358219024480304128" 0.2367 1.514 0.003 0.367 -1.514 0.35 18.60076 0.003798 18.99979 0.029015 18.041782 0.018087 0.958008 -0.25335199999999997 0.034190785220582456
103.26437297882 16.94151685338 -0.00298 0.014406 "Gaia EDR3 3358219054544613248" 0.3806 1.188 -0.29 0.423 -1.152 0.314 19.363022 0.004991 19.69378 0.039882 19.0388 0.04179 0.654982 0.41019 0.0577665822426773
103.27487804512 16.92882635549 0.007069 0.001716 "Gaia EDR3 3358218990120575360" 0.7572 0.944 0.152 0.965 -0.932 0.869 20.14052 0.008279 20.602411 0.084237 19.938194 0.121488 0.664217 -0.539513 0.14783506455844636
103.27066521103 16.91600876961 0.003039 -0.011102 "Gaia EDR3 3358218676589476736" 0.4157 1.34 -0.326 0.516 -1.299 0.368 19.50707 0.005283 19.78339 0.041183 19.09937 0.051433 0.684021 0.266679 0.06588924781783444
103.25848378977 16.9350195128 -0.008614 0.007909 "Gaia EDR3 3358219058841588352" 0.3172 1.607 0.493 0.347 -1.529 0.294 19.09634 0.00437 19.399307 0.0272 18.642382 0.024963 0.756926 -0.012330999999999998 0.036918712992194076
103.2722798829 16.92455126433 0.004584 -0.002559 "Gaia EDR3 3358218985832727168" 0.5328 0.89 -0.359 0.771 -0.814 0.677 19.589537 0.006604 19.980568 0.083296 19.22154 0.041346 0.759027 0.23570200000000002 0.09299309292630285
103.26231377894 16.94470655441 -0.00495 0.017596 "Gaia EDR3 3358219058841581312" 0.213 0.609 0.051 0.325 -0.607 0.307 18.533165 0.003518 18.857763 0.023533 18.062765 0.013563 0.794998 0.452396 0.027161683637064914
103.24587620521 16.92408277121 -0.020676 -0.003027 "Gaia EDR3 3358218951465359872" 0.6525 1.185 -0.235 0.747 -1.161 0.792 20.017885 0.00796 20.137115 0.068802 19.317867 0.109719 0.819248 0.473285 0.12950665683662752
103.28847395024 16.94152215207 0.020075 0.014412 "Gaia EDR3 3358219020184885888" 0.2587 0.744 -0.32 0.344 -0.671 0.29 18.386671 0.003676 18.659897 0.031508 17.972095 0.033391 0.687801 0.026801000000000002 0.04590983494851621
103.28672256952 16.92382654535 0.018401 -0.003283 "Gaia EDR3 3358218783962137728" 0.6563 1.456 0.575 0.678 -1.338 0.534 19.946095 0.007749 19.779596 0.171217 19.108444 0.102509 0.671152 -0.319162 0.19955790179794938
103.21969662983 16.91761339839 -0.045724 -0.009492 "Gaia EDR3 3358218199848158720" 0.4251 0.782 -0.308 0.444 -0.719 0.317 19.286757 0.004861 19.64759 0.055715 18.863653 0.045828 0.783937 0.291225 0.0721412975278377
103.26751803255 16.93301374164 2.8e-05 0.005903 "Gaia EDR3 3358218990119348224" 0.2997 1.638 0.217 0.448 -1.624 0.443 18.733215 0.004689 18.743753 0.063932 17.957153 0.033236 0.7866 -0.149429 0.07205506449931191
103.30461762515 16.95268268117 0.035516 0.025575 "Gaia EDR3 3358219432501767296" 0.3456 1.475 0.724 0.389 -1.285 0.266 19.263231 0.004663 19.582748 0.039233 18.830181 0.043705 0.752567 0.183097 0.05873121243427552
103.25264960334 16.92727657952 -0.014196 0.000166 "Gaia EDR3 3358218955762381952" 0.4929 1.055 -0.443 0.54 -0.958 0.393 19.703224 0.00565 20.059057 0.077241 19.33026 0.035158 0.728798 0.228504 0.08486611246545939
103.27171022323 16.93122655956 0.004039 0.004116 "Gaia EDR3 3358218985825142272" 0.2658 1.473 0.6 0.326 -1.346 0.301 18.410133 0.004405 18.14703 0.040879 17.483156 0.015818 0.663874 0.389105 0.04383265637626814
103.24394385452 16.92716071982 -0.022524 5.1e-05 "Gaia EDR3 3358218955763588096" 0.9369 0.638 -0.094 1.141 -0.631 1.07 20.32247 0.008044 "" "" "" "" "" 0.46197299999999997 ""
103.25231117419 16.90901546466 -0.014521 -0.018095 "Gaia EDR3 3358218852681671296" 0.7131 1.36 0.813 0.787 -1.09 0.587 19.949291 0.00747 20.342976 0.117426 19.350334 0.125038 0.992641 0.069624 0.17153240778348564
103.25173042332 16.9014028084 -0.015077 -0.025707 "Gaia EDR3 3358218852683712640" 0.4458 1.05 0.552 0.499 -0.894 0.365 19.48212 0.005484 19.706139 0.069693 19.103039 0.050032 0.6031 0.550889 0.08579227979835947
103.26195426274 16.93093073635 -0.005294 0.00382 "Gaia EDR3 3358219058838835328" 0.3434 0.507 -0.036 0.381 -0.506 0.284 19.163568 0.004622 19.505304 0.028449 18.724815 0.024501 0.780489 0.379276 0.03754523407837538
103.27349675808 16.9295563476 0.005748 0.002446 "Gaia EDR3 3358218990120576640" 0.5352 1.569 0.083 0.618 -1.566 0.445 19.664112 0.005801 "" "" "" "" "" -0.33515799999999996 ""
103.24385648628 16.96195221749 -0.022604 0.034843 "Gaia EDR3 3358219879178381440" 0.854 0.612 -0.237 0.838 -0.564 0.644 20.312317 0.008061 20.433046 0.112121 20.034569 0.124022 0.398478 -0.19121500000000002 0.1671902363327476
103.22432009003 16.93634886341 -0.041296 0.009243 "Gaia EDR3 3358219741741224832" 0.2623 0.515 0.206 0.392 -0.472 0.368 18.240341 0.003764 18.629808 0.026707 17.687017 0.020538 0.942791 0.39420099999999997 0.0336908488020115
103.3028752983 16.95078771569 0.03385 0.02368 "Gaia EDR3 3358219432501762944" 0.7035 1.453 -0.084 1.262 -1.451 1.425 20.474228 0.008576 20.878479 0.219356 19.64428 0.076051 1.234199 0.500355 0.23216547834895696
103.26854968266 16.9043861105 0.001015 -0.022725 "Gaia EDR3 3358218676587414144" 0.2285 1.703 0.414 0.365 -1.652 0.351 18.557693 0.003624 18.771448 0.034121 18.109648 0.031186 0.6618 0.039791 0.046225633981590776
103.2698834998 16.96358196182 0.002291 0.036471 "Gaia EDR3 3358220222777566592" 0.2224 0.555 -0.136 0.319 -0.538 0.292 18.471876 0.003579 18.888035 0.045425 17.856361 0.021243 1.031673 0.38053499999999996 0.05014674140958712
103.27074629713 16.89501044245 0.003117 -0.0321 "Gaia EDR3 3358218573508179456" 0.3548 1.305 -0.398 0.412 -1.243 0.301 19.202917 0.004903 19.572294 0.050072 18.842628 0.042244 0.729666 0.352738 0.0655115311987134
103.30183295435 16.94208888096 0.032854 0.014981 "Gaia EDR3 3358219191983569536" 0.0664 1.583 -0.239 0.076 -1.565 0.063 16.887043 0.002883 17.11426 0.007777 16.284933 0.008463 0.829327 0.164275 0.011493654684215983
103.27999306442 16.91570017441 0.011964 -0.01141 "Gaia EDR3 3358218779666653696" 0.3288 0.804 0.383 0.383 -0.707 0.284 19.082123 0.004568 19.383982 0.041522 18.723269 0.033494 0.660713 0.5906950000000001 0.05334720723711786
103.23048815231 16.94585904236 -0.035394 0.018752 "Gaia EDR3 3358219780396104320" 0.5236 1.705 0.191 0.606 -1.694 0.44 19.611805 0.006866 19.9521 0.060278 19.136745 0.059546 0.815355 0.220643 0.08472994393955421
103.26774506035 16.92317621612 0.000246 -0.003935 "Gaia EDR3 3358218990120592256" 0.2779 1.574 0.706 0.37 -1.407 0.343 18.870054 0.004307 19.147167 0.024771 18.475145 0.027151 0.672022 0.220645 0.036752948752447064
103.29459730308 16.94002682579 0.025933 0.012918 "Gaia EDR3 3358219402437403136" 0.5006 0.768 -0.397 0.603 -0.657 0.411 19.752542 0.006014 19.962557 0.049415 19.376017 0.049915 0.58654 0.16283899999999998 0.07023780641506396
103.27006357668 16.91820925626 0.002464 -0.008901 "Gaia EDR3 3358218887041381248" 0.3858 0.481 -0.081 0.478 -0.474 0.343 19.409876 0.005478 19.690983 0.075645 18.84187 0.059514 0.849113 -0.262573 0.09625010244669872
103.26827527787 16.90131980995 0.000753 -0.025791 "Gaia EDR3 3358218642227675904" 0.4528 1.339 0.081 0.557 -1.337 0.386 19.387224 0.005329 19.626513 0.069641 18.92642 0.080218 0.700092 -0.576292 0.10622992236182797
103.27193846505 16.91632604523 0.004258 -0.010785 "Gaia EDR3 3358218680882951808" 0.4621 1.24 0.742 0.56 -0.993 0.396 19.57688 0.005731 19.809156 0.043671 19.140127 0.051938 0.669029 0.424367 0.06785802889120786
103.27727760126 16.9613417427 0.009363 0.034231 "Gaia EDR3 3358219466861522816" 0.2115 1.472 0.521 0.325 -1.377 0.306 18.490492 0.004174 18.678303 0.027218 17.993984 0.023006 0.684319 0.54447 0.035638400076322165
103.24269369918 16.89004326902 -0.023725 -0.037066 "Gaia EDR3 3358217169056540928" 0.2219 1.667 0.485 0.313 -1.595 0.301 18.490862 0.003592 18.825108 0.029965 18.00595 0.025046 0.819157 -0.239437 0.0390538518074722
103.26936338045 16.91857180945 0.001794 -0.008539 "Gaia EDR3 3358218882747663616" 0.3169 0.741 0.031 0.388 -0.74 0.286 19.133524 0.004646 19.372454 0.058656 18.626583 0.059438 0.745871 -0.5829099999999999 0.08350689899643023
103.27964361113 16.91792006161 0.011629 -0.00919 "Gaia EDR3 3358218783962154240" 0.2591 1.723 0.466 0.328 -1.659 0.32 18.508286 0.004793 "" "" "" "" "" 0.199053 ""
103.27356009384 16.89468366262 0.00581 -0.032427 "Gaia EDR3 3358218577803758848" 0.4992 0.917 0.069 0.506 -0.915 0.44 19.95337 0.006794 20.251982 0.079889 19.5957 0.052656 0.656282 -0.651544 0.09568127641811641
103.26722984382 16.92559348331 -0.000247 -0.001517 "Gaia EDR3 3358218990122651264" 0.1769 0.774 -0.409 0.278 -0.657 0.26 18.15508 0.003455 18.44206 0.014166 17.705807 0.023564 0.736254 0.24652 0.027494320358939593
103.28829474356 16.93277486546 0.019904 0.005665 "Gaia EDR3 3358218814028287872" 0.6226 1.454 0.183 0.897 -1.442 0.855 20.039698 0.007859 20.344538 0.125111 19.676527 0.110664 0.668011 0.6289440000000001 0.16703078523733284
103.25963270904 16.94207472279 -0.007515 0.014964 "Gaia EDR3 3358219054552203520" 0.407 1.421 0.781 0.5 -1.187 0.423 19.237997 0.00488 19.566336 0.040855 18.854626 0.039939 0.71171 0.36451599999999995 0.057133656858282755
103.26063128527 16.91436029661 -0.00656 -0.01275 "Gaia EDR3 3358218887043443072" 0.2102 0.939 -0.119 0.31 -0.932 0.287 18.40452 0.00364 18.785336 0.029999 17.994635 0.017766 0.790701 -0.599088 0.034865036311468256
103.2718836777 16.94080587371 0.004205 0.013695 "Gaia EDR3 3358219093198550016" 0.5661 0.475 0.066 0.604 -0.47 0.453 19.742321 0.00714 "" "" "" "" "" -0.392185 ""
103.26001322254 16.92555894795 -0.007151 -0.001552 "Gaia EDR3 3358218887040156032" 0.4129 1.328 -0.527 0.442 -1.219 0.33 19.3098 0.006012 19.142174 0.055178 18.493765 0.028259 0.648409 -0.08185200000000001 0.06199340904483314
103.25107810297 16.922936841 -0.0157 -0.004173 "Gaia EDR3 3358218955762385408" 0.0562 1.258 0.857 0.064 -0.921 0.057 16.561743 0.002871 16.815151 0.004675 16.179085 0.005807 0.636066 0.21576199999999998 0.007454989872561867
103.30126039272 16.92546556483 0.032309 -0.001642 "Gaia EDR3 3358218745306935552" 0.3786 1.006 0.714 0.451 -0.708 0.305 19.39053 0.0052 19.779724 0.076551 18.993843 0.039439 0.785881 -0.297591 0.0861132412698535
103.26957618972 16.92677797414 0.001997 -0.000333 "Gaia EDR3 3358218985831628800" 0.3841 0.929 -0.195 0.444 -0.909 0.293 19.105452 0.005101 19.320402 0.046982 18.597984 0.04513 0.722418 -0.577276 0.06514618349527469
103.28601930933 16.94832894941 0.017726 0.021219 "Gaia EDR3 3358219402439494528" 0.1115 1.57 -0.322 0.153 -1.537 0.141 17.596138 0.003108 17.917282 0.01532 17.118612 0.010751 0.79867 0.287313 0.01871593975732985
103.26465480884 16.93424241363 -0.002711 0.007132 "Gaia EDR3 3358219058838827392" 0.5085 0.821 -0.446 0.519 -0.69 0.383 19.642952 0.006883 20.080153 0.050823 19.32163 0.051886 0.758522 0.26953 0.07263011995721885
103.27688059429 16.92194049547 0.008986 -0.00517 "Gaia EDR3 3358218783962152320" 0.4078 0.695 -0.206 0.468 -0.664 0.336 19.386593 0.005204 19.474136 0.050744 18.750153 0.049328 0.723984 -0.47209700000000004 0.07076867329546316
103.25860226652 16.94321055942 -0.0085 0.0161 "Gaia EDR3 3358219058838822144" 0.3426 1.318 -0.49 0.325 -1.224 0.256 19.106073 0.004335 19.441917 0.053467 18.642668 0.032068 0.79925 -0.260757 0.06234642502180859
103.29923358552 16.95193994747 0.030366 0.024832 "Gaia EDR3 3358219402439487488" 0.0254 0.608 -0.193 0.03 -0.576 0.024 14.812943 0.00279 15.040169 0.003423 14.438926 0.003958 0.601243 0.541124 0.0052328475039886265
103.21832658828 16.94124825493 -0.047028 0.014143 "Gaia EDR3 3358219741739379584" 0.2719 1.367 0.279 0.201 -1.338 0.161 18.09953 0.003417 18.638151 0.01914 17.41444 0.014223 1.223711 0.728521 0.02384603382116196
103.282835045 16.91458997388 0.014683 -0.01252 "Gaia EDR3 3358218779666650112" 0.635 0.927 0.291 0.735 -0.881 0.519 19.82589 0.006383 20.204605 0.07314 19.408283 0.059186 0.796322 0.774211 0.09408741784106948
103.27711056321 16.92447511976 0.009205 -0.002635 "Gaia EDR3 3358218985827123072" 0.2499 0.489 -0.262 0.597 -0.413 0.601 18.671448 0.004271 19.199646 0.030566 18.066668 0.018549 1.132978 0.120403 0.035753961416883584
103.27481925288 16.91923142557 0.007014 -0.007879 "Gaia EDR3 3358218783962158976" 0.331 1.802 0.399 0.394 -1.758 0.284 19.124262 0.004727 19.472788 0.061708 18.715733 0.048936 0.757055 0.082256 0.07875664644968068
103.26116355688 16.96958817749 -0.006049 0.042478 "Gaia EDR3 3358220295792151424" 0.1627 1.156 -0.574 0.218 -1.004 0.195 17.777315 0.004336 18.070538 0.021787 17.009478 0.030008 1.06106 0.307862 0.03708306126791584
103.25166592999 16.91831695147 -0.015138 -0.008793 "Gaia EDR3 3358218882745872512" 0.5975 1.228 -0.586 0.686 -1.079 0.557 19.962112 0.006482 20.309055 0.076688 19.653313 0.082731 0.655743 -0.256897 0.11280721477370143
