RA_ICRS DE_ICRS _x _y EDR3Name e_Plx PM pmRA e_pmRA pmDE e_pmDE Gmag e_Gmag BPmag e_BPmag RPmag e_RPmag BP-RP Plx_corr e_BP-RP
100.31145502667 -16.4869511132 -0.0043 -0.004496 "Gaia EDR3 2946940515360517888" 0.0996 0.87 -0.139 0.09 0.859 0.108 17.688993 0.003067 18.112667 0.015663 17.069298 0.013828 1.043369 0.129211 0.02089361512520033
100.31002118439 -16.49509730722 -0.005675 -0.012642 "Gaia EDR3 2946940480998592640" 0.1355 0.859 -0.1 0.135 0.853 0.153 18.24772 0.00325 18.712105 0.038618 17.57122 0.031001 1.140884 0.144715 0.04952183281139744
100.28506141221 -16.48873290224 -0.029608 -0.00628 "Gaia EDR3 2946940549720261888" 0.0384 0.841 -0.129 0.037 0.831 0.041 15.625237 0.002788 16.354408 0.005985 14.770461 0.004426 1.583947 0.136346 0.0074437692736946115
100.33520408154 -16.47299557761 0.018474 0.009459 "Gaia EDR3 2946940652799463552" 0.0256 0.84 -0.14 0.025 0.828 0.028 15.151368 0.002783 16.00621 0.003729 14.243657 0.003934 1.762553 0.148118 0.005420497855363473
100.31174092305 -16.47564982537 -0.004026 0.006805 "Gaia EDR3 2946940687159206400" 0.0158 0.881 -0.131 0.016 0.871 0.018 14.010428 0.002808 14.763954 0.006095 13.083893 0.004344 1.680061 0.11610100000000001 0.007484608272982627
100.3231049753 -16.44676783345 0.006872 0.035687 "Gaia EDR3 2946947352948442496" 0.0519 0.897 -0.155 0.052 0.883 0.058 16.660429 0.00284 17.422777 0.013125 15.810232 0.005084 1.612545 0.144855 0.014075250654961707
100.33773409 -16.48435963766 0.020899 -0.001906 "Gaia EDR3 2946940412281296640" 0.0153 0.864 -0.17 0.015 0.848 0.017 13.884003 0.002783 14.875096 0.003438 12.900571 0.004023 1.974525 0.128933 0.005291915815656935
100.31999263518 -16.50564768679 0.003886 -0.023193 "Gaia EDR3 2946940274842353280" 0.0352 0.904 -0.101 0.034 0.899 0.038 15.825121 0.002791 16.600996 0.004056 14.960153 0.003991 1.640843 0.12174199999999999 0.005690273894989589
100.28558876465 -16.4880315967 -0.029103 -0.005579 "Gaia EDR3 2946941305634505856" 0.0344 0.921 -0.113 0.033 0.914 0.037 15.486503 0.002787 16.187984 0.004244 14.654157 0.004261 1.533828 0.156901 0.006013955187727957
100.31936167168 -16.47094102672 0.003282 0.011514 "Gaia EDR3 2946940687159203840" 0.028 0.82 -0.092 0.027 0.815 0.031 15.334238 0.002796 16.125689 0.010255 14.416319 0.005168 1.70937 0.161539 0.011483607839002515
100.30697954787 -16.48790774188 -0.008591 -0.005453 "Gaia EDR3 2946940584079996160" 0.0285 0.827 -0.161 0.027 0.812 0.031 15.376355 0.002786 16.207083 0.004557 14.48126 0.003971 1.725822 0.162273 0.0060444263582245744
100.31361452633 -16.49364758709 -0.002229 -0.011192 "Gaia EDR3 2946940511061345536" 0.0811 0.874 -0.193 0.077 0.853 0.088 17.279516 0.00295 17.959381 0.019775 16.450739 0.007905 1.508642 0.124767 0.021296470364828065
100.33620769561 -16.48474373876 0.019435 -0.00229 "Gaia EDR3 2946940412279088640" 0.1749 0.893 -0.095 0.165 0.888 0.194 18.722738 0.00369 19.200436 0.042306 17.96159 0.027668 1.238846 0.185149 0.05055013214621699
100.32414307752 -16.49029415212 0.007866 -0.007839 "Gaia EDR3 2946940515360516352" 0.1182 0.851 -0.18 0.118 0.832 0.132 18.085442 0.003149 18.641005 0.026729 17.383364 0.008897 1.257641 0.100915 0.02817083687077826
100.30919738619 -16.49506778368 -0.006465 -0.012613 "Gaia EDR3 2946940480998592896" 0.1325 0.822 -0.081 0.138 0.818 0.152 18.165525 0.003385 18.515873 0.037358 17.33531 0.021747 1.180563 0.100602 0.04322675297775673
100.32756769809 -16.47733203961 0.011151 0.005123 "Gaia EDR3 2946940614140578688" 0.1638 0.881 -0.198 0.155 0.858 0.182 18.661983 0.003466 19.129753 0.025788 18.010542 0.022457 1.119211 0.116868 0.03419558148357767
100.31844689242 -16.48269637473 0.002404 -0.000241 "Gaia EDR3 2946940515360515200" 0.0788 0.866 -0.197 0.074 0.843 0.086 17.38519 0.002944 17.867374 0.013915 16.685762 0.010029 1.181612 0.121143 0.017152494454160304
100.28298204891 -16.48205360588 -0.031603 0.000399 "Gaia EDR3 2946941301335340032" 0.1337 0.812 -0.083 0.131 0.807 0.153 18.369015 0.003326 18.850546 0.024249 17.733913 0.012024 1.116632 0.159443 0.027066410493451102
100.2981199895 -16.51447231308 -0.017084 -0.032018 "Gaia EDR3 2946940098744462848" 0.1201 0.859 -0.062 0.114 0.856 0.131 18.116404 0.003182 18.637077 0.030256 17.449997 0.012331 1.18708 0.168578 0.03267229861824846
100.3351616033 -16.47179779886 0.018433 0.010656 "Gaia EDR3 2946940648503339776" 0.1017 0.796 -0.127 0.102 0.786 0.116 17.848866 0.003053 18.563972 0.016911 17.020521 0.00918 1.543451 0.136426 0.019241993685686524
100.29331764656 -16.46686165743 -0.021694 0.015592 "Gaia EDR3 2946941339994237312" 0.0314 0.894 -0.175 0.032 0.877 0.035 15.590338 0.002779 16.332817 0.004358 14.744321 0.00433 1.588496 0.094956 0.006143375619315491
100.329723508 -16.47436074918 0.013218 0.008094 "Gaia EDR3 2946940618439726208" 0.0518 0.865 -0.203 0.049 0.841 0.058 16.546484 0.002828 17.2403 0.005907 15.730885 0.004323 1.509415 0.13427999999999998 0.00731990286820802
100.2843039283 -16.4926155164 -0.030334 -0.010163 "Gaia EDR3 2946940171763140992" 0.0471 0.88 -0.153 0.043 0.867 0.05 16.362892 0.002821 16.62599 0.005292 15.92656 0.005656 0.69943 0.21770499999999998 0.00774568266842891
100.33431661614 -16.49648595926 0.017621 -0.014032 "Gaia EDR3 2946940412281300736" 0.0749 0.927 -0.175 0.075 0.91 0.084 17.279852 0.002953 17.614136 0.008111 16.773987 0.008389 0.840149 0.185699 0.01166891777329843
100.3000982741 -16.48151250824 -0.01519 0.000942 "Gaia EDR3 2946940584079995520" 0.0319 0.79 -0.087 0.031 0.785 0.035 15.679835 0.002784 16.430252 0.005074 14.828762 0.004077 1.60149 0.15464 0.0065090248885681795
100.37009263023 -16.48656028824 0.051927 -0.004112 "Gaia EDR3 2946946249137659136" 0.2185 0.937 -0.17 0.207 0.922 0.241 19.07103 0.00401 19.551 0.048757 18.39147 0.031508 1.159531 0.085285 0.0580516934550578
100.3542129851 -16.50197666579 0.036697 -0.019525 "Gaia EDR3 2946940343561821184" 0.0454 0.889 -0.193 0.044 0.868 0.05 16.33798 0.002816 17.109573 0.005762 15.481185 0.004276 1.628388 0.078913 0.007175292328539654
100.28293223983 -16.50993985854 -0.031646 -0.027487 "Gaia EDR3 2946940137403406848" 0.0605 0.785 -0.147 0.058 0.771 0.066 16.874113 0.002855 17.600067 0.011604 16.040192 0.006038 1.559875 0.160281 0.01308091204771288
100.34251961049 -16.51331121112 0.025484 -0.030858 "Gaia EDR3 2946940240480416128" 0.0321 0.784 -0.083 0.032 0.779 0.035 15.629583 0.002793 16.36983 0.006545 14.771567 0.004178 1.598262 0.13828200000000002 0.007764837989295076
100.33144420396 -16.48707795234 0.014867 -0.004623 "Gaia EDR3 2946940412281298560" 0.0658 0.942 -0.14 0.061 0.931 0.071 16.894432 0.002874 17.633312 0.009943 16.078768 0.005726 1.554544 0.078399 0.011473897550527459
100.31709807152 -16.46861886749 0.001111 0.013836 "Gaia EDR3 2946940682860067712" 0.0562 0.928 -0.17 0.054 0.912 0.062 16.83277 0.002858 17.088114 0.005472 16.440659 0.00585 0.647455 0.073411 0.008010323588969425
100.3052253158 -16.48306103316 -0.010274 -0.000606 "Gaia EDR3 2946940579780838016" 0.0634 0.927 -0.132 0.061 0.917 0.069 17.020948 0.002875 17.399637 0.009835 16.472683 0.006606 0.926954 0.058604 0.011847635249280761
100.34186570351 -16.45971860495 0.024864 0.022735 "Gaia EDR3 2946946524015600512" 0.145 0.862 -0.145 0.143 0.85 0.169 18.498198 0.003297 19.037643 0.03062 17.803877 0.020574 1.233767 0.031871 0.036890024071556254
100.31697869474 -16.49771420065 0.000996 -0.015259 "Gaia EDR3 2946940515360519680" 0.0439 0.816 -0.037 0.042 0.815 0.047 16.233677 0.002848 16.959902 0.006817 15.366609 0.005434 1.593293 0.11607200000000001 0.008717788997217127
100.31329693588 -16.45597884975 -0.002534 0.026476 "Gaia EDR3 2946941473134064640" 0.0929 0.909 -0.039 0.095 0.909 0.106 17.750307 0.00302 17.993736 0.012716 17.32516 0.013337 0.668577 0.110079 0.018427485585396614
100.31300585699 -16.48679282094 -0.002813 -0.004338 "Gaia EDR3 2946940515360517504" 0.0953 0.851 -0.048 0.083 0.849 0.101 17.45481 0.003083 17.813297 0.010261 16.432873 0.009223 1.380424 0.209248 0.013796805789747133
100.31359912763 -16.49077980092 -0.002244 -0.008325 "Gaia EDR3 2946940511061353600" 0.0934 0.782 -0.064 0.09 0.779 0.104 17.4856 0.002976 18.016504 0.011688 16.78503 0.009132 1.231474 0.109072 0.014832490283158792
100.33815268974 -16.51673539571 0.021297 -0.034281 "Gaia EDR3 2946940240482613376" 0.0576 0.963 -0.202 0.052 0.941 0.06 16.66182 0.002846 17.409567 0.009667 15.813933 0.005881 1.595633 0.09467 0.011315345774654878
100.2762331303 -16.46909166244 -0.038077 0.01336 "Gaia EDR3 2946941374353979904" 0.0703 0.93 -0.027 0.071 0.93 0.079 17.231157 0.002899 17.791838 0.012748 16.524305 0.005737 1.267532 0.14979199999999998 0.013979437506566566
100.34752357936 -16.48324334964 0.030286 -0.000791 "Gaia EDR3 2946940442341882496" 0.0599 0.876 -0.016 0.058 0.876 0.065 16.865686 0.00288 17.598307 0.011366 16.023958 0.006139 1.574348 0.085271 0.01291794399275674
100.30881301364 -16.4828827057 -0.006834 -0.000428 "Gaia EDR3 2946940579780835072" 0.087 0.843 -0.171 0.086 0.826 0.103 17.375015 0.00297 18.083868 0.011401 16.570911 0.007635 1.512957 0.253099 0.01372137114139837
100.36627042246 -16.4736432518 0.048265 0.008806 "Gaia EDR3 2946946317857152128" 0.1578 0.753 -0.067 0.153 0.75 0.178 18.542093 0.003443 19.05885 0.04599 17.88406 0.014574 1.174789 0.11122699999999999 0.048243979686588875
100.33494711285 -16.48549181023 0.018226 -0.003038 "Gaia EDR3 2946940412281297536" 0.0726 0.937 -0.038 0.072 0.937 0.08 17.13014 0.002878 17.881851 0.01299 16.290823 0.006292 1.591028 0.188443 0.01443361922734558
100.31136230174 -16.47556581846 -0.004389 0.006889 "Gaia EDR3 2946940687157004032" 0.0729 0.941 -0.244 0.064 0.909 0.089 16.940084 0.007639 "" "" "" "" "" 0.096912 ""
100.27028218581 -16.52673951303 -0.043771 -0.044289 "Gaia EDR3 2946939965602559616" 0.4062 0.955 -0.038 0.363 0.954 0.425 19.870647 0.005518 20.301258 0.072897 19.23236 0.042826 1.068897 0.103388 0.08454607551507048
100.28774812951 -16.50296502297 -0.02703 -0.020512 "Gaia EDR3 2946940167463949696" 0.309 0.93 -0.073 0.287 0.927 0.332 19.59935 0.004698 20.116898 0.08437 18.968082 0.039761 1.148815 0.023411 0.09326968436206912
100.31476443008 -16.48628445982 -0.001127 -0.003829 "Gaia EDR3 2946940515360517120" 0.1193 0.757 -0.16 0.114 0.74 0.135 17.979801 0.003237 18.483929 0.017346 17.275043 0.010525 1.208885 0.195474 0.020289389862684387
100.29379779475 -16.52020320258 -0.021228 -0.037749 "Gaia EDR3 2946939862525500288" 0.0643 0.96 -0.075 0.061 0.957 0.07 17.008335 0.002889 17.294413 0.00659 16.57538 0.007101 0.719032 0.226195 0.009687739726066137
100.33663965998 -16.44377159457 0.019854 0.038683 "Gaia EDR3 2946946592735096192" 0.1345 0.922 -0.143 0.132 0.91 0.151 18.330446 0.0032 18.886372 0.027882 17.679878 0.015602 1.206493 0.0034280000000000005 0.03195040419149655
100.32451984795 -16.48334580366 0.008228 -0.000891 "Gaia EDR3 2946940618439729024" 0.0563 0.832 0.014 0.052 0.832 0.059 16.63412 0.00286 16.863459 0.006131 16.243877 0.008193 0.619581 0.140955 0.010233005912242991
100.34263737668 -16.44892082986 0.025605 0.033533 "Gaia EDR3 2946946592735089792" 0.1971 0.73 -0.077 0.19 0.726 0.223 18.95716 0.00389 19.541716 0.079696 18.308739 0.016055 1.232977 0.15604600000000002 0.08129708138057602
100.29152418488 -16.47968078358 -0.023412 0.002773 "Gaia EDR3 2946941301335346688" 0.1043 0.998 -0.126 0.092 0.99 0.11 17.773096 0.003038 18.350374 0.012722 17.054592 0.010175 1.295782 0.065784 0.01629048522911457
100.30657930596 -16.49683352231 -0.008975 -0.014379 "Gaia EDR3 2946940481000783872" 0.0662 0.823 0.014 0.066 0.823 0.073 17.000027 0.002887 17.303064 0.007857 16.548033 0.007407 0.755032 0.17285799999999998 0.010797967308711394
100.31799579381 -16.49768279793 0.001972 -0.015228 "Gaia EDR3 2946940515358327168" 0.1031 0.83 0.018 0.099 0.83 0.118 17.857918 0.003105 18.435568 0.026685 17.116356 0.015167 1.319212 0.178583 0.030694089235551527
100.30376608065 -16.48370354198 -0.011673 -0.001249 "Gaia EDR3 2946940584079995392" 0.0774 0.936 -0.107 0.072 0.93 0.083 17.352226 0.003032 17.701124 0.007833 16.832943 0.007855 0.868181 0.280383 0.011093102090939215
100.30316077046 -16.48645166345 -0.012253 -0.003997 "Gaia EDR3 2946940579780829056" 0.1236 0.926 -0.155 0.117 0.912 0.137 18.139252 0.003118 18.65436 0.019918 17.429758 0.014314 1.224602 0.28493599999999997 0.024527888616837773
100.32440385819 -16.47939959108 0.008117 0.003055 "Gaia EDR3 2946940614140575872" 0.1701 0.9 -0.281 0.165 0.855 0.191 18.677677 0.00347 19.1566 0.031269 18.035051 0.009345 1.12155 0.191277 0.032635554017053245
100.33169597237 -16.50363668455 0.015107 -0.021182 "Gaia EDR3 2946940304902901888" 0.1961 0.796 0.021 0.187 0.795 0.218 18.903097 0.003876 19.494112 0.040471 18.289621 0.019157 1.204491 0.161153 0.04477602583972812
100.3325228508 -16.47617764422 0.015902 0.006277 "Gaia EDR3 2946940618439726080" 0.127 0.77 -0.129 0.12 0.759 0.143 18.129015 0.003225 18.546211 0.020809 17.495157 0.019583 1.051054 0.273975 0.028574610583523268
100.30724864551 -16.47153674525 -0.008334 0.010918 "Gaia EDR3 2946940682860062720" 0.1187 0.918 -0.01 0.116 0.918 0.137 18.209635 0.003151 18.845205 0.018373 17.469107 0.01155 1.376099 0.022219 0.021701834692025464
100.2993764845 -16.51317453492 -0.01588 -0.03072 "Gaia EDR3 2946940103043666432" 0.0924 0.716 -0.122 0.084 0.705 0.098 17.546436 0.003016 18.293707 0.01778 16.725206 0.007355 1.568501 0.222278 0.019241216827425443
100.32776640927 -16.49525272881 0.01134 -0.012798 "Gaia EDR3 2946940304902912000" 0.225 1.0 -0.14 0.213 0.99 0.246 18.941908 0.00382 19.428883 0.032017 18.290535 0.016616 1.138348 0.25285799999999997 0.0360718691642116
100.34091680153 -16.47548336124 0.023952 0.00697 "Gaia EDR3 2946940648500319616" 0.2453 0.721 -0.184 0.243 0.697 0.27 19.06396 0.004117 19.614668 0.064495 18.431677 0.024498 1.182991 0.085828 0.06899099237581671
100.32902162728 -16.48526621507 0.012544 -0.002812 "Gaia EDR3 2946940614140569728" 0.1737 0.948 -0.225 0.165 0.921 0.193 18.738153 0.003528 19.22419 0.042942 18.11195 0.022509 1.11224 0.271129 0.0484837131931951
100.31735961466 -16.46759365881 0.001362 0.014861 "Gaia EDR3 2946940682863077888" 0.1273 0.952 -0.064 0.122 0.949 0.141 18.255928 0.003199 18.917425 0.030894 17.477966 0.011179 1.439459 -0.008823000000000001 0.03285436465676973
100.30885573722 -16.48543157064 -0.006792 -0.002977 "Gaia EDR3 2946940579780835328" 0.1239 0.922 -0.257 0.114 0.885 0.134 18.127537 0.003211 18.674458 0.023526 17.344217 0.017876 1.33024 0.008693999999999997 0.02954698042101764
100.30287723614 -16.48434306861 -0.012525 -0.001888 "Gaia EDR3 2946940584077801984" 0.1259 0.809 -0.208 0.121 0.781 0.14 18.249907 0.003227 18.731476 0.018154 17.590782 0.014828 1.140694 0.279853 0.0234400789247818
100.34728232641 -16.43873491539 0.030062 0.043718 "Gaia EDR3 2946946627094839936" 0.1945 0.886 0.018 0.192 0.886 0.224 18.932896 0.003731 19.50316 0.046701 18.272219 0.029419 1.230942 0.24159 0.055194754841379624
100.31465731207 -16.52001263174 -0.001229 -0.037558 "Gaia EDR3 2946939892586024192" 0.1347 0.776 -0.127 0.12 0.765 0.144 18.18506 0.003186 18.681948 0.017787 17.54924 0.010282 1.132708 0.2947 0.020544996787539294
100.28152493804 -16.47218698262 -0.033002 0.010265 "Gaia EDR3 2946941370054828928" 0.2365 0.758 -0.136 0.237 0.746 0.267 19.235437 0.004013 19.732845 0.047169 18.64543 0.022841 1.087416 -0.017412 0.05240826119992916
100.31297931533 -16.48158596398 -0.002838 0.000869 "Gaia EDR3 2946940579780834688" 0.1585 0.847 -0.299 0.154 0.793 0.18 18.59023 0.003483 19.028557 0.026451 17.857592 0.017472 1.170965 0.16511699999999999 0.03170057073618707
100.28545866356 -16.45866096545 -0.029232 0.023792 "Gaia EDR3 2946941404414584960" 0.1311 0.887 -0.311 0.137 0.83 0.151 18.311697 0.003241 18.812397 0.030132 17.678537 0.017961 1.13386 0.086172 0.0350789815274047
100.33666063125 -16.47552222448 0.01987 0.006932 "Gaia EDR3 2946940648500323584" 0.135 0.895 -0.0 0.131 0.895 0.153 18.297358 0.003228 18.97428 0.039528 17.532152 0.01342 1.442127 -0.004102999999999999 0.041743971828277195
100.34450269638 -16.51908734268 0.027384 -0.036634 "Gaia EDR3 2946752563294485632" 0.1395 0.869 -0.311 0.136 0.811 0.156 18.34335 0.003198 18.832191 0.026004 17.669664 0.00979 1.162527 0.09984199999999999 0.027785825811013787
100.31482828825 -16.47204006822 -0.001066 0.010415 "Gaia EDR3 2946940682860061184" 0.3434 1.057 -0.215 0.329 1.034 0.378 19.78308 0.004815 20.338165 0.083451 19.190647 0.039687 1.147518 0.143178 0.09240739889208006
100.30075534877 -16.50689716144 -0.014558 -0.024443 "Gaia EDR3 2946940098744468736" 0.0708 0.96 0.034 0.066 0.96 0.076 17.166672 0.002921 17.497913 0.009526 16.654362 0.005751 0.843552 0.20500100000000002 0.01112738410409203
100.29881049607 -16.49655082686 -0.016424 -0.014096 "Gaia EDR3 2946940476701602176" 0.1295 0.877 -0.243 0.12 0.843 0.144 18.090027 0.003219 18.597353 0.02391 17.401392 0.013979 1.195961 -0.028641 0.02769657995132251
100.26177436952 -16.49093022099 -0.051937 -0.008482 "Gaia EDR3 2946940889018470656" 0.1342 0.739 -0.075 0.13 0.735 0.153 18.194054 0.003134 18.687012 0.021327 17.54696 0.011331 1.140051 0.29204 0.024150206831412436
100.30704043619 -16.49056142389 -0.008533 -0.008106 "Gaia EDR3 2946940511061348480" 0.1233 0.761 -0.038 0.116 0.76 0.136 18.178663 0.003214 18.882263 0.025662 17.41209 0.012828 1.470173 0.294336 0.02868964670399411
100.32327687033 -16.48459744094 0.007036 -0.002142 "Gaia EDR3 2946940614140571136" 0.2212 0.834 -0.191 0.22 0.812 0.25 18.853193 0.003783 19.345469 0.036129 18.17023 0.017234 1.175238 -0.061232999999999996 0.04002893199924275
100.3176560534 -16.51213951222 0.001646 -0.029684 "Gaia EDR3 2946940270543155456" 0.1231 1.028 -0.289 0.118 0.987 0.14 18.079142 0.003111 18.605576 0.02528 17.403744 0.011591 1.201832 0.184391 0.027810603751087463
100.3101859801 -16.49636848109 -0.005517 -0.013913 "Gaia EDR3 2946940480998594560" 0.1057 0.783 -0.142 0.106 0.771 0.12 17.810358 0.003143 18.187275 0.025382 17.068304 0.020908 1.118971 -0.05418800000000001 0.03288450072602593
100.30508475558 -16.52238724949 -0.010406 -0.039932 "Gaia EDR3 2946939892586022784" 0.096 0.907 -0.004 0.089 0.907 0.105 17.719475 0.003034 18.2384 0.018408 17.02536 0.009174 1.213039 0.30258 0.02056737076050315
100.28146955589 -16.45207800956 -0.033059 0.030374 "Gaia EDR3 2946941610573022848" 0.1914 1.069 -0.239 0.188 1.042 0.215 18.899834 0.003602 19.477781 0.031374 18.287703 0.021208 1.190079 0.114504 0.0378696070748034
100.3301877219 -16.52150424938 0.01366 -0.03905 "Gaia EDR3 2946940206121166208" 0.364 0.953 -0.175 0.319 0.937 0.402 19.547543 0.004618 20.136753 0.066919 18.83054 0.049175 1.306213 0.324838 0.08304416406948775
100.33372756496 -16.50903252666 0.017055 -0.026578 "Gaia EDR3 2946940236183419904" 0.1402 0.676 -0.05 0.119 0.674 0.154 18.112621 0.003145 18.65741 0.022748 17.400442 0.012685 1.256968 0.050556000000000004 0.026045743011094923
100.32687081271 -16.44572361745 0.010484 0.036731 "Gaia EDR3 2946947348649336576" 0.1471 0.767 -0.065 0.149 0.765 0.169 18.556803 0.003302 19.048754 0.041743 17.859518 0.028398 1.189236 -0.053102 0.05048687406643434
100.30949281778 -16.49705089573 -0.006181 -0.014596 "Gaia EDR3 2946940480998597120" 0.1486 0.996 -0.174 0.146 0.981 0.168 18.376883 0.003331 18.760117 0.021117 17.78572 0.02004 0.974396 0.315593 0.029112356294192333
100.28704701962 -16.4737467129 -0.027706 0.008706 "Gaia EDR3 2946941335698105856" 0.1171 0.884 -0.324 0.108 0.822 0.125 18.01577 0.003141 18.494745 0.026637 17.253311 0.017549 1.241434 0.234385 0.03189823145567792
100.32288970324 -16.44825136787 0.006666 0.034204 "Gaia EDR3 2946941473134076288" 0.1248 0.814 -0.32 0.126 0.749 0.146 18.257563 0.003167 18.805258 0.040421 17.553741 0.01159 1.251516 0.163295 0.04204979596858943
100.30950678648 -16.49930762813 -0.006168 -0.016853 "Gaia EDR3 2946940476701598720" 0.1074 0.97 -0.337 0.102 0.91 0.119 17.911226 0.003132 18.4587 0.019518 17.237226 0.00892 1.221474 0.07329 0.021459699997903047
100.31408873162 -16.4925306127 -0.001775 -0.010076 "Gaia EDR3 2946940515358924928" 0.8318 0.678 -0.175 1.089 0.655 1.234 20.559278 0.011108 20.844435 0.130329 19.851892 0.122078 0.992542 0.191874 0.1785740359766783
100.36030940491 -16.48135109739 0.042547 0.001099 "Gaia EDR3 2946940377921554560" 0.1164 0.939 -0.107 0.113 0.933 0.131 18.000353 0.003134 18.70043 0.022181 17.215364 0.010373 1.485065 -0.075279 0.024486647177594568
100.34868511112 -16.43415813317 0.031408 0.048294 "Gaia EDR3 2946946627094843904" 0.2977 0.788 0.076 0.299 0.784 0.353 19.41137 0.004409 20.33783 0.072614 18.669867 0.022087 1.667963 0.05008699999999999 0.07589880476661012
100.33295172641 -16.45545870415 0.016315 0.026996 "Gaia EDR3 2946946592735082752" 0.2686 1.056 -0.004 0.243 1.056 0.29 19.30891 0.004312 19.778955 0.056435 18.70434 0.032673 1.074615 0.097765 0.0652106904886001
100.33890287922 -16.45819292941 0.022023 0.024261 "Gaia EDR3 2946946592735078144" 0.176 0.851 -0.022 0.175 0.85 0.201 18.650526 0.003429 19.18906 0.037141 17.972664 0.022702 1.216396 -0.07541800000000001 0.0435296988847844
100.31068459033 -16.49645669193 -0.005039 -0.014002 "Gaia EDR3 2946940481000782720" 0.1937 0.733 -0.279 0.187 0.678 0.214 18.730888 0.003674 "" "" "" "" "" 0.157904 ""
100.3221504856 -16.50597161277 0.005955 -0.023517 "Gaia EDR3 2946940270543162240" 0.328 0.91 0.1 0.295 0.904 0.354 19.584656 0.004751 20.231394 0.072645 18.947668 0.035823 1.283726 0.189624 0.08099742807027888
100.32891180905 -16.43494682982 0.012442 0.047508 "Gaia EDR3 2946947352946207872" 0.3945 1.096 -0.143 0.402 1.086 0.446 19.735157 0.004886 20.003744 0.110782 18.93427 0.048223 1.069473 0.029301 0.12082263551586682
100.34845286623 -16.47970040036 0.031178 0.002752 "Gaia EDR3 2946940442341883776" 0.1398 1.086 -0.289 0.139 1.047 0.161 18.362522 0.00324 18.891373 0.027597 17.67007 0.018663 1.221302 0.129446 0.033315191399720334
100.3299154551 -16.44715010094 0.013404 0.035305 "Gaia EDR3 2946947348649335168" 0.1308 1.115 -0.123 0.129 1.109 0.148 18.276873 0.003298 18.983377 0.027123 17.485706 0.013794 1.497671 0.134652 0.030429123631810367
100.32026694512 -16.47181305697 0.00415 0.010642 "Gaia EDR3 2946940687156994304" 0.252 0.792 -0.043 0.225 0.791 0.268 19.180477 0.004192 19.537086 0.04116 18.39198 0.027375 1.145107 -0.10101299999999999 0.049432137572635884
100.33023386423 -16.49308856643 0.013706 -0.010634 "Gaia EDR3 2946940407982131584" 0.1037 1.091 -0.252 0.104 1.062 0.118 17.873428 0.003066 18.544949 0.019883 17.087488 0.012136 1.45746 0.051224000000000006 0.023294123400548903
100.31889035535 -16.47118597116 0.00283 0.011269 "Gaia EDR3 2946940687156994432" 0.1308 1.011 -0.279 0.123 0.971 0.162 17.865791 0.003483 "" "" "" "" "" 0.308894 ""
100.33076859878 -16.51993895471 0.014217 -0.037484 "Gaia EDR3 2946940201823671424" 0.1779 0.652 -0.199 0.152 0.621 0.187 18.442686 0.003561 18.943539 0.02097 17.77415 0.022304 1.169388 0.07228 0.030613874566934516
100.27987250777 -16.50235087952 -0.034581 -0.019899 "Gaia EDR3 2946940167463949952" 0.4256 0.932 -0.099 0.399 0.927 0.461 19.975643 0.005544 20.520596 0.093734 19.32466 0.049801 1.195936 -0.12781900000000002 0.10614236834082796
100.31954135188 -16.47485223907 0.003454 0.007603 "Gaia EDR3 2946940682860058752" 0.1721 0.788 -0.267 0.16 0.742 0.189 18.721947 0.003557 19.252226 0.036601 18.11151 0.02129 1.140717 -0.052071000000000006 0.04234261802250777
100.3327148779 -16.43327148306 0.01609 0.049183 "Gaia EDR3 2946947383009089536" 0.2569 1.116 -0.233 0.269 1.092 0.294 19.26914 0.004389 19.948706 0.058295 18.663292 0.028477 1.285414 0.069513 0.06487870647600798
100.29569680502 -16.48277215339 -0.019411 -0.000318 "Gaia EDR3 2946940545421099904" 0.1755 1.093 -0.028 0.168 1.092 0.196 18.785042 0.003646 19.210062 0.029612 18.047213 0.043801 1.162849 0.065901 0.0528715248976233
100.27315159449 -16.49285966918 -0.041027 -0.010409 "Gaia EDR3 2946940923378206208" 0.094 0.703 -0.043 0.091 0.702 0.105 17.770647 0.002997 18.457705 0.018987 16.991817 0.00804 1.465887 -0.055555999999999994 0.020619111741294775
100.31815898252 -16.46993506 0.002128 0.01252 "Gaia EDR3 2946940687156993792" 0.2031 0.872 0.107 0.194 0.865 0.224 19.007826 0.003815 19.536343 0.041412 18.335606 0.016296 1.200737 0.012872999999999999 0.04450295900274497
100.33112254416 -16.51313222096 0.014557 -0.030678 "Gaia EDR3 2946940236183415168" 0.1624 0.962 -0.032 0.147 0.962 0.183 18.49238 0.003446 19.010866 0.029128 17.803883 0.032116 1.206984 0.357783 0.04335755804931823
100.30927568843 -16.4945732722 -0.006389 -0.012118 "Gaia EDR3 2946940481000782208" 0.1658 1.091 -0.002 0.161 1.091 0.185 18.508326 0.003449 "" "" "" "" "" 0.099395 ""
100.29488423626 -16.48239989565 -0.02019 5.4e-05 "Gaia EDR3 2946940549720258560" 0.13 0.984 0.052 0.125 0.983 0.146 18.33138 0.003304 18.801945 0.017317 17.662424 0.018735 1.139521 -0.015418999999999999 0.025512324747070776
100.28696894126 -16.49476911667 -0.027778 -0.012316 "Gaia EDR3 2946940167467001472" 0.0752 0.686 -0.25 0.069 0.638 0.079 17.233528 0.002938 17.916443 0.019519 16.380331 0.007982 1.536112 0.22916799999999998 0.021087998601100107
100.30258512182 -16.48815035028 -0.012805 -0.005696 "Gaia EDR3 2946940545421090560" 0.1036 0.771 -0.035 0.096 0.77 0.113 17.844816 0.003136 18.373566 0.017769 17.19075 0.014194 1.182816 -0.099531 0.022742185405101242
100.29190870182 -16.46437220338 -0.023045 0.018082 "Gaia EDR3 2946941335699485056" 0.3826 1.038 -0.037 0.382 1.037 0.434 19.866667 0.005584 20.642223 0.096365 19.193197 0.054244 1.449026 0.301877 0.11058311245845814
100.29337689572 -16.47768372848 -0.021636 0.00477 "Gaia EDR3 2946941339992047232" 0.6567 0.949 -0.348 0.598 0.883 0.71 20.43231 0.007863 20.68496 0.202855 19.636145 0.107065 1.048815 0.24926600000000002 0.2293753806536351
100.31423217819 -16.44783088558 -0.001637 0.034624 "Gaia EDR3 2946941473134076800" 0.2258 1.056 -0.351 0.235 0.996 0.267 19.15192 0.004079 19.644878 0.03887 18.39444 0.023056 1.250439 0.055519 0.045193539759571834
100.31325849722 -16.48801435036 -0.002571 -0.005559 "Gaia EDR3 2946940515358321280" 0.164 0.657 0.029 0.147 0.657 0.18 18.544353 0.003536 18.98246 0.039643 17.875332 0.025445 1.107128 0.044199 0.047106427098645466
100.36410533192 -16.48787536292 0.046185 -0.005426 "Gaia EDR3 2946940377921555072" 0.0471 0.931 -0.128 0.048 0.922 0.053 16.42653 0.002825 16.922903 0.006751 15.773293 0.005046 1.14961 0.406153 0.008428411297510345
100.29833039568 -16.49401878185 -0.016884 -0.011564 "Gaia EDR3 2946940545421084416" 0.1317 0.932 0.104 0.12 0.926 0.141 18.044365 0.003117 18.582321 0.01837 17.347967 0.01231 1.234354 0.0031139999999999987 0.022113186111458478
100.30559343851 -16.47475401371 -0.009921 0.007701 "Gaia EDR3 2946940584079992832" 0.1697 0.908 0.146 0.16 0.897 0.19 18.479866 0.003435 18.968065 0.024015 17.76978 0.017617 1.198286 0.12351599999999999 0.029783870030605494
100.31301608959 -16.4893154637 -0.002803 -0.00686 "Gaia EDR3 2946940515360518272" 0.0974 0.98 -0.025 0.088 0.98 0.105 17.474457 0.002988 18.14776 0.015256 16.652155 0.007989 1.495605 0.366329 0.017221197896778263
100.2802953164 -16.47859422178 -0.03418 0.003858 "Gaia EDR3 2946941301335345024" 0.2216 0.798 0.137 0.211 0.786 0.251 19.10674 0.003894 19.670261 0.039869 18.486172 0.020501 1.18409 0.082593 0.0448311070797945
100.31434652464 -16.52430427554 -0.001527 -0.041849 "Gaia EDR3 2946939823866544896" 0.2356 1.03 0.043 0.201 1.029 0.241 19.017584 0.004061 19.552053 0.030033 18.382887 0.029106 1.169167 -0.010525 0.04182272498295634
100.31889484707 -16.46243811705 0.002834 0.020017 "Gaia EDR3 2946940717219812480" 0.1176 0.707 0.1 0.122 0.7 0.137 18.116648 0.003344 18.506594 0.030672 17.393301 0.017163 1.113293 0.108588 0.03514740606360589
100.32323804727 -16.52726214219 0.006997 -0.044807 "Gaia EDR3 2946939828165758336" 0.3399 1.084 0.044 0.308 1.083 0.354 19.448204 0.004781 20.020063 0.110127 18.734818 0.058754 1.285246 0.128436 0.1248198247274847
100.29791797736 -16.49256897199 -0.01728 -0.010115 "Gaia EDR3 2946940545421084544" 0.1294 0.622 -0.03 0.116 0.621 0.138 18.12965 0.003199 18.652864 0.022552 17.44951 0.012671 1.203354 0.255306 0.025867874767750054
100.34657366969 -16.44890002087 0.02938 0.033553 "Gaia EDR3 2946946627098217088" 0.131 0.657 -0.249 0.127 0.608 0.15 18.156717 0.003117 18.71035 0.029505 17.438528 0.010303 1.271822 0.078966 0.031252149270090214
100.29302046854 -16.46466734824 -0.021979 0.017787 "Gaia EDR3 2946941339992036608" 0.1962 0.748 -0.07 0.191 0.745 0.215 18.859192 0.003714 19.415974 0.038317 18.243721 0.039266 1.172253 -0.12283699999999999 0.054863569378960385
100.30898374098 -16.48144844851 -0.00667 0.001007 "Gaia EDR3 2946940584077795200" 0.151 0.684 0.091 0.145 0.678 0.172 18.40291 0.003354 18.808136 0.036744 17.705679 0.025695 1.102457 0.17336300000000002 0.04483697760777369
100.31653259216 -16.49746179924 0.000569 -0.015007 "Gaia EDR3 2946940515358328192" 0.297 1.089 -0.128 0.271 1.082 0.329 19.41195 0.004754 "" "" "" "" "" 0.31211 ""
100.33943210289 -16.46378668248 0.022529 0.018667 "Gaia EDR3 2946940648503339904" 0.1202 0.724 -0.231 0.121 0.686 0.139 18.154133 0.003156 18.65939 0.019907 17.444284 0.010994 1.215105 -0.071376 0.022741079240000902
100.31325516287 -16.48683165506 -0.002574 -0.004377 "Gaia EDR3 2946940515358320512" 0.2385 1.149 -0.092 0.187 1.145 0.277 18.697233 0.003926 "" "" "" "" "" 0.090861 ""
100.35299337569 -16.49754512132 0.035529 -0.015093 "Gaia EDR3 2946940339262648192" 0.0925 1.05 -0.181 0.088 1.034 0.103 17.66155 0.002968 18.246298 0.020043 16.895073 0.007419 1.351225 0.36440900000000004 0.021372024003355413
100.36176155649 -16.47658825382 0.04394 0.005862 "Gaia EDR3 2946946317857149184" 0.1337 0.855 0.131 0.133 0.845 0.153 18.320118 0.003271 18.79879 0.028145 17.704441 0.016914 1.094349 -0.00031899999999999984 0.0328363277636218
100.28715242536 -16.48607343992 -0.027604 -0.00362 "Gaia EDR3 2946941301335335296" 0.202 0.866 -0.034 0.203 0.865 0.236 18.746428 0.003466 19.337484 0.038329 18.107868 0.018638 1.229616 -0.14745599999999998 0.04262026847639513
100.32214629888 -16.48957859062 0.005952 -0.007124 "Gaia EDR3 2946940511061349760" 0.181 0.92 0.054 0.184 0.918 0.205 18.586094 0.003427 19.069225 0.038273 17.923216 0.021079 1.146009 0.36165200000000003 0.043693784111701744
100.28635061876 -16.47394244831 -0.028374 0.008511 "Gaia EDR3 2946941305632310400" 0.133 0.806 -0.059 0.129 0.804 0.148 18.232208 0.00322 18.713577 0.019945 17.52562 0.02015 1.187958 0.41969799999999996 0.028351816961175523
100.32796403183 -16.51279994873 0.011529 -0.030345 "Gaia EDR3 2946940201823676928" 0.4119 0.963 0.125 0.366 0.955 0.45 19.865261 0.005613 20.566725 0.097437 19.285606 0.058239 1.281118 0.250193 0.11351541785149716
100.30408415701 -16.45846348396 -0.011369 0.023991 "Gaia EDR3 2946941443073447808" 0.117 0.619 -0.19 0.121 0.589 0.132 18.123825 0.00313 18.682974 0.018894 17.443895 0.009548 1.239078 0.022312 0.021169495506506528
100.31298490018 -16.46205657376 -0.002833 0.020399 "Gaia EDR3 2946941438774319360" 0.0852 0.595 -0.186 0.079 0.565 0.096 16.79763 0.003011 16.96364 0.006148 16.136852 0.006319 0.826788 0.140982 0.00881632945164823
100.34556237517 -16.44965986018 0.02841 0.032793 "Gaia EDR3 2946946597034899072" 0.3643 0.633 -0.033 0.353 0.632 0.415 19.848814 0.005055 20.285843 0.093465 19.207266 0.035506 1.078577 0.302591 0.09998190966869958
100.32057122258 -16.43279758016 0.004443 0.049657 "Gaia EDR3 2946947417368829440" 0.3804 0.695 -0.295 0.382 0.629 0.458 19.922367 0.00565 20.365992 0.079853 19.140635 0.036445 1.225357 0.236143 0.087776646290457
100.30131735934 -16.46802707822 -0.014022 0.014428 "Gaia EDR3 2946941335695096320" 0.1899 0.599 0.038 0.183 0.598 0.22 18.891846 0.003718 19.414688 0.029651 18.242472 0.015409 1.172216 0.150882 0.03341585075978165
100.31229716392 -16.48832055384 -0.003492 -0.005865 "Gaia EDR3 2946940511064385920" 0.1361 1.141 -0.213 0.123 1.121 0.15 18.223642 0.003331 18.765884 0.029924 17.380682 0.014403 1.385202 -0.009949000000000003 0.033209820610777166
100.32833328793 -16.44885412406 0.011887 0.033601 "Gaia EDR3 2946947348649334400" 0.1547 1.159 -0.303 0.153 1.119 0.172 18.478468 0.003256 19.026287 0.031182 17.837317 0.017415 1.188971 0.141957 0.03571553372133755
100.3444922424 -16.47604806557 0.02738 0.006405 "Gaia EDR3 2946940442341888768" 0.1147 0.676 0.077 0.114 0.672 0.132 18.021637 0.003179 18.77728 0.035886 17.228523 0.013266 1.548758 0.29392799999999997 0.03825953151830273
100.29439902945 -16.49409550869 -0.020654 -0.011641 "Gaia EDR3 2946940545421082624" 0.2986 0.689 -0.318 0.275 0.611 0.332 19.44603 0.004728 19.890053 0.060743 18.83525 0.039182 1.054802 0.198943 0.0722837545579918
100.3136404077 -16.44697330626 -0.002205 0.035482 "Gaia EDR3 2946941473134076928" 0.2126 0.828 -0.031 0.222 0.828 0.251 19.066143 0.003836 19.598806 0.066888 18.306086 0.029322 1.292721 -0.176065 0.07303276133352757
100.31893229463 -16.47707482254 0.00287 0.00538 "Gaia EDR3 2946940682860055808" 0.214 1.028 0.148 0.206 1.017 0.236 19.038477 0.003883 19.599411 0.040103 18.39087 0.023149 1.208542 0.199689 0.04630471693035171
100.33574426946 -16.46217651403 0.018993 0.020278 "Gaia EDR3 2946940717219812224" 0.1525 0.628 -0.246 0.151 0.577 0.178 18.542326 0.003372 18.9808 0.027348 17.888363 0.017214 1.092438 0.020082 0.03231462362460687
100.30456297342 -16.44714274914 -0.010911 0.035312 "Gaia EDR3 2946941541853553920" 0.1302 0.747 0.062 0.138 0.745 0.159 18.29776 0.003167 18.839657 0.023457 17.62283 0.016476 1.216827 -0.105607 0.0286651255884219
100.33983864889 -16.46190367076 0.02292 0.02055 "Gaia EDR3 2946946528315425408" 0.3156 1.039 -0.319 0.293 0.989 0.342 19.556383 0.00485 20.069715 0.064294 18.86645 0.031105 1.203266 0.34490899999999997 0.07142296172100399
100.32088460359 -16.50316541396 0.004741 -0.02071 "Gaia EDR3 2946940304902902528" 0.2659 0.921 -0.255 0.25 0.885 0.291 19.357458 0.004397 19.931314 0.043286 18.681908 0.030289 1.249407 -0.175645 0.05283087465677622
100.33133198381 -16.46461142462 0.014761 0.017843 "Gaia EDR3 2946940717219809792" 0.1224 1.141 -0.13 0.123 1.133 0.146 18.189621 0.003264 18.722857 0.023399 17.493696 0.011682 1.22916 0.321538 0.026153055748803045
100.27677835769 -16.49438353812 -0.037549 -0.011932 "Gaia EDR3 2946940923378204160" 0.1136 0.755 0.166 0.107 0.737 0.122 18.042112 0.003135 18.585361 0.018787 17.365051 0.01447 1.22031 0.043733 0.023713546107657538
100.29421739308 -16.48486748652 -0.020829 -0.002413 "Gaia EDR3 2946940545421093120" 0.161 1.089 -0.343 0.142 1.033 0.17 18.510866 0.003392 19.041317 0.026842 17.887255 0.015232 1.154062 -0.054749 0.030862708695122663
100.33527264367 -16.43508924343 0.018543 0.047365 "Gaia EDR3 2946947383009086848" 0.2435 0.942 -0.383 0.254 0.86 0.278 19.269243 0.004477 19.936419 0.099372 18.704508 0.033937 1.231911 -0.091241 0.10500721095715285
100.29399534378 -16.48114366533 -0.021042 0.00131 "Gaia EDR3 2946940545421100160" 0.1492 1.071 0.1 0.142 1.066 0.165 18.511564 0.003288 19.034071 0.019545 17.830511 0.020451 1.20356 -0.007295999999999997 0.028288697849141096
100.29458156753 -16.5173412913 -0.020476 -0.034887 "Gaia EDR3 2946940098744457728" 0.2009 0.669 -0.152 0.187 0.651 0.219 18.908995 0.003823 19.431786 0.04497 18.239054 0.026762 1.192732 -0.134476 0.05233073230903615
100.32057102089 -16.46319391709 0.004442 0.019261 "Gaia EDR3 2946940721516724736" 0.5706 1.13 0.075 0.654 1.127 0.675 20.246473 0.007348 20.64135 0.159664 19.60199 0.074979 1.03936 0.190559 0.17639286645723518
100.28475157087 -16.50007426726 -0.029904 -0.017621 "Gaia EDR3 2946940167463955712" 0.1376 1.209 -0.131 0.134 1.202 0.151 18.351135 0.003221 18.860432 0.025271 17.693775 0.015661 1.166656 0.174282 0.029730293674970654
100.32355133171 -16.46407140057 0.0073 0.018384 "Gaia EDR3 2946940721516723328" 0.2114 1.042 -0.465 0.206 0.933 0.244 19.018028 0.003755 19.592169 0.047446 18.394083 0.023627 1.198086 0.16863 0.05300337767538971
100.30072978183 -16.49317686196 -0.014584 -0.010722 "Gaia EDR3 2946940545421083392" 0.1965 1.104 -0.086 0.181 1.101 0.214 18.888304 0.003768 19.404602 0.034179 18.198593 0.021157 1.206009 -0.113959 0.04019729704843349
100.31634912751 -16.50127748367 0.000393 -0.018822 "Gaia EDR3 2946940274840164992" 0.1861 0.674 0.119 0.174 0.664 0.214 18.72358 0.003971 19.122883 0.057741 17.98094 0.035075 1.141943 0.279817 0.06755944572004717
100.27840113106 -16.52715383525 -0.035987 -0.044702 "Gaia EDR3 2946939961305494528" 0.2492 0.876 -0.14 0.225 0.865 0.277 19.204739 0.004238 19.608213 0.054994 18.58703 0.021395 1.021183 0.47719100000000003 0.05900920318899418
100.32070050548 -16.48394875484 0.004565 -0.001494 "Gaia EDR3 2946940614140571520" 0.1473 1.124 0.003 0.141 1.124 0.165 18.473528 0.003401 18.96145 0.02007 17.826883 0.012083 1.134567 0.327044 0.023426561612835975
100.27846790472 -16.49685757174 -0.035929 -0.014406 "Gaia EDR3 2946940167463956736" 0.2164 0.859 0.173 0.197 0.842 0.231 19.015896 0.003867 19.501686 0.03641 18.374418 0.02599 1.127268 0.323368 0.04473441851639518
100.29744441699 -16.45679421918 -0.017737 0.02566 "Gaia EDR3 2946941507493801600" 0.1705 0.714 -0.109 0.172 0.706 0.198 18.676867 0.003319 19.209536 0.043294 18.02449 0.022521 1.185045 -0.193935 0.04880128970631821
100.35143129203 -16.47776964741 0.034034 0.004682 "Gaia EDR3 2946940446638812544" 0.2751 1.054 -0.108 0.257 1.048 0.3 19.307568 0.004645 19.204325 0.238243 18.083998 0.237545 1.120327 -0.184691 0.3364332832434984
100.32034467295 -16.44814447474 0.004225 0.034311 "Gaia EDR3 2946941473134073344" 0.2252 0.658 0.118 0.218 0.648 0.249 19.163176 0.004021 19.837084 0.036687 18.499914 0.032316 1.33717 -0.044313000000000005 0.048890283543869935
100.32728604554 -16.52030944777 0.010878 -0.037855 "Gaia EDR3 2946940206121277056" 0.3821 0.565 -0.247 0.315 0.508 0.393 19.408474 0.007733 18.681639 0.111047 17.98037 0.069007 0.701269 0.124894 0.1307417387753429
100.28064108055 -16.47683537948 -0.033849 0.005617 "Gaia EDR3 2946941301335347584" 0.2421 0.668 -0.122 0.241 0.657 0.281 19.288816 0.004167 19.828001 0.046232 18.658497 0.025277 1.169504 0.441268 0.05269083936511166
100.35209119049 -16.47477883684 0.034668 0.007673 "Gaia EDR3 2946940442341890048" 0.2574 1.136 -0.141 0.244 1.127 0.282 19.32812 0.004154 19.814327 0.073408 18.66793 0.02168 1.146397 0.389568 0.07654251670803619
100.33992132228 -16.50242522897 0.022994 -0.019971 "Gaia EDR3 2946940236183427200" 0.2484 1.144 -0.436 0.22 1.058 0.268 19.12045 0.004249 19.699669 0.056293 18.513454 0.027744 1.186214 0.050591 0.0627585164340267
100.31513325573 -16.49483110982 -0.000773 -0.012376 "Gaia EDR3 2946940511061345664" 0.2008 1.158 0.119 0.188 1.152 0.222 18.743273 0.003636 19.16448 0.055389 18.09143 0.022673 1.073049 0.123053 0.05984986424378923
100.31185201016 -16.44045819386 -0.00392 0.041997 "Gaia EDR3 2946941541853559424" 0.1357 1.24 -0.15 0.138 1.231 0.169 18.338566 0.003304 18.86906 0.033804 17.653357 0.016756 1.215704 0.231212 0.037728953762329535
100.33194035166 -16.49063012591 0.015343 -0.008176 "Gaia EDR3 2946940407982133248" 0.2479 1.152 -0.236 0.229 1.127 0.272 19.192364 0.004206 19.758314 0.054895 18.452332 0.033246 1.305983 -0.12725699999999998 0.06417754701607097
100.32508687581 -16.45303445765 0.008773 0.02942 "Gaia EDR3 2946941477430961664" 0.1267 0.607 0.032 0.124 0.606 0.143 18.215406 0.003163 18.780186 0.036101 17.478714 0.011608 1.301472 0.374889 0.03792133785878341
100.31372598258 -16.49426160696 -0.002122 -0.011806 "Gaia EDR3 2946940515358326912" 0.2108 1.175 -0.435 0.21 1.092 0.237 18.926937 0.003988 19.339962 0.041536 18.205288 0.062183 1.134674 0.111101 0.07477944092462847
100.30959878578 -16.48436946818 -0.00608 -0.001914 "Gaia EDR3 2946940579785242240" 0.2131 1.243 -0.054 0.186 1.242 0.225 18.91132 0.003936 19.427212 0.046484 18.305574 0.028346 1.121637 0.111463 0.054444999513270274
100.32146719985 -16.45990438715 0.005301 0.022551 "Gaia EDR3 2946940717219815168" 0.2323 0.567 -0.111 0.231 0.556 0.272 19.171518 0.004009 19.703297 0.052031 18.529438 0.026014 1.173859 -0.11374899999999999 0.05817175566372395
100.31166499768 -16.48623530767 -0.004099 -0.00378 "Gaia EDR3 2946940515358321024" 0.1712 0.768 -0.18 0.153 0.747 0.183 18.58788 0.003632 19.042145 0.045222 18.010798 0.040592 1.031347 0.506723 0.06076791709446688
100.36945021623 -16.46325730824 0.051317 0.019191 "Gaia EDR3 2946946352216904448" 0.2349 0.717 -0.259 0.209 0.668 0.266 19.05535 0.003935 19.557934 0.054328 18.384432 0.023382 1.173502 0.45494599999999996 0.059146001623102136
100.32949921525 -16.48452625446 0.013002 -0.002072 "Gaia EDR3 2946940618437522688" 0.4215 0.844 -0.356 0.426 0.766 0.459 19.78161 0.005197 20.501356 0.18872 19.218697 0.057201 1.28266 -0.190811 0.19719835902207705
100.31656436402 -16.45472340453 0.000599 0.027732 "Gaia EDR3 2946941473134066560" 0.2377 0.99 -0.529 0.236 0.837 0.266 19.137806 0.004195 19.691973 0.045078 18.476454 0.028236 1.215519 0.169014 0.05319114381172866
100.3164309851 -16.47071894323 0.000471 0.011736 "Gaia EDR3 2946940687159204352" 0.1726 0.653 -0.313 0.169 0.572 0.192 18.618288 0.003492 19.076906 0.02614 17.959225 0.017758 1.117681 -0.08452899999999999 0.03160136332502128
100.28890922737 -16.48195296745 -0.025919 0.0005 "Gaia EDR3 2946941301335339904" 0.2927 1.134 -0.011 0.264 1.134 0.318 19.473928 0.004469 20.178919 0.081577 18.807064 0.047142 1.371855 -0.149581 0.09421876189485828
100.32753965195 -16.4854891868 0.011123 -0.003034 "Gaia EDR3 2946940614140569600" 0.144 1.226 -0.008 0.143 1.226 0.162 18.347412 0.003283 18.85975 0.025743 17.718351 0.013386 1.141399 0.005579999999999998 0.02901528984862981
100.32602525301 -16.50583958268 0.00967 -0.023385 "Gaia EDR3 2946940304902899456" 0.168 1.065 -0.379 0.156 0.996 0.187 18.616016 0.003469 19.133268 0.036764 17.994793 0.020735 1.138475 0.427251 0.042208197319951964
100.32053573112 -16.48257710798 0.004407 -0.000122 "Gaia EDR3 2946940614140571648" 0.2306 0.964 -0.021 0.214 0.963 0.252 19.11236 0.004154 19.514376 0.07021 18.492552 0.019732 1.021824 0.516759 0.07293007557928347
100.29826967535 -16.48196881157 -0.016944 0.000486 "Gaia EDR3 2946940584077803392" 0.3206 1.186 -0.278 0.297 1.153 0.346 19.607075 0.00468 20.001143 0.057595 18.739973 0.05028 1.261169 0.373013 0.07645431593441929
100.31836905226 -16.46251373386 0.00233 0.019941 "Gaia EDR3 2946940721516725760" 0.2173 1.086 -0.322 0.211 1.037 0.24 19.100103 0.003958 "" "" "" "" "" 0.448825 ""
100.35594702071 -16.48773851722 0.038363 -0.005287 "Gaia EDR3 2946940373622397440" 0.3408 0.977 0.105 0.317 0.971 0.37 19.64603 0.005222 20.03509 0.073836 18.96822 0.075947 1.06687 0.451215 0.10592309335078919
100.33104902645 -16.48518508832 0.014488 -0.002731 "Gaia EDR3 2946940614140568576" 0.3973 0.957 -0.458 0.374 0.841 0.429 19.774036 0.005738 20.426735 0.112955 19.068132 0.045178 1.358602 0.379717 0.1216547726519597
100.34138398617 -16.5321008875 0.024393 -0.049647 "Gaia EDR3 2946752528934726144" 0.1867 0.522 -0.171 0.181 0.493 0.216 18.702307 0.003673 19.155779 0.051327 18.070448 0.019688 1.085331 0.335313 0.054973432428765075
100.31364742305 -16.45516165801 -0.002198 0.027293 "Gaia EDR3 2946941477430966272" 0.1801 0.75 -0.41 0.184 0.628 0.201 18.810047 0.003539 19.280527 0.036767 18.158815 0.019783 1.121712 -0.07724 0.04175139971306351
100.27228281477 -16.46202970296 -0.041867 0.020421 "Gaia EDR3 2946941370054842880" 0.107 0.495 -0.196 0.112 0.455 0.125 18.000776 0.003093 18.571081 0.024986 17.340338 0.011533 1.230743 0.25718 0.02751927115677303
100.32019472628 -16.49152429809 0.00408 -0.009069 "Gaia EDR3 2946940511061347072" 0.2156 0.695 0.138 0.201 0.681 0.235 19.053213 0.003935 19.655775 0.042348 18.383698 0.030354 1.272078 -0.158928 0.052102959800763717
100.28943596739 -16.45134321135 -0.025418 0.03111 "Gaia EDR3 2946941507493808512" 0.3114 0.645 -0.381 0.303 0.52 0.359 19.612526 0.00516 20.264215 0.073632 19.005531 0.035137 1.258684 0.220247 0.08158602939842091
100.29898801255 -16.47989558326 -0.016255 0.002559 "Gaia EDR3 2946940579780838400" 0.1223 0.975 -0.059 0.118 0.974 0.137 18.218637 0.003222 18.70494 0.019971 17.563276 0.014361 1.141665 0.5517460000000001 0.02459835689634574
100.28438859959 -16.4980195322 -0.030252 -0.015567 "Gaia EDR3 2946940167468377344" 0.3682 0.495 -0.182 0.333 0.46 0.393 19.792288 0.005513 20.48083 0.100302 18.945808 0.059811 1.535021 -0.060887000000000004 0.11678119251403456
100.36627241247 -16.47898680541 0.048266 0.003462 "Gaia EDR3 2946946249137669504" 0.2707 0.645 -0.32 0.264 0.56 0.3 19.309958 0.004516 20.07515 0.069734 18.577156 0.033603 1.497993 0.379642 0.07740796060483703
100.32200601137 -16.49088166909 0.005817 -0.008427 "Gaia EDR3 2946940511061349632" 0.1373 0.569 -0.044 0.136 0.567 0.155 18.34294 0.003269 18.85925 0.022472 17.691935 0.014607 1.167315 0.46585299999999996 0.026802149783179706
100.29565139222 -16.51344259802 -0.019451 -0.030988 "Gaia EDR3 2946940098744461056" 0.3879 0.886 0.018 0.358 0.886 0.409 19.775084 0.005416 20.377573 0.065609 19.089169 0.044742 1.288404 -0.313521 0.07941276625958826
100.32565771316 -16.47068993362 0.00932 0.011765 "Gaia EDR3 2946940687156989696" 0.3298 1.281 -0.347 0.317 1.233 0.387 19.574446 0.004829 20.023174 0.065202 18.914759 0.044199 1.108416 0.29885300000000004 0.0787708855161601
100.30951713603 -16.48179857303 -0.006158 0.000656 "Gaia EDR3 2946940579780835200" 0.2227 1.34 -0.201 0.211 1.325 0.252 18.951567 0.003956 19.38657 0.063528 18.318203 0.072772 1.068367 0.118415 0.09660005573497357
100.30572839773 -16.48570887329 -0.009791 -0.003254 "Gaia EDR3 2946940579780829312" 0.4328 1.327 -0.35 0.388 1.28 0.47 19.9401 0.005762 20.533068 0.093183 19.371159 0.086117 1.161909 0.09970699999999999 0.12688265909098848
100.3173262815 -16.49989113649 0.00133 -0.017436 "Gaia EDR3 2946940304902905984" 0.1947 0.401 0.006 0.186 0.401 0.219 18.74909 0.00361 19.184528 0.059673 18.141468 0.01725 1.04306 0.139352 0.06211625736471894
100.27215103526 -16.52637256032 -0.041979 -0.043922 "Gaia EDR3 2946939961305496448" 0.2084 0.965 -0.109 0.191 0.959 0.223 18.968307 0.003845 19.461437 0.039663 18.326557 0.021232 1.13488 0.600484 0.044988347302384865
100.31620044138 -16.45202676892 0.00025 0.030428 "Gaia EDR3 2946941473134068992" 0.4076 1.186 -0.399 0.41 1.117 0.479 19.837746 0.005759 20.485716 0.122592 19.195557 0.053828 1.290159 0.423174 0.1338889541672501
100.31760282782 -16.47925344907 0.001595 0.003202 "Gaia EDR3 2946940682860052736" 0.3095 1.347 -0.124 0.287 1.341 0.338 19.57918 0.004799 20.035143 0.072092 18.924551 0.031806 1.110592 0.178309 0.07879643456400803
100.28297027309 -16.46622356686 -0.031617 0.016229 "Gaia EDR3 2946941404417972992" 0.4144 0.534 -0.072 0.418 0.529 0.449 19.831646 0.005154 20.386253 0.095262 19.142721 0.064034 1.243532 -0.232181 0.11478328188373077
100.31505018924 -16.49014356035 -0.000853 -0.007688 "Gaia EDR3 2946940511061353984" 0.1631 1.32 0.01 0.164 1.32 0.175 18.262642 0.003785 18.37788 0.019996 17.282814 0.009397 1.095066 0.039159 0.022093972594352515
100.30906084178 -16.46184644392 -0.006597 0.020609 "Gaia EDR3 2946941443071236480" 0.3299 0.862 -0.031 0.32 0.862 0.366 19.76265 0.005221 20.313421 0.071174 18.981977 0.055496 1.331444 0.6202719999999999 0.09025266916828555
100.30551993106 -16.45203356961 -0.009993 0.030421 "Gaia EDR3 2946941438774331392" 0.2786 0.408 -0.092 0.282 0.398 0.314 19.357668 0.004348 19.845098 0.047646 18.699 0.02583 1.146099 -0.10812800000000002 0.054197142138677386
100.35421833488 -16.48284354897 0.036706 -0.000392 "Gaia EDR3 2946940442341879040" 0.4032 0.942 -0.389 0.36 0.857 0.445 19.608187 0.004899 20.259129 0.092156 19.016483 0.040565 1.242645 0.585949 0.10068886512916907
100.29838558081 -16.47758449933 -0.016833 0.00487 "Gaia EDR3 2946940579780840192" 0.3296 0.988 -0.335 0.296 0.93 0.349 19.624931 0.004661 20.116795 0.058565 18.82436 0.035597 1.292435 0.5964860000000001 0.06853470386599769
