RA_ICRS DE_ICRS _x _y EDR3Name e_Plx PM pmRA e_pmRA pmDE e_pmDE Gmag e_Gmag BPmag e_BPmag RPmag e_RPmag BP-RP Plx_corr e_BP-RP
169.91551867206 -65.21309988448 -0.005001 0.006813 "Gaia EDR3 5237116892658784640" 0.0432 4.249 -4.029 0.046 1.351 0.046 16.516584 0.002837 17.421816 0.005581 15.548663 0.004315 1.873153 0.093979 0.00705455781746808
169.93803618083 -65.215098009 0.004439 0.004815 "Gaia EDR3 5237116823939316480" 0.0316 4.275 -4.046 0.034 1.38 0.036 15.827249 0.00281 17.018887 0.005634 14.747581 0.004075 2.271306 0.15196500000000002 0.006953242481029983
169.91948563393 -65.21894982453 -0.003337 0.000963 "Gaia EDR3 5237115415180496000" 0.0749 4.266 -4.049 0.081 1.344 0.079 17.517242 0.003112 18.229935 0.011633 16.349943 0.006446 1.879992 0.18066300000000002 0.013299534014393134
169.8739884478 -65.21591577466 -0.02241 0.003988 "Gaia EDR3 5237115586988713600" 0.0364 4.212 -3.996 0.041 1.33 0.04 16.131895 0.002813 17.362478 0.005516 15.048935 0.004096 2.313543 0.12075 0.006870478294849639
169.87187078583 -65.21052382654 -0.023302 0.009379 "Gaia EDR3 5237115621348452480" 0.0215 4.299 -4.078 0.023 1.359 0.024 15.054026 0.002835 16.486725 0.004335 13.898279 0.004013 2.588446 0.065187 0.005907316988278181
169.91296373293 -65.22443067779 -0.00607 -0.004518 "Gaia EDR3 5237115415190030080" 0.0999 4.344 -4.136 0.112 1.327 0.106 17.89555 0.003092 18.934443 0.021867 16.879631 0.007748 2.054812 0.048746 0.023199077417000877
169.92009255357 -65.21701420197 -0.003083 0.002899 "Gaia EDR3 5237115410866226816" 0.0861 4.355 -4.136 0.093 1.363 0.089 17.77774 0.003006 18.727335 0.01612 16.77405 0.007931 1.953285 0.193765 0.0179653878611067
169.91756785389 -65.22308086888 -0.00414 -0.003168 "Gaia EDR3 5237115415180486784" 0.2267 4.388 -4.173 0.258 1.354 0.223 19.307861 0.003953 19.93421 0.065691 18.779839 0.02883 1.154371 0.10580500000000001 0.07173894605442709
169.94778364539 -65.21867616142 0.008524 0.001236 "Gaia EDR3 5237116823939319168" 0.0881 4.377 -4.128 0.095 1.456 0.093 17.747932 0.002996 18.626757 0.013187 16.717985 0.008088 1.908772 0.139243 0.01546973538881645
169.91808886082 -65.23438416694 -0.00392 -0.014471 "Gaia EDR3 5237115376503620224" 0.0867 4.28 -4.025 0.096 1.455 0.091 17.82093 0.002989 18.806927 0.014725 16.826517 0.00618 1.98041 0.209786 0.01596928379734044
169.91586839184 -65.22094204426 -0.004853 -0.001029 "Gaia EDR3 5237115410866225152" 0.0875 4.228 -4.031 0.104 1.274 0.09 17.675173 0.0031 18.497274 0.025925 16.602377 0.013397 1.894897 0.001009000000000003 0.02918193334924881
169.93537848145 -65.21927537269 0.003324 0.000638 "Gaia EDR3 5237116819614744064" 0.0853 4.424 -4.196 0.09 1.402 0.086 17.683092 0.002969 18.693548 0.020671 16.739286 0.00858 1.954262 0.125089 0.022380943702176637
169.9470262431 -65.21984414436 0.008206 6.8e-05 "Gaia EDR3 5237116823939318656" 0.0889 4.326 -4.069 0.096 1.466 0.094 17.752352 0.003002 18.786707 0.012784 16.791609 0.010045 1.995098 0.017696999999999997 0.016258311136154335
169.92350477848 -65.22123389198 -0.001652 -0.001321 "Gaia EDR3 5237115415180509312" 0.2082 4.433 -4.203 0.239 1.41 0.206 19.148355 0.003688 20.02318 0.070502 18.10036 0.029194 1.922819 0.147759 0.07630741536705328
169.92781892873 -65.21419936973 0.000156 0.005714 "Gaia EDR3 5237116819614727936" 0.0925 4.162 -3.988 0.096 1.19 0.107 17.754679 0.003053 "" "" "" "" "" 0.10322200000000001 ""
169.9170595863 -65.2155215593 -0.004355 0.004391 "Gaia EDR3 5237115415190034432" 0.1018 4.351 -4.177 0.115 1.218 0.108 18.095505 0.003113 18.398893 0.017387 17.331161 0.017286 1.067732 0.128613 0.02451761744134205
169.96129764025 -65.21295491989 0.014192 0.006955 "Gaia EDR3 5237116858289603456" 0.2462 4.287 -4.008 0.276 1.522 0.25 19.37502 0.004103 20.321085 0.052597 18.377253 0.026145 1.943832 0.149512 0.05873674687961532
169.95578945184 -65.22807522878 0.011876 -0.008165 "Gaia EDR3 5237115342143890816" 0.0853 4.452 -4.192 0.093 1.5 0.093 17.699772 0.002943 18.625237 0.013348 16.738874 0.006712 1.886362 0.115684 0.014940550458400119
169.93818845952 -65.21730643833 0.004502 0.002606 "Gaia EDR3 5237116823929818496" 0.3309 4.169 -3.911 0.363 1.445 0.337 19.648037 0.005106 19.807692 0.055561 18.57589 0.041434 1.231802 0.201243 0.0693094587844978
169.92418633971 -65.21029406443 -0.001367 0.009619 "Gaia EDR3 5237116892658789760" 0.0986 4.105 -3.868 0.106 1.377 0.102 17.947033 0.003011 18.913761 0.017567 16.949661 0.008141 1.9641 0.056458 0.01936169853086242
169.91892621441 -65.21400437955 -0.003572 0.005909 "Gaia EDR3 5237116888334976128" 0.0879 4.162 -3.967 0.095 1.26 0.092 17.806393 0.003014 18.736883 0.019195 16.809902 0.008521 1.926981 0.268671 0.021001320577525597
169.93766092531 -65.23227849697 0.004279 -0.012366 "Gaia EDR3 5237115346461043456" 0.6654 4.232 -3.984 1.101 1.429 1.004 20.322388 0.008856 20.449537 0.104155 19.128036 0.072525 1.321501 0.264798 0.1269178460658705
169.89950276969 -65.22223904108 -0.011712 -0.002328 "Gaia EDR3 5237115380830288768" 0.1096 4.157 -3.888 0.13 1.469 0.116 18.181547 0.003122 19.25772 0.023102 17.199467 0.010544 2.058254 0.113228 0.025394454906534223
169.94230921094 -65.21199098954 0.006231 0.007922 "Gaia EDR3 5237116823929834880" 0.4337 4.196 -4.014 0.477 1.221 0.439 19.964739 0.004984 20.943106 0.086234 19.148298 0.040832 1.794807 -0.078846 0.0954125514804001
169.90651283952 -65.2218465435 -0.008774 -0.001935 "Gaia EDR3 5237115410866223360" 0.1431 4.298 -4.059 0.17 1.414 0.147 18.626926 0.003411 19.543499 0.042137 17.602592 0.015949 1.940907 -0.08943899999999999 0.04505438236176366
169.89843122506 -65.22037233072 -0.012162 -0.000462 "Gaia EDR3 5237115415180458240" 0.0951 4.149 -3.969 0.098 1.21 0.09 17.789305 0.00303 18.570093 0.021244 16.765501 0.015809 1.804592 0.26083999999999996 0.026480785807826774
169.90941597943 -65.21527026977 -0.007559 0.004642 "Gaia EDR3 5237115415180483072" 0.5894 4.241 -3.956 0.809 1.529 0.612 20.293716 0.007335 21.143932 0.102224 19.800335 0.089073 1.343597 -0.084453 0.13558667156103507
169.89303793482 -65.22793843019 -0.014418 -0.008029 "Gaia EDR3 5237115380820703104" 0.9313 4.179 -3.891 1.126 1.525 1.342 20.31801 0.009624 "" "" "" "" "" 0.012491000000000002 ""
169.91300434165 -65.22131076107 -0.006053 -0.001398 "Gaia EDR3 5237115415190030720" 0.094 4.437 -4.149 0.107 1.573 0.097 17.895174 0.00302 19.033165 0.030326 16.8997 0.007997 2.133465 0.068788 0.03136268937766658
169.98298969631 -65.21414498779 0.023285 0.005758 "Gaia EDR3 5237105102944723584" 0.1158 4.276 -4.071 0.127 1.307 0.122 18.234861 0.003167 19.253044 0.02249 17.280195 0.008143 1.972849 -0.12790300000000002 0.02391879070939833
169.9236378251 -65.21624419501 -0.001597 0.003669 "Gaia EDR3 5237116892649269120" 0.1544 4.184 -3.99 0.161 1.261 0.165 17.48351 0.00375 17.862177 0.042707 16.306877 0.020631 1.5553 -0.104016 0.0474291683460716
169.9385919698 -65.22332389159 0.00467 -0.003411 "Gaia EDR3 5237115342146752128" 0.1116 4.345 -4.165 0.127 1.236 0.118 18.163332 0.003115 19.17844 0.021584 17.172466 0.007969 2.005974 0.318672 0.023008129367682196
169.9205054287 -65.22100086702 -0.00291 -0.001088 "Gaia EDR3 5237115415180493696" 0.0745 4.469 -4.178 0.082 1.589 0.078 17.305141 0.003012 18.184902 0.027239 16.162685 0.007335 2.022217 0.10857 0.02820931310755368
169.92230746978 -65.21885279387 -0.002154 0.00106 "Gaia EDR3 5237115415190033024" 0.1047 4.302 -4.153 0.127 1.121 0.092 17.274645 0.003146 "" "" "" "" "" 0.0016699999999999979 ""
169.93033462607 -65.21861581391 0.00121 0.001297 "Gaia EDR3 5237115346462355584" 0.2781 3.998 -3.785 0.288 1.289 0.289 19.362858 0.007461 19.23348 0.092643 17.600063 0.055791 1.633417 0.073816 0.10814509295386453
169.88364662385 -65.20726550916 -0.018367 0.012641 "Gaia EDR3 5237115617033044096" 0.0841 3.996 -3.779 0.096 1.299 0.089 17.638716 0.003016 18.620995 0.013484 16.632376 0.005828 1.988619 0.18901 0.014689582703399031
169.93488753375 -65.21840787385 0.003119 0.001505 "Gaia EDR3 5237116823929808896" 0.2681 4.148 -3.942 0.292 1.289 0.269 19.42375 0.005071 19.806585 0.098738 17.92311 0.060819 1.883476 -0.198244 0.11596613042177445
169.9165541185 -65.2240077919 -0.004565 -0.004095 "Gaia EDR3 5237115410866225664" 0.1452 4.341 -4.169 0.166 1.209 0.155 18.568 0.003329 19.514614 0.035853 17.577772 0.014368 1.936842 -0.152278 0.03862482405137919
169.96307346416 -65.22535963559 0.014929 -0.005451 "Gaia EDR3 5237116819615504128" 0.1321 4.138 -3.829 0.159 1.569 0.155 18.487795 0.003212 19.299513 0.037749 17.463625 0.01076 1.835888 0.16664199999999998 0.039252574450601325
169.97611726768 -65.21565020212 0.020403 0.004255 "Gaia EDR3 5237105107268544768" 0.7056 4.009 -3.854 0.757 1.105 0.813 20.377485 0.007533 20.934412 0.172922 19.924486 0.107079 1.009926 0.050625 0.20339107729937417
169.95764821572 -65.20556574333 0.012665 0.014345 "Gaia EDR3 5237116853974315264" 0.1878 4.171 -3.924 0.209 1.415 0.187 18.927345 0.003641 19.9464 0.042325 17.93416 0.015395 2.01224 -0.183424 0.045037891269463316
169.92906392705 -65.21420899817 0.000678 0.005704 "Gaia EDR3 5237116823929805440" 0.0814 4.504 -4.324 0.086 1.259 0.084 17.61391 0.003072 18.363419 0.040018 16.474403 0.025572 1.889015 -0.062681 0.04749070970200382
169.90765869969 -65.22871722757 -0.008291 -0.008805 "Gaia EDR3 5237115380820724864" 0.272 4.271 -4.031 0.307 1.412 0.271 19.433706 0.004164 20.133188 0.05181 18.690903 0.035686 1.442286 -0.266469 0.06291078362252374
169.93575680531 -65.21038953377 0.003484 0.009524 "Gaia EDR3 5237116823929824640" 0.3974 4.08 -3.919 0.451 1.134 0.362 19.70894 0.005514 20.037271 0.088786 18.62345 0.065015 1.413822 -0.193244 0.11004500906901685
169.92871184189 -65.22289229955 0.00053 -0.002979 "Gaia EDR3 5237115346461041024" 0.1529 4.486 -4.331 0.173 1.167 0.154 18.660458 0.003416 19.60232 0.004446 17.509626 0.12113 2.092693 -0.078623 0.12121156634579063
169.91901842492 -65.21813425621 -0.003533 0.001779 "Gaia EDR3 5237115415180495744" 0.1592 4.302 -4.001 0.178 1.58 0.167 18.636398 0.003789 19.118292 0.038493 17.452833 0.022531 1.665459 0.412819 0.04460220857760297
169.9108861514 -65.21787253039 -0.006942 0.00204 "Gaia EDR3 5237115415180482304" 0.2541 4.173 -3.981 0.309 1.25 0.308 18.896364 0.004018 19.657663 0.122564 17.693996 0.021352 1.963667 -0.287054 0.12440997548428342
169.96634734345 -65.22120211162 0.016304 -0.001294 "Gaia EDR3 5237105068584982528" 0.1781 4.657 -4.358 0.208 1.642 0.186 18.893812 0.003533 19.98752 0.042016 17.982763 0.011655 2.004757 0.085634 0.04360256048674206
169.92785699896 -65.21680747234 0.000172 0.003106 "Gaia EDR3 5237116823929794304" 0.2272 4.643 -4.389 0.255 1.516 0.243 18.931307 0.007799 18.598848 0.065323 17.090178 0.044707 1.508671 0.414998 0.07915687069357909
169.91151700841 -65.22061493753 -0.006677 -0.000702 "Gaia EDR3 5237115415180479360" 0.7261 4.016 -3.756 1.078 1.423 0.761 20.555336 0.009474 21.987856 0.176078 20.081884 0.176187 1.905971 -0.251043 0.24908898219913303
169.95734464458 -65.21192993397 0.012535 0.00798 "Gaia EDR3 5237116858289596800" 0.7237 4.225 -4.014 0.946 1.319 0.785 20.396494 0.010104 20.320696 0.248231 17.935448 0.396496 2.385248 0.5888239999999999 0.4677902386508295
169.89733548451 -65.22343168081 -0.012619 -0.003521 "Gaia EDR3 5237115380820713856" 0.4639 4.134 -3.838 0.524 1.535 0.553 20.015842 0.006076 "" "" "" "" "" -0.372771 ""
169.93955371878 -65.22712001274 0.005073 -0.007207 "Gaia EDR3 5237115346461057920" 0.6225 4.777 -4.483 0.764 1.651 0.556 20.39267 0.006985 21.153484 0.10973 19.579607 0.059486 1.573877 -0.012507000000000004 0.1248168942731712
169.93493909994 -65.22415908292 0.00314 -0.004246 "Gaia EDR3 5237115346472780928" 0.2753 3.913 -3.775 0.312 1.032 0.285 19.555315 0.004317 20.710308 0.079042 18.709602 0.027818 2.000706 0.407826 0.08379426524530184
169.91236238852 -65.22241062272 -0.006322 -0.002498 "Gaia EDR3 5237115415180478336" 0.2796 3.902 -3.589 0.332 1.531 0.274 19.536968 0.004454 20.119097 0.06974 18.736383 0.026167 1.382713 -0.14415799999999998 0.07448744517702295
169.95437053541 -65.20736960897 0.01129 0.012541 "Gaia EDR3 5237116858289598208" 0.3935 3.684 -3.488 0.413 1.186 0.377 19.849283 0.004934 20.94567 0.091288 18.951263 0.050173 1.994406 0.197013 0.10416731192173484
169.96585419225 -65.21603445398 0.0161 0.003874 "Gaia EDR3 5237116858299062912" 0.0814 4.871 -4.571 0.089 1.683 0.093 17.357405 0.002944 18.263195 0.009401 16.416557 0.005422 1.846638 0.211759 0.010852505931811324
169.91718230231 -65.22868712434 -0.004301 -0.008774 "Gaia EDR3 5237115380830291840" 0.6235 4.843 -4.586 0.802 1.555 0.65 20.402843 0.007995 20.802382 0.091864 19.351418 0.053243 1.450964 -0.183409 0.10617820654446938
169.91717331048 -65.2149092166 -0.004307 0.005004 "Gaia EDR3 5237115410863388672" 0.4626 4.564 -4.238 0.547 1.694 0.48 20.02656 0.006054 "" "" "" "" "" 0.572153 ""
169.90155426634 -65.22775798855 -0.01085 -0.007847 "Gaia EDR3 5237115380820715008" 0.6865 4.377 -4.068 0.733 1.615 0.606 20.428642 0.007829 21.261404 0.120743 19.231752 0.030084 2.029652 0.724405 0.1244343967920446
169.91361165337 -65.23181285506 -0.005796 -0.0119 "Gaia EDR3 5237115380820729856" 0.3309 4.026 -3.763 0.371 1.431 0.318 19.813545 0.004746 20.389109 0.081551 19.005915 0.040289 1.383194 -0.513995 0.09096026122433905
169.9207640669 -65.20543550192 -0.002803 0.014478 "Gaia EDR3 5237116892661007744" 0.3782 4.831 -4.565 0.479 1.582 0.415 19.920952 0.005191 20.69691 0.058234 18.983505 0.0481 1.713406 -0.38536200000000004 0.07553018440332315
169.90653221846 -65.21745082635 -0.008767 0.002461 "Gaia EDR3 5237115415180475136" 0.4347 3.564 -3.298 0.535 1.352 0.444 20.094774 0.005883 20.536379 0.182127 19.434736 0.051418 1.101643 0.080273 0.18924601674275737
169.92239043578 -65.21850618449 -0.00212 0.001407 "Gaia EDR3 5237115410874745728" 0.1165 3.574 -3.461 0.122 0.893 0.121 16.80477 0.003901 17.37233 0.024119 15.338907 0.019076 2.033422 0.27812000000000003 0.03075093392077711
169.91406837792 -65.2141068374 -0.005609 0.005806 "Gaia EDR3 5237115415180497920" 0.5882 4.742 -4.424 0.903 1.708 0.633 20.15735 0.007607 20.281637 0.068308 18.985003 0.047314 1.296635 0.719007 0.08309390747822609
