RA_ICRS DE_ICRS _x _y EDR3Name e_Plx PM pmRA e_pmRA pmDE e_pmDE Gmag e_Gmag BPmag e_BPmag RPmag e_RPmag BP-RP Plx_corr e_BP-RP
150.80520507602 -64.79024079554 0.001211 -0.038974 "Gaia EDR3 5246554928657386624" 0.0298 3.889 -3.008 0.034 2.466 0.03 15.846879 0.002782 16.494154 0.003953 15.065317 0.004422 1.428837 0.085482 0.005931297750071227
150.85391765536 -64.76088905478 0.021983 -0.009631 "Gaia EDR3 5246556337411619328" 0.0239 3.88 -3.005 0.027 2.454 0.024 13.99979 0.002777 14.895699 0.003228 13.069142 0.003857 1.826557 0.097887 0.005029555944613798
150.75986423063 -64.7340547999 -0.018139 0.017206 "Gaia EDR3 5246559464147802112" 0.5308 3.85 -2.952 0.646 2.471 0.627 20.200733 0.007217 20.513868 0.118527 19.960163 0.123583 0.553705 0.100216 0.17123494858818977
150.7730628386 -64.73192272833 -0.012507 0.019342 "Gaia EDR3 5246559464123552000" 0.0705 3.897 -2.984 0.08 2.505 0.074 17.560972 0.002928 18.11286 0.022979 16.862154 0.010538 1.250706 0.066399 0.025280108484735584
150.86824089283 -64.74128489849 0.028111 0.009968 "Gaia EDR3 5246556577905702656" 0.1382 3.911 -3.028 0.161 2.475 0.168 18.57815 0.003322 19.023397 0.031219 18.071918 0.010747 0.951479 0.07839399999999999 0.03301702545657316
150.8568482173 -64.77711257149 0.023219 -0.025855 "Gaia EDR3 5246556234327495936" 0.0371 3.892 -2.978 0.041 2.507 0.041 16.214552 0.002793 16.786821 0.004068 15.493382 0.004164 1.293439 0.114175 0.00582129882414569
150.75190951566 -64.77268462327 -0.021504 -0.021426 "Gaia EDR3 5246557917954613888" 0.0349 3.918 -2.998 0.04 2.522 0.037 16.180939 0.00279 16.75624 0.004628 15.451338 0.00433 1.304903 0.0924 0.006337766483549232
150.74676507034 -64.74675307081 -0.023719 0.004504 "Gaia EDR3 5246559429783133056" 0.0387 3.91 -3.03 0.045 2.471 0.04 16.337526 0.002814 16.969358 0.0063 15.584197 0.00434 1.385161 0.050827 0.00765020261169598
150.74808629623 -64.7193019215 -0.023179 0.031955 "Gaia EDR3 5246559532862386560" 0.0234 3.838 -2.935 0.027 2.474 0.025 15.432345 0.002775 16.123236 0.003333 14.629515 0.003974 1.493721 0.064889 0.005186671861608367
150.73304411493 -64.75532891456 -0.029563 -0.004078 "Gaia EDR3 5246557952314362752" 0.0312 3.856 -2.992 0.036 2.433 0.034 15.8939 0.002784 16.506931 0.004723 15.142335 0.004435 1.364596 0.043076 0.006478885243620232
150.79631439575 -64.74035889562 -0.002581 0.010908 "Gaia EDR3 5246556509186068992" 0.1503 3.851 -2.98 0.171 2.439 0.16 18.72479 0.003393 19.10925 0.025451 18.253374 0.019918 0.855875 0.140533 0.032318417736640515
150.74763900122 -64.73008266506 -0.023361 0.021174 "Gaia EDR3 5246559532862371712" 0.0342 3.82 -2.963 0.042 2.411 0.037 16.16002 0.002793 16.786955 0.004585 15.40387 0.004283 1.383085 0.10275999999999999 0.006274258043784938
150.88150988038 -64.77636560665 0.033729 -0.025119 "Gaia EDR3 5246556165590595456" 0.353 3.894 -3.011 0.39 2.47 0.354 19.832676 0.004828 20.13472 0.059869 19.232443 0.051101 0.902277 0.019017 0.07871219322315953
150.83669765989 -64.72957593537 0.014657 0.021687 "Gaia EDR3 5246556642331981824" 0.0668 3.86 -2.957 0.074 2.481 0.071 17.448055 0.002894 18.01018 0.010203 16.742104 0.006955 1.268076 0.150938 0.012348005264009245
150.90210932863 -64.74335937579 0.042559 0.007874 "Gaia EDR3 5246556749723639552" 0.0403 3.871 -3.012 0.046 2.431 0.042 16.354172 0.00281 16.971252 0.005038 15.61148 0.004494 1.359773 0.026944 0.006751109538438848
150.78570237136 -64.70551148539 -0.007118 0.045755 "Gaia EDR3 5246559670301380096" 0.0267 3.896 -2.96 0.029 2.532 0.03 15.585216 0.002778 16.252953 0.00352 14.795217 0.003876 1.457736 0.123906 0.0052358166507241255
150.77401595361 -64.75135212373 -0.012091 -8.8e-05 "Gaia EDR3 5246559429783145472" 0.0491 3.798 -2.911 0.055 2.44 0.049 16.80156 0.002824 17.394331 0.005265 16.070597 0.004398 1.323734 0.066003 0.006860220769042349
150.81000353191 -64.77619287225 0.003256 -0.024926 "Gaia EDR3 5246556406126158464" 0.0357 3.807 -2.899 0.039 2.468 0.036 16.214724 0.002799 16.773514 0.005865 15.483102 0.004583 1.290412 0.095286 0.007443259635401684
150.82407576702 -64.75165636962 0.009262 -0.000391 "Gaia EDR3 5246556440486427648" 0.0519 3.898 -3.016 0.058 2.471 0.055 16.9131 0.002831 17.489992 0.00569 16.200056 0.00472 1.289936 0.002415999999999998 0.007392868184946895
150.82754674879 -64.72106444354 0.010754 0.030201 "Gaia EDR3 5246556646644948736" 0.5904 3.888 -2.948 0.658 2.535 0.635 20.35515 0.008208 20.833073 0.106475 19.846918 0.04804 0.986155 0.126406 0.1168108180991812
150.81647899505 -64.79477207145 0.006012 -0.043506 "Gaia EDR3 5246554718191238016" 0.1588 3.801 -2.896 0.185 2.462 0.17 18.72544 0.003631 19.262516 0.026695 17.954 0.013637 1.308515 0.066978 0.02997650403232505
150.8015177518 -64.74343724819 -0.00036 0.00783 "Gaia EDR3 5246556509186066944" 0.27 3.856 -2.946 0.288 2.488 0.252 19.372107 0.004432 "" "" "" "" "" -0.006710999999999998 ""
150.76077028199 -64.77173541254 -0.017728 -0.020474 "Gaia EDR3 5246554997377410304" 0.0477 3.79 -2.939 0.055 2.392 0.049 16.79868 0.00283 17.401527 0.005327 16.058754 0.005255 1.342773 0.116734 0.007482777158248133
150.73848499813 -64.74162052046 -0.027257 0.009633 "Gaia EDR3 5246559498502611200" 0.0806 3.903 -2.95 0.092 2.555 0.091 17.769629 0.003638 18.38816 0.016265 17.029085 0.00951 1.359076 0.056111 0.018841186931825713
150.89859728224 -64.75490472246 0.041043 -0.003669 "Gaia EDR3 5246556303027800320" 0.1436 3.836 -2.955 0.168 2.447 0.165 18.676046 0.003393 19.076588 0.020659 18.209242 0.014349 0.867346 0.178703 0.025153291673258197
150.85472956218 -64.77254279618 0.02232 -0.021285 "Gaia EDR3 5246556234310563968" 0.6221 3.952 -3.088 0.754 2.466 0.698 20.404005 0.007062 20.949976 0.096034 20.090689 0.081078 0.859287 -0.017542 0.1256828199874589
150.82125969152 -64.74687436081 0.008062 0.004392 "Gaia EDR3 5246556607984259584" 0.1397 3.952 -3.066 0.156 2.493 0.15 18.533632 0.003295 18.859533 0.024146 18.005512 0.013605 0.854021 0.020649 0.027715074255718675
150.80072853194 -64.76528648154 -0.000697 -0.014019 "Gaia EDR3 5246556474845644160" 0.0405 3.893 -3.065 0.046 2.401 0.042 16.332829 0.002795 16.923079 0.00445 15.598339 0.004288 1.324739 0.062172000000000005 0.006179760836796194
150.84420595291 -64.76442256863 0.01784 -0.013161 "Gaia EDR3 5246556440485936384" 0.055 3.869 -2.918 0.063 2.541 0.057 17.020382 0.002924 17.132008 0.005503 16.843178 0.00568 0.28883 0.050202 0.007908565546292197
150.88347491981 -64.76554033301 0.03458 -0.014295 "Gaia EDR3 5246556333091771136" 0.1289 3.835 -2.981 0.161 2.412 0.135 18.315424 0.003281 18.913734 0.018627 17.630566 0.012338 1.283169 0.179098 0.022342591009101877
150.75123458611 -64.74541310402 -0.021813 0.005845 "Gaia EDR3 5246559429763697920" 0.1423 3.857 -3.026 0.162 2.392 0.151 18.620338 0.003344 19.0455 0.01841 18.06233 0.012106 0.98317 0.010853999999999999 0.02203368639152332
150.78353822836 -64.78147026642 -0.00802 -0.030204 "Gaia EDR3 5246554997357354880" 0.178 3.859 -2.901 0.202 2.545 0.179 18.954012 0.003607 19.30448 0.035403 18.494299 0.019541 0.810181 0.08916199999999999 0.04043789176008067
150.83632107534 -64.7438731161 0.014489 0.00739 "Gaia EDR3 5246556543547723264" 0.152 3.945 -3.098 0.18 2.442 0.167 18.668177 0.00375 18.613289 0.052996 17.824633 0.032619 0.788656 0.08222399999999999 0.062230018295031865
150.82514692089 -64.72062429518 0.00973 0.030641 "Gaia EDR3 5246556646625179008" 0.1501 3.979 -3.024 0.172 2.585 0.167 18.711506 0.003504 19.079351 0.013701 18.202408 0.012971 0.876944 0.072206 0.018867014655212413
150.8574015142 -64.76991171787 0.023461 -0.018655 "Gaia EDR3 5246556230012773760" 0.1658 3.888 -3.075 0.189 2.379 0.188 18.769625 0.003486 19.141632 0.022814 18.274931 0.016502 0.866701 0.031491 0.02815660846053729
150.8053926481 -64.75277740219 0.001292 -0.00151 "Gaia EDR3 5246556509205402112" 0.107 3.774 -2.854 0.124 2.469 0.104 18.091288 0.003136 18.51789 0.011514 17.443995 0.010679 1.073896 0.12482499999999999 0.015703924254784216
150.84694056517 -64.76592422646 0.019004 -0.014664 "Gaia EDR3 5246556234308155136" 0.1723 3.939 -3.008 0.209 2.543 0.187 18.833471 0.003475 19.188425 0.024601 18.343967 0.018129 0.844458 0.19986900000000002 0.030559284055749737
150.78207216994 -64.75737217366 -0.008653 -0.006106 "Gaia EDR3 5246556470533276800" 0.0739 3.896 -3.068 0.081 2.403 0.07 17.524588 0.005851 18.090208 0.014634 16.769869 0.016206 1.320339 -0.009034 0.021835484698078035
150.80479658815 -64.7468805114 0.001038 0.004387 "Gaia EDR3 5246556509205409920" 0.047 3.886 -3.025 0.053 2.438 0.047 16.74339 0.002837 17.232738 0.007381 16.036999 0.00575 1.19574 -0.045859 0.009356370076049792
150.83015958902 -64.77102584762 0.011848 -0.019761 "Gaia EDR3 5246556401811465088" 0.1619 3.773 -2.956 0.187 2.346 0.168 18.772955 0.003443 19.247318 0.020233 18.145212 0.016646 1.102106 0.018407 0.026200450473226604
150.80414487188 -64.73919799168 0.000761 0.012069 "Gaia EDR3 5246556612265299968" 0.1715 3.938 -2.952 0.196 2.605 0.18 18.908386 0.003484 19.164005 0.027998 18.369173 0.024463 0.794832 0.12478299999999999 0.037179649984904375
150.77712593451 -64.76278624721 -0.01076 -0.011521 "Gaia EDR3 5246556474845631488" 0.0349 3.891 -3.09 0.039 2.365 0.037 16.162407 0.002856 16.712694 0.005662 15.446027 0.004385 1.266667 0.077697 0.007161457184121121
150.73752106005 -64.7639272307 -0.027645 -0.012674 "Gaia EDR3 5246557952294833152" 0.1569 3.912 -2.939 0.18 2.581 0.175 18.649784 0.003397 19.092173 0.024974 18.10345 0.014672 0.988722 0.172302 0.028964948817493185
150.7903651829 -64.73515428392 -0.00512 0.016112 "Gaia EDR3 5246559567202788992" 0.1193 3.946 -2.988 0.132 2.577 0.124 18.278189 0.003181 18.800903 0.017758 17.591757 0.022079 1.209146 0.189062 0.028334233799416565
150.76681894157 -64.70666076432 -0.015186 0.044602 "Gaia EDR3 5246559670282080128" 0.1546 3.932 -3.106 0.179 2.411 0.174 18.75993 0.003408 19.131151 0.020783 18.205343 0.018309 0.925808 0.0030890000000000015 0.027697519202990004
150.79532447125 -64.74469412537 -0.003003 0.006573 "Gaia EDR3 5246556509186043648" 0.0928 3.727 -2.893 0.102 2.35 0.096 18.00962 0.003385 18.292814 0.03013 17.219969 0.020019 1.072845 0.142681 0.036174262411277996
150.76966839106 -64.74196609136 -0.01395 0.009298 "Gaia EDR3 5246559464123492480" 0.2159 3.809 -2.891 0.238 2.48 0.2 19.053778 0.00378 19.440615 0.019961 18.627348 0.018518 0.813267 0.218763 0.027227887266550815
150.74753030179 -64.74183862035 -0.023397 0.009418 "Gaia EDR3 5246559425471081472" 0.1432 3.761 -2.897 0.177 2.399 0.156 18.633568 0.003308 19.15847 0.024522 17.902618 0.013111 1.255852 -0.036080999999999995 0.02780695605419622
150.70455870553 -64.76062592386 -0.041704 -0.009391 "Gaia EDR3 5246557986654513792" 0.3843 3.948 -3.017 0.464 2.546 0.445 20.01213 0.005384 20.512365 0.049409 19.56346 0.046803 0.948906 -0.073538 0.06805710903351685
150.72612940885 -64.72747357444 -0.032546 0.023774 "Gaia EDR3 5246559498483200896" 0.1528 4.032 -3.07 0.173 2.613 0.175 18.612862 0.003286 "" "" "" "" "" 0.112358 ""
150.78649650728 -64.73194380132 -0.006772 0.019323 "Gaia EDR3 5246559562921759616" 0.1661 3.991 -3.157 0.188 2.442 0.176 18.850622 0.003487 19.20593 0.020641 18.369133 0.020542 0.836798 0.082183 0.029120862710434937
150.80549189527 -64.7190149321 0.001336 0.032252 "Gaia EDR3 5246559601562631936" 0.1415 3.957 -3.116 0.167 2.44 0.16 18.64497 0.003276 19.059177 0.024387 18.105124 0.016293 0.954054 0.19751200000000002 0.02932895528313274
150.77906256954 -64.78251808714 -0.009927 -0.031253 "Gaia EDR3 5246554993064823552" 0.148 3.929 -2.928 0.173 2.62 0.165 18.607624 0.003345 19.078934 0.018523 18.018276 0.011473 1.060658 0.146213 0.02178832848109281
150.809451182 -64.74216093387 0.003025 0.009106 "Gaia EDR3 5246556612284633344" 0.0655 3.849 -2.996 0.073 2.416 0.068 17.405876 0.002887 17.96653 0.007398 16.709255 0.005629 1.257275 0.25422500000000003 0.009296023074411982
150.8234193612 -64.7465895381 0.008983 0.004676 "Gaia EDR3 5246556607984259456" 0.1441 3.794 -2.923 0.161 2.419 0.157 18.629599 0.003341 19.031656 0.045897 18.142363 0.01904 0.889294 0.244474 0.04968959859970696
150.77256301892 -64.75562950488 -0.012709 -0.004365 "Gaia EDR3 5246556474850558592" 0.1501 3.977 -3.156 0.177 2.419 0.143 18.505667 0.00331 18.837536 0.015573 18.07448 0.016188 0.763056 0.050486 0.022462628363573132
150.81111443204 -64.7254295243 0.003737 0.025837 "Gaia EDR3 5246556642340271616" 0.1405 4.03 -3.145 0.159 2.52 0.153 18.512987 0.003316 19.011227 0.022402 17.918823 0.013421 1.092403 0.018494999999999998 0.026114609799880218
150.82011426075 -64.75047585713 0.007572 0.00079 "Gaia EDR3 5246556440468499328" 0.1787 3.774 -3.001 0.202 2.288 0.188 18.910788 0.003596 19.197264 0.020884 18.439253 0.01918 0.758011 0.091703 0.0283551380881843
150.79985913159 -64.76091650215 -0.001067 -0.009649 "Gaia EDR3 5246556474828221952" 0.1696 3.856 -2.93 0.208 2.507 0.17 18.770266 0.003444 19.32113 0.0198 18.103619 0.011492 1.217512 0.25498699999999996 0.022893362880974915
150.85258278411 -64.74693354875 0.021425 0.004325 "Gaia EDR3 5246556543545894016" 0.1435 3.871 -2.886 0.16 2.579 0.165 18.550966 0.003338 19.006954 0.026597 18.029388 0.015037 0.977566 -0.023728000000000003 0.030553424979861094
150.80166112125 -64.75265187573 -0.000299 -0.001385 "Gaia EDR3 5246556509205399552" 0.0883 3.771 -2.802 0.1 2.523 0.086 17.852127 0.003016 17.988338 0.016323 17.500507 0.012047 0.487831 0.09051200000000001 0.02028720133483177
150.84212412545 -64.77152063508 0.016948 -0.020259 "Gaia EDR3 5246556230019743488" 0.1494 4.049 -3.082 0.175 2.626 0.159 18.640335 0.003377 19.114767 0.023279 18.082644 0.015273 1.032124 0.031626 0.02784198933266084
150.79808432233 -64.75890846958 -0.001824 -0.007641 "Gaia EDR3 5246556474828222976" 0.1353 3.939 -3.143 0.159 2.374 0.138 18.31275 0.003204 18.63105 0.013231 17.782558 0.013605 0.848492 0.151728 0.018977760299887868
150.78029791806 -64.74663860788 -0.009413 0.004627 "Gaia EDR3 5246559464123494784" 0.2149 4.06 -3.138 0.227 2.575 0.198 19.162172 0.003904 19.5807 0.024812 18.71403 0.028158 0.866671 0.146968 0.03753009869424806
150.80230676649 -64.75946241486 -2.4e-05 -0.008195 "Gaia EDR3 5246556474828224896" 0.1476 3.8 -2.858 0.173 2.504 0.15 18.607506 0.003338 18.762072 0.046679 17.93181 0.040732 0.830261 0.230794 0.06195179468748262
150.84154102152 -64.75578784067 0.016709 -0.004526 "Gaia EDR3 5246556543545830400" 0.2536 3.836 -3.07 0.267 2.3 0.242 19.399519 0.004211 19.597225 0.060161 18.739038 0.036371 0.858187 0.022835 0.07030075079257689
150.80997991123 -64.73978992646 0.003251 0.011477 "Gaia EDR3 5246556612265310336" 0.157 3.723 -2.935 0.175 2.29 0.171 18.640684 0.003338 19.043268 0.017834 18.150618 0.014845 0.892651 0.013464 0.023203999245819673
150.80310431396 -64.77598854404 0.000316 -0.024721 "Gaia EDR3 5246556401814097920" 0.1388 4.002 -3.002 0.158 2.647 0.145 18.563377 0.003332 18.930096 0.02275 18.032965 0.013316 0.897131 0.171784 0.0263605454420048
150.88325457722 -64.74212350879 0.034516 0.009122 "Gaia EDR3 5246556371747299072" 0.1452 3.75 -2.966 0.158 2.294 0.152 18.632147 0.003335 19.009022 0.02033 18.160635 0.012973 0.848387 -0.010535999999999997 0.02411654264192942
150.83176118665 -64.73924038195 0.012546 0.012024 "Gaia EDR3 5246556607972537344" 0.1418 3.682 -2.833 0.162 2.353 0.157 18.61993 0.003318 19.211502 0.020896 17.975996 0.014475 1.235506 0.027102 0.025419843449557278
150.8394841181 -64.77381678531 0.015821 -0.022554 "Gaia EDR3 5246556230012772096" 0.1823 3.818 -3.008 0.203 2.351 0.179 18.77995 0.003399 19.297625 0.023332 18.145704 0.010922 1.15192 -0.07810500000000001 0.025761838210810965
150.79986173649 -64.74886143797 -0.001067 0.002406 "Gaia EDR3 5246556509186029056" 0.2659 3.876 -3.03 0.275 2.417 0.25 19.44332 0.004263 19.806505 0.036974 18.989782 0.034067 0.816723 -0.11232799999999998 0.0502756120300887
150.86415449982 -64.74328573997 0.026365 0.007969 "Gaia EDR3 5246556577905676416" 0.4566 3.672 -2.82 0.527 2.353 0.529 20.209558 0.00625 20.71305 0.067633 19.56131 0.040275 1.151741 0.024585000000000003 0.07871656950096338
150.80370257955 -64.75937071713 0.000571 -0.008103 "Gaia EDR3 5246556474828225920" 0.3203 3.814 -2.816 0.351 2.573 0.293 19.594467 0.004879 19.94801 0.081603 19.025541 0.067147 0.922468 0.026779 0.1056776665999018
150.75560184398 -64.75972941014 -0.019939 -0.00847 "Gaia EDR3 5246557948002327296" 0.141 3.784 -2.839 0.161 2.502 0.148 18.585087 0.003357 18.991068 0.016766 18.055475 0.017522 0.935593 0.23162000000000002 0.024251169868688808
150.911055537 -64.74473752811 0.046374 0.00649 "Gaia EDR3 5246556680984991488" 0.2804 3.957 -3.17 0.297 2.369 0.29 19.517597 0.004469 19.868473 0.035767 19.079716 0.034979 0.788757 0.06303600000000001 0.05002807941546427
150.78938593235 -64.76439154487 -0.005532 -0.013125 "Gaia EDR3 5246556474828217856" 0.1746 3.815 -3.065 0.21 2.271 0.18 18.868027 0.003508 19.222034 0.016404 18.403748 0.01401 0.818287 0.075256 0.021572466618354054
150.77096216285 -64.75534537864 -0.013392 -0.004081 "Gaia EDR3 5246559425470777472" 0.1749 3.659 -2.828 0.202 2.322 0.172 18.721914 0.003486 19.075916 0.021167 18.217123 0.015653 0.858793 0.07867199999999999 0.026326000417837874
150.76524574025 -64.76279131605 -0.015825 -0.011529 "Gaia EDR3 5246554997357398144" 0.1551 3.904 -3.079 0.175 2.4 0.16 18.716393 0.003367 19.144081 0.020998 18.199821 0.016878 0.94426 0.268113 0.02694035797831944
150.80633831351 -64.76557349922 0.001695 -0.014306 "Gaia EDR3 5246556406106751232" 0.152 4.078 -3.191 0.179 2.538 0.156 18.687796 0.003408 19.036543 0.02561 18.168083 0.019129 0.86846 0.09343100000000001 0.031965461689141925
150.77361183221 -64.75391854418 -0.012262 -0.002654 "Gaia EDR3 5246559425470777984" 0.0895 3.695 -2.78 0.1 2.434 0.084 17.734043 0.002969 18.249275 0.010575 17.085587 0.007728 1.163689 0.15020699999999998 0.013097809320645953
150.80208873242 -64.73419143784 -0.000117 0.017076 "Gaia EDR3 5246556612284637568" 0.2161 3.667 -2.869 0.241 2.284 0.219 19.209627 0.003858 19.509943 0.04544 18.771898 0.043633 0.738045 0.104062 0.06299708159113404
150.76871622405 -64.75985112142 -0.014347 -0.008588 "Gaia EDR3 5246556474845629056" 0.1518 3.765 -3.017 0.175 2.252 0.161 18.61598 0.00333 18.910992 0.021023 18.008127 0.014236 0.902864 0.110002 0.025389569216510942
150.81735213032 -64.76795726817 0.00639 -0.016691 "Gaia EDR3 5246556406106766080" 0.1396 3.921 -2.937 0.164 2.597 0.142 18.527842 0.003298 18.924835 0.017926 17.97359 0.011299 0.951244 -0.09142600000000001 0.021189829565147523
150.8160538335 -64.7546566027 0.005839 -0.00339 "Gaia EDR3 5246556440468496128" 0.3138 3.909 -3.044 0.361 2.453 0.292 19.656164 0.004948 20.127367 0.052268 19.114891 0.04439 1.012476 0.295975 0.0685741636770001
150.82660788542 -64.78008376278 0.010331 -0.028819 "Gaia EDR3 5246556406106729984" 0.1036 3.704 -2.93 0.114 2.266 0.1 17.96827 0.003161 "" "" "" "" "" -0.007267000000000003 ""
150.78234803081 -64.75957999838 -0.008534 -0.008314 "Gaia EDR3 5246556474826203392" 0.1743 3.88 -2.861 0.195 2.62 0.172 18.913197 0.003767 19.276144 0.022534 18.382786 0.017617 0.893358 -0.03043 0.028603143970549808
150.78701998739 -64.74472698057 -0.006546 0.006539 "Gaia EDR3 5246556509186018560" 0.3655 3.669 -2.799 0.376 2.372 0.36 19.949806 0.005277 20.41747 0.052302 19.61041 0.054956 0.80706 0.167768 0.07586607370887201
150.78889138828 -64.79778449981 -0.005736 -0.046518 "Gaia EDR3 5246554894278074240" 0.1939 4.001 -3.114 0.214 2.512 0.186 19.018333 0.003707 19.356888 0.02677 18.456978 0.028625 0.89991 -0.10091900000000001 0.03919213600966398
150.70957446984 -64.74010869705 -0.039595 0.01113 "Gaia EDR3 5246558021033845504" 0.0891 3.841 -2.991 0.107 2.409 0.097 17.949362 0.002984 18.511213 0.014602 17.258402 0.007133 1.252811 -0.145736 0.016251095132328777
150.73921607657 -64.71502277741 -0.026971 0.036231 "Gaia EDR3 5246559532843031168" 0.2041 4.066 -3.227 0.223 2.474 0.203 19.21489 0.003848 19.620008 0.024513 18.700447 0.023069 0.919561 0.070298 0.033661044695612166
150.77638711982 -64.75811942738 -0.011077 -0.006854 "Gaia EDR3 5246556474826196608" 0.203 4.11 -3.137 0.219 2.656 0.194 19.115131 0.003847 19.552574 0.024891 18.620829 0.015997 0.931746 0.108771 0.029588272845842152
150.79514353012 -64.7456616996 -0.00308 0.005605 "Gaia EDR3 5246556509186037760" 0.1722 3.947 -2.991 0.19 2.575 0.18 18.87804 0.003601 19.232924 0.026451 18.486729 0.017447 0.746195 -0.13325499999999998 0.03168679867073984
150.78763317654 -64.74976972958 -0.006283 0.001497 "Gaia EDR3 5246556509185996800" 0.2508 3.833 -3.071 0.263 2.294 0.246 19.383524 0.004461 19.721062 0.024256 18.96168 0.036289 0.759382 0.231282 0.04364911290049318
150.81628416033 -64.74463330093 0.00594 0.006633 "Gaia EDR3 5246556612265301760" 0.1916 4.006 -3.017 0.196 2.635 0.192 19.03179 0.003842 19.4085 0.022711 18.598682 0.019741 0.809818 0.261895 0.030091470585533037
150.79815250506 -64.75375224252 -0.001796 -0.002485 "Gaia EDR3 5246556509186001664" 0.1786 4.094 -3.143 0.201 2.623 0.174 18.915415 0.003701 19.205597 0.023873 18.47023 0.02626 0.735367 -0.022792 0.035489543939025196
150.78604291815 -64.76461219832 -0.006958 -0.013346 "Gaia EDR3 5246556474828217088" 0.3142 4.03 -2.986 0.336 2.707 0.296 19.632864 0.004619 20.004232 0.026644 19.146208 0.043132 0.858025 0.022032 0.050697851631010954
150.80500522445 -64.76351985093 0.001127 -0.012253 "Gaia EDR3 5246556406106757632" 0.1552 3.649 -2.751 0.177 2.397 0.161 18.71826 0.00341 19.155682 0.019322 18.19843 0.010513 0.957252 0.144984 0.02199688280188809
150.75607078596 -64.73240017992 -0.019759 0.01886 "Gaia EDR3 5246559528562056832" 0.1642 3.664 -2.839 0.191 2.316 0.185 18.842709 0.003483 19.20249 0.027544 18.295734 0.020273 0.906755 0.223866 0.03420038691301606
150.84686946016 -64.75156950381 0.018984 -0.000309 "Gaia EDR3 5246556539264248960" 0.1764 3.874 -3.058 0.191 2.379 0.186 18.96741 0.003675 19.338737 0.035381 18.54928 0.0235 0.789457 -0.144282 0.04247428823417763
150.85856743251 -64.73820922343 0.023986 0.013047 "Gaia EDR3 5246556577907470208" 0.1685 4.128 -3.174 0.2 2.64 0.2 18.801805 0.003466 19.187786 0.024815 18.349876 0.018483 0.83791 0.12087800000000001 0.030941970105343972
150.76456017076 -64.75281489836 -0.016124 -0.001552 "Gaia EDR3 5246559429763694208" 0.1822 3.628 -2.752 0.207 2.363 0.171 18.813229 0.003633 19.19594 0.021489 18.324532 0.016553 0.871408 0.120224 0.02712524525234749
150.71162144879 -64.73748335131 -0.038725 0.013756 "Gaia EDR3 5246559494202319360" 0.1784 4.067 -3.239 0.23 2.46 0.205 18.975897 0.003653 19.357355 0.035586 18.508951 0.018828 0.848404 0.02405 0.04025986810708649
150.83533486406 -64.74217018698 0.014069 0.009093 "Gaia EDR3 5246556539255197568" 0.0631 3.736 -2.745 0.071 2.535 0.069 17.23199 0.002936 17.380125 0.008778 16.988823 0.008389 0.391302 0.014283999999999998 0.012142018160091838
150.79096974753 -64.75016735066 -0.00486 0.001099 "Gaia EDR3 5246556509186002048" 0.1448 3.618 -2.823 0.165 2.262 0.151 18.595842 0.003632 19.091187 0.02215 17.958553 0.012547 1.132633 0.076532 0.025456820480963448
150.84481093654 -64.74510224374 0.01811 0.006159 "Gaia EDR3 5246556543545885056" 0.2953 3.873 -3.147 0.297 2.257 0.291 19.632326 0.004683 20.021132 0.040587 19.261208 0.024087 0.759924 0.095483 0.047196272501120254
150.75801921311 -64.72726052979 -0.018931 0.024 "Gaia EDR3 5246559532843017472" 0.2122 3.695 -2.722 0.238 2.499 0.218 19.248238 0.003897 19.599554 0.028892 18.791466 0.026857 0.808088 0.11533399999999999 0.03944675034777897
150.80018313366 -64.75970811753 -0.000929 -0.008441 "Gaia EDR3 5246556474828223232" 0.1246 3.8 -3.054 0.14 2.261 0.123 17.943272 0.003471 18.34383 0.008909 17.24353 0.008513 1.1003 0.243131 0.012322396276698781
150.82559738359 -64.71469818796 0.009924 0.036567 "Gaia EDR3 5246557024582325504" 0.2336 3.61 -2.803 0.251 2.274 0.23 19.182419 0.003934 19.628826 0.027713 18.710363 0.033711 0.918463 0.046209 0.04363991166352196
150.80093279607 -64.75390087409 -0.00061 -0.002634 "Gaia EDR3 5246556509186006016" 0.1458 4.099 -3.113 0.173 2.667 0.153 18.664177 0.003304 18.953928 0.022358 18.108734 0.015281 0.845194 -0.050679999999999996 0.027081158117776276
150.7423888812 -64.74260762598 -0.02559 0.008647 "Gaia EDR3 5246559498483167360" 0.2032 3.704 -2.83 0.223 2.39 0.216 19.132336 0.003868 19.386845 0.042541 18.466078 0.047201 0.920767 -0.132718 0.06354267134768572
150.77886298907 -64.76585882298 -0.010018 -0.014593 "Gaia EDR3 5246556470533273728" 0.1052 3.893 -3.169 0.121 2.262 0.104 17.863527 0.003054 18.320173 0.01271 17.107368 0.008385 1.212805 0.129982 0.015226697770692108
150.77467692927 -64.75726754202 -0.011807 -0.006003 "Gaia EDR3 5246556470541531392" 0.1255 3.661 -2.928 0.146 2.197 0.13 18.391472 0.003195 18.885347 0.019601 17.7956 0.010914 1.089746 0.127894 0.022434673989162403
150.79970781594 -64.71604189137 -0.001134 0.035225 "Gaia EDR3 5246559597277758848" 0.1834 3.672 -2.783 0.21 2.396 0.192 18.990105 0.003828 19.37617 0.027943 18.535421 0.019117 0.840748 -0.097823 0.033856623251588454
150.78436399765 -64.7160501647 -0.007687 0.035216 "Gaia EDR3 5246559597269780352" 0.1357 3.966 -3.221 0.16 2.314 0.154 18.586851 0.003278 19.07187 0.018241 17.959488 0.015098 1.112383 0.12460399999999999 0.02367876020825415
150.80036616148 -64.74529495756 -0.000852 0.005972 "Gaia EDR3 5246556509186051456" 0.2565 3.848 -3.138 0.264 2.226 0.248 19.504549 0.00439 19.876335 0.035701 18.899523 0.054774 0.976812 0.056188 0.06538159127002034
150.84913648665 -64.73334658721 0.019965 0.017913 "Gaia EDR3 5246556577924931840" 0.2339 3.606 -2.839 0.29 2.223 0.235 19.137077 0.004368 19.000174 0.028243 18.245071 0.022002 0.755102 0.052575 0.0358016068494139
150.84988832275 -64.75638926299 0.020268 -0.00513 "Gaia EDR3 5246556543570049920" 0.2961 4.143 -3.167 0.31 2.671 0.301 19.452757 0.004679 19.879215 0.029594 18.912321 0.034552 0.966894 0.171286 0.04549335709749281
150.73741584146 -64.74793035614 -0.027706 0.003323 "Gaia EDR3 5246559498483131136" 0.2597 3.754 -2.925 0.299 2.353 0.252 19.386465 0.004169 19.82454 0.046652 18.913254 0.037848 0.911285 0.337316 0.06007395615406064
150.83044878169 -64.71999024908 0.011994 0.031274 "Gaia EDR3 5246556646626948864" 0.3575 3.732 -2.876 0.373 2.379 0.367 19.90675 0.005309 20.381872 0.061394 19.461487 0.050463 0.920385 0.33336699999999997 0.07947161508991749
150.79004933649 -64.76948170749 -0.005249 -0.018215 "Gaia EDR3 5246556474826171392" 0.2089 3.667 -2.945 0.237 2.186 0.205 19.162384 0.003846 19.483538 0.030706 18.683044 0.016388 0.800493 0.034643 0.034805530882318116
150.82745016455 -64.77002308878 0.010694 -0.018758 "Gaia EDR3 5246556406106777600" 0.1613 4.095 -3.243 0.184 2.5 0.169 18.795141 0.003471 19.163372 0.029186 18.232475 0.030253 0.930897 0.21620899999999998 0.04203649134977847
150.80917111042 -64.78399706392 0.002901 -0.03273 "Gaia EDR3 5246554928641237120" 0.9693 4.115 -3.061 0.951 2.75 0.889 20.678247 0.010502 21.002714 0.191143 19.740183 0.079389 1.262531 0.13216 0.2069740557896086
150.75060534874 -64.7924545578 -0.022043 -0.041196 "Gaia EDR3 5246554855637605376" 0.1612 3.998 -2.909 0.191 2.743 0.178 18.707296 0.003411 19.077127 0.01945 18.234993 0.012852 0.842135 0.158125 0.023312580380558477
150.83624103161 -64.74920888411 0.014452 0.002054 "Gaia EDR3 5246556543545849984" 0.1755 3.949 -3.183 0.192 2.337 0.192 18.948198 0.003677 19.281668 0.017948 18.529911 0.0245 0.751757 -0.090285 0.030370721163647068
150.84146355471 -64.73692721853 0.016687 0.014335 "Gaia EDR3 5246556577905653632" 0.2421 4.083 -3.039 0.251 2.727 0.235 19.358332 0.004117 19.892935 0.037867 18.841372 0.026311 1.051563 -0.056184 0.04611050216599251
150.78657957536 -64.75968358755 -0.00673 -0.008417 "Gaia EDR3 5246556474826210688" 0.3303 3.91 -2.91 0.351 2.612 0.312 19.708511 0.004992 20.157118 0.039696 19.237324 0.037552 0.919794 -0.17136 0.054643619206637475
150.75857375623 -64.7529418224 -0.018677 -0.001681 "Gaia EDR3 5246559429763679872" 0.1696 3.903 -2.847 0.194 2.669 0.166 18.678652 0.003379 19.171616 0.020025 18.0361 0.01758 1.135515 0.25655300000000003 0.026646895222520766
150.78597998717 -64.76714639388 -0.006984 -0.01588 "Gaia EDR3 5246556474826173824" 0.183 3.938 -2.944 0.202 2.616 0.177 18.970982 0.003611 19.290703 0.022118 18.557905 0.02107 0.732798 0.341984 0.030547517476875268
150.72708738605 -64.75804309072 -0.0321 -0.006795 "Gaia EDR3 5246558021014310272" 0.211 4.105 -3.28 0.252 2.469 0.222 18.995703 0.003823 19.064184 0.067549 18.159615 0.064617 0.90457 0.025651 0.09347846859036577
150.8452726175 -64.77525732212 0.018287 -0.023996 "Gaia EDR3 5246556234308099456" 0.1496 4.138 -3.227 0.17 2.591 0.151 18.593872 0.003312 18.934916 0.040562 18.009165 0.049577 0.925751 0.218014 0.06405587227569381
150.86939552155 -64.74518377656 0.028599 0.006068 "Gaia EDR3 5246556371750227968" 0.629 4.119 -3.12 0.782 2.69 0.711 20.49563 0.007832 20.78838 0.129578 19.714865 0.066978 1.073515 -0.158614 0.14586469952665038
150.81702306046 -64.72994439958 0.006258 0.021322 "Gaia EDR3 5246556646625107968" 0.3603 3.714 -2.917 0.579 2.299 0.568 19.221277 0.005266 18.842627 0.038096 17.945585 0.03963 0.897041 0.318902 0.054971284467438083
150.8182574274 -64.749683209 0.00678 0.001583 "Gaia EDR3 5246556504901326464" 0.1681 4.003 -3.107 0.186 2.524 0.175 18.778597 0.003445 18.972834 0.01684 18.156769 0.017002 0.816065 0.35847 0.023930181863078267
150.82505111988 -64.77691819517 0.009669 -0.025653 "Gaia EDR3 5246556401811242752" 0.1088 4.156 -3.131 0.124 2.734 0.112 18.170235 0.003144 18.74147 0.013461 17.480385 0.010077 1.261086 0.111818 0.01681500669045362
150.81911427215 -64.74901641367 0.007146 0.00225 "Gaia EDR3 5246556509186074752" 0.1877 3.984 -3.246 0.21 2.31 0.198 18.968279 0.003713 19.300741 0.044321 18.42201 0.053725 0.878731 0.09512599999999999 0.069647158348349
150.8021855207 -64.76009528058 -7.5e-05 -0.008828 "Gaia EDR3 5246556474828223872" 0.1435 3.692 -2.778 0.17 2.431 0.149 18.572208 0.003401 18.56305 0.062865 17.898478 0.042463 0.664572 0.307871 0.07586247157850844
150.82454339088 -64.75802752669 0.009459 -0.006762 "Gaia EDR3 5246556440466570752" 0.1616 3.7 -2.805 0.179 2.414 0.153 18.618988 0.003346 19.012587 0.017979 18.060179 0.016528 0.952408 0.327351 0.024421695784691118
150.81339095945 -64.76366571966 0.004702 -0.012399 "Gaia EDR3 5246556406106775936" 0.2092 3.588 -2.701 0.222 2.363 0.199 19.173046 0.003894 19.591738 0.047703 18.682379 0.031578 0.909359 0.039733000000000004 0.0572079215930801
150.80870336376 -64.75179368789 0.002705 -0.000527 "Gaia EDR3 5246556509186041600" 0.1421 3.743 -3.041 0.166 2.182 0.147 18.556662 0.003358 18.901985 0.024199 18.081005 0.013802 0.82098 0.184925 0.027858334569747702
150.79538589364 -64.75662812507 -0.002975 -0.005361 "Gaia EDR3 5246556474826245504" 0.2035 4.144 -3.176 0.23 2.663 0.19 18.936674 0.003625 19.329344 0.019521 18.456947 0.017973 0.872396 0.22864099999999998 0.02653484821889886
150.72823457226 -64.73511918477 -0.031638 0.01613 "Gaia EDR3 5246559494190261632" 0.1504 3.81 -3.119 0.19 2.187 0.172 18.637154 0.003394 19.051538 0.022515 17.95112 0.014654 1.100418 0.070446 0.02686382215917906
150.81993082776 -64.7229756871 0.007502 0.028291 "Gaia EDR3 5246556646625145984" 0.1437 3.887 -3.177 0.164 2.24 0.158 18.648376 0.00335 19.054777 0.049641 18.160421 0.016717 0.894356 -0.006901000000000001 0.05238021544438319
150.82322599959 -64.72752271412 0.008907 0.023743 "Gaia EDR3 5246556646625132544" 0.3094 3.797 -3.107 0.327 2.183 0.311 19.732641 0.004793 20.158577 0.059688 19.311968 0.040987 0.846609 0.015991000000000002 0.0724057422653756
150.78337565795 -64.75884917159 -0.008097 -0.007583 "Gaia EDR3 5246556474826208128" 0.36 4.028 -3.209 0.38 2.435 0.348 19.78273 0.00503 20.333012 0.080249 19.238281 0.054547 1.09473 -0.149177 0.09703235135767864
150.82794545454 -64.79329525652 0.010895 -0.04203 "Gaia EDR3 5246554722479490944" 0.2276 3.73 -2.998 0.247 2.218 0.22 19.182077 0.003945 19.533106 0.031696 18.69289 0.024453 0.840216 -0.111323 0.040032307265507446
150.73142986471 -64.76369304741 -0.030242 -0.012443 "Gaia EDR3 5246557917935083264" 0.1564 3.924 -3.203 0.186 2.266 0.163 18.577122 0.003456 18.815958 0.034972 17.946333 0.034718 0.869625 -0.029392 0.049278598884302714
150.8426535224 -64.7554923334 0.017183 -0.004231 "Gaia EDR3 5246556543545833856" 0.2712 3.99 -3.249 0.283 2.315 0.271 19.496897 0.004217 19.84948 0.110138 18.930792 0.081523 0.918688 0.178869 0.13702692645243122
150.81760492621 -64.78271790412 0.006494 -0.031451 "Gaia EDR3 5246554928637945856" 0.3288 3.692 -3.002 0.353 2.15 0.314 19.790014 0.005028 20.108742 0.044148 19.385345 0.039406 0.723396 0.10525899999999999 0.0591766739518199
150.78309528626 -64.7858071957 -0.008208 -0.034541 "Gaia EDR3 5246554889985302912" 0.1256 3.815 -3.091 0.142 2.236 0.131 18.371887 0.003178 18.851294 0.015945 17.663088 0.010387 1.188206 -0.108151 0.019029787019302136
150.86767557526 -64.78206949242 0.027827 -0.030817 "Gaia EDR3 5246556161293072896" 0.1465 3.651 -2.854 0.179 2.278 0.17 18.637957 0.003395 19.161077 0.022375 18.09587 0.015339 1.065208 0.306973 0.027127947692370685
150.74997005749 -64.73383913391 -0.022362 0.017419 "Gaia EDR3 5246559528562056960" 0.1481 3.732 -2.705 0.17 2.572 0.164 18.717072 0.003517 19.042227 0.027209 18.063097 0.020818 0.97913 0.198578 0.03425957975515754
150.87761511165 -64.71985933957 0.032136 0.031389 "Gaia EDR3 5246556990241822848" 0.0352 3.731 -3.039 0.039 2.165 0.04 16.234976 0.002797 16.851135 0.004786 15.485858 0.004172 1.365277 0.17602399999999999 0.006349124349073658
150.76684256483 -64.77882557014 -0.015135 -0.027563 "Gaia EDR3 5246554962997590400" 0.1493 3.983 -2.868 0.17 2.764 0.145 18.506376 0.0034 "" "" "" "" "" 0.11542899999999999 ""
150.856980151 -64.75758463634 0.023292 -0.006327 "Gaia EDR3 5246556337387427840" 0.1616 3.845 -2.915 0.181 2.508 0.183 18.77491 0.003644 19.095999 0.021964 18.28365 0.018441 0.812349 0.39804399999999995 0.028679047700368294
150.84556563044 -64.75233551453 0.018428 -0.001075 "Gaia EDR3 5246556539257391616" 0.1389 4.059 -2.999 0.16 2.735 0.154 18.594137 0.003278 19.02449 0.019309 18.05379 0.016571 0.970701 -0.09620999999999999 0.02544475431203846
150.74034724855 -64.73734922277 -0.026466 0.013905 "Gaia EDR3 5246559498483186432" 0.1642 4.195 -3.263 0.191 2.637 0.179 18.746151 0.003436 19.130312 0.020399 18.242334 0.014097 0.887978 0.07319200000000001 0.02479606037256725
150.82338623682 -64.76399567796 0.008963 -0.01273 "Gaia EDR3 5246556440468989056" 0.8125 3.832 -2.765 1.017 2.653 0.783 20.53462 0.008651 21.024065 0.115092 20.092583 0.08247 0.931482 -0.099775 0.14158908631670733
150.80678239522 -64.7412321682 0.001886 0.010035 "Gaia EDR3 5246556607984259712" 0.1558 4.095 -2.995 0.175 2.793 0.179 18.726112 0.003435 19.181305 0.017862 18.080065 0.019416 1.10124 0.039556 0.026382420283211316
150.81820481031 -64.77929378114 0.006751 -0.028027 "Gaia EDR3 5246556406106715648" 0.1579 3.582 -2.666 0.182 2.392 0.164 18.750643 0.003453 19.133291 0.021889 18.223879 0.015101 0.909412 0.070491 0.026592640372855043
150.80788635782 -64.70474014731 0.00236 0.046527 "Gaia EDR3 5246559979519834112" 0.1537 3.58 -2.699 0.17 2.352 0.168 18.74282 0.003367 19.11207 0.018891 18.239285 0.021278 0.872786 0.204608 0.02845387785522388
150.75138117629 -64.77441855829 -0.021727 -0.02316 "Gaia EDR3 5246554962997576576" 0.314 3.58 -2.853 0.331 2.164 0.302 19.658176 0.00454 19.971092 0.064437 19.181417 0.08892 0.789675 0.028316 0.10981299271488779
150.81232922923 -64.7371583795 0.004254 0.014109 "Gaia EDR3 5246556612265328896" 0.532 3.8 -2.787 0.551 2.584 0.517 20.326546 0.007476 20.871954 0.073491 19.793285 0.053651 1.078669 0.305924 0.09099097143123597
150.88233089454 -64.74782952194 0.034115 0.003416 "Gaia EDR3 5246556371747274368" 0.3104 3.999 -2.875 0.311 2.78 0.33 19.599745 0.004627 20.116209 0.056252 19.17531 0.050367 0.940899 0.142425 0.07550577589164952
150.76655554362 -64.76568394219 -0.015265 -0.014421 "Gaia EDR3 5246554997357390080" 0.2914 4.065 -3.031 0.315 2.708 0.275 19.616676 0.004745 19.990276 0.058552 19.174995 0.038675 0.815281 -0.158111 0.07017187705199285
150.87931033157 -64.77373687687 0.032795 -0.02249 "Gaia EDR3 5246556268667924864" 0.1468 4.163 -3.312 0.179 2.522 0.164 18.690546 0.00342 19.170475 0.021243 18.081282 0.017502 1.089193 -0.00023899999999999963 0.027524262987408038
150.69677712371 -64.76642428095 -0.045012 -0.015195 "Gaia EDR3 5246557883575267712" 0.318 3.678 -2.874 0.352 2.295 0.325 19.745497 0.004724 20.12117 0.067754 19.389566 0.053162 0.731604 -0.195576 0.08612086135193958
150.72512405759 -64.75323068211 -0.032944 -0.001984 "Gaia EDR3 5246558021016433024" 0.1503 4.117 -3.141 0.194 2.661 0.171 18.618517 0.003454 18.969648 0.019618 18.060461 0.020178 0.909187 0.327189 0.028142807393719625
150.72926506268 -64.75783680827 -0.031172 -0.006588 "Gaia EDR3 5246557952294843520" 0.2775 3.682 -2.993 0.29 2.145 0.259 19.440853 0.004415 "" "" "" "" "" 0.197989 ""
150.79967616697 -64.75858042801 -0.001146 -0.007313 "Gaia EDR3 5246556474828224256" 0.2891 4.041 -3.22 0.343 2.441 0.228 19.25312 0.0043 "" "" "" "" "" -0.178049 ""
150.88792855729 -64.74220250115 0.03651 0.00904 "Gaia EDR3 5246556745408855040" 0.1694 3.964 -3.21 0.189 2.325 0.197 18.844513 0.003536 19.258123 0.023449 18.41559 0.0212 0.842533 -0.140252 0.03161163711356943
150.81109096992 -64.75085938947 0.003723 0.000408 "Gaia EDR3 5246556509186050048" 0.1326 3.75 -3.045 0.157 2.188 0.139 18.493677 0.003276 18.885601 0.020006 17.997082 0.011647 0.888519 -0.11664900000000002 0.023149355174604754
150.82202581819 -64.72932765898 0.008394 0.021938 "Gaia EDR3 5246556646625122432" 0.4627 3.81 -3.109 0.589 2.203 0.482 20.054724 0.006013 20.49194 0.089364 19.62066 0.048792 0.871279 -0.11946100000000001 0.10181642185816588
150.74773257681 -64.74921900426 -0.023304 0.002038 "Gaia EDR3 5246559429763669888" 0.1808 4.065 -3.041 0.222 2.697 0.183 18.751455 0.003564 18.89818 0.034448 18.037151 0.021223 0.861029 -0.18490099999999998 0.040460850621310475
150.81884380447 -64.75595170079 0.007029 -0.004685 "Gaia EDR3 5246556440466567680" 0.1601 3.555 -2.759 0.188 2.241 0.165 18.692574 0.003309 19.115673 0.019197 18.208937 0.016234 0.906736 -0.075393 0.025140953939737448
150.7570847329 -64.74737625138 -0.019316 0.003884 "Gaia EDR3 5246559429763702912" 0.2664 3.932 -3.116 0.301 2.399 0.258 19.482368 0.004414 19.803865 0.043884 18.948088 0.038945 0.855778 -0.247001 0.058672979138612004
150.79457118827 -64.76700575177 -0.003321 -0.015739 "Gaia EDR3 5246556474826196352" 0.151 4.223 -3.277 0.178 2.664 0.156 18.682095 0.003355 19.027061 0.019537 18.151493 0.013616 0.875568 0.001079 0.023813647872596082
150.89145100384 -64.76196172328 0.037986 -0.010721 "Gaia EDR3 5246556268668005248" 0.1286 3.675 -2.951 0.154 2.19 0.143 18.497562 0.003258 18.94271 0.019233 17.844847 0.01567 1.097864 -0.147095 0.02480840964269979
150.79058249678 -64.76279956001 -0.005023 -0.011533 "Gaia EDR3 5246556474828218880" 0.2111 4.179 -3.157 0.23 2.738 0.203 19.069838 0.003857 19.521343 0.026156 18.587957 0.019689 0.933386 0.260368 0.032738250671042274
150.85102863177 -64.74043574842 0.020767 0.010824 "Gaia EDR3 5246556577907467392" 0.1655 4.226 -3.25 0.189 2.701 0.189 18.737928 0.003568 19.090536 0.019805 18.271606 0.015581 0.81893 -0.012860000000000003 0.025199317173288643
150.79714957067 -64.76286629263 -0.002223 -0.011599 "Gaia EDR3 5246556474828722432" 0.4268 3.565 -2.666 0.476 2.368 0.437 20.088692 0.005714 20.400965 0.058843 19.59473 0.039091 0.806234 -0.071823 0.07064421370501621
150.89367240019 -64.74654687729 0.038955 0.004692 "Gaia EDR3 5246556371747303040" 0.2587 3.727 -3.051 0.27 2.14 0.261 19.393885 0.004227 19.950123 0.037584 18.72938 0.033521 1.220743 0.229861 0.05036084289405808
150.82389904096 -64.74832407217 0.009187 0.002942 "Gaia EDR3 5246556543547718016" 0.1483 3.981 -2.933 0.167 2.693 0.162 18.633308 0.003322 19.019165 0.028621 18.142574 0.022195 0.876591 0.370863 0.03621849894736114
150.81340344987 -64.72220097655 0.004715 0.029066 "Gaia EDR3 5246556646625133952" 0.191 3.729 -2.796 0.215 2.467 0.201 18.950565 0.003698 19.27285 0.022024 18.570501 0.018882 0.702349 0.40079 0.029010110306581044
150.81839975961 -64.77705995891 0.006834 -0.025794 "Gaia EDR3 5246556406109983744" 0.8407 3.626 -2.934 0.954 2.131 1.002 20.617477 0.00934 21.090694 0.235144 20.353796 0.078479 0.736898 -0.142584 0.24789444160166235
150.8182671224 -64.73438253058 0.006788 0.016884 "Gaia EDR3 5246556612265354496" 0.2928 4.085 -3.061 0.307 2.706 0.292 19.579378 0.004464 19.937544 0.040891 18.939684 0.03406 0.99786 0.35148700000000005 0.05321801838663292
150.79240473747 -64.74178635143 -0.004249 0.009481 "Gaia EDR3 5246556509186050176" 0.1531 4.215 -3.255 0.172 2.678 0.162 18.708988 0.003328 19.16692 0.026551 18.089993 0.012978 1.076927 -0.056116000000000006 0.02955307234451268
150.75485252483 -64.75549289751 -0.020262 -0.004233 "Gaia EDR3 5246559429783126656" 0.0455 4.21 -3.168 0.051 2.773 0.045 16.643114 0.002812 17.258572 0.00742 15.897153 0.004524 1.361419 0.189948 0.00869039561815226
150.70212619709 -64.74408088029 -0.042767 0.007153 "Gaia EDR3 5246558227172752512" 0.328 4.064 -3.296 0.383 2.377 0.325 19.818089 0.005006 20.388037 0.076328 19.226677 0.034117 1.16136 -0.11130000000000001 0.08360582080812316
150.82702619539 -64.76328621713 0.010516 -0.012021 "Gaia EDR3 5246556440466546304" 0.1986 4.128 -3.019 0.225 2.816 0.188 18.902832 0.00365 19.43037 0.025298 18.310492 0.015633 1.119879 -0.041053 0.029738518675280382
150.85805741318 -64.78993850511 0.023723 -0.038682 "Gaia EDR3 5246556131228847744" 0.1966 4.224 -3.336 0.216 2.591 0.191 19.086369 0.003653 19.358473 0.031006 18.550182 0.021305 0.808291 0.11607700000000001 0.03762014169298143
150.80217711513 -64.74932779671 -7.9e-05 0.001939 "Gaia EDR3 5246556509205404544" 0.183 3.934 -2.825 0.222 2.738 0.146 18.460735 0.003551 "" "" "" "" "" 0.283055 ""
150.77652176436 -64.74972226806 -0.011023 0.001543 "Gaia EDR3 5246559429765721344" 0.4683 3.735 -2.672 0.548 2.61 0.503 20.12974 0.006068 20.477682 0.054347 19.692253 0.057612 0.785429 0.22892 0.07920062470081912
150.77444644257 -64.73262054906 -0.011916 0.018644 "Gaia EDR3 5246559464123551232" 0.1485 3.662 -2.987 0.171 2.119 0.155 18.666452 0.003425 19.01727 0.031708 18.094694 0.025374 0.922575 -0.054343 0.040610800780088045
150.86116184766 -64.73179018942 0.025099 0.019465 "Gaia EDR3 5246556577908840704" 0.9454 4.114 -3.28 0.99 2.483 0.856 20.695393 0.010886 21.275791 0.151675 20.2495 0.124313 1.026291 -0.276249 0.19610973355241704
150.80752329166 -64.76258708852 0.0022 -0.01132 "Gaia EDR3 5246556406106768384" 0.2236 4.024 -2.892 0.234 2.797 0.211 19.235764 0.003942 19.675447 0.025673 18.779266 0.02024 0.896181 0.24522100000000002 0.032691903110709235
150.78266535246 -64.77618380309 -0.008394 -0.024918 "Gaia EDR3 5246554997357377408" 0.1607 3.581 -2.629 0.186 2.431 0.164 18.736893 0.003441 19.076838 0.016961 18.246305 0.014522 0.830532 0.208812 0.022328546862704704
150.82058718292 -64.76168480829 0.007771 -0.010419 "Gaia EDR3 5246556440466538624" 0.343 3.577 -2.608 0.369 2.448 0.311 19.686754 0.005237 20.072845 0.042441 19.028301 0.025545 1.044544 0.040728 0.0495356993086804
150.74932807425 -64.70953088443 -0.022657 0.041727 "Gaia EDR3 5246559635922290560" 0.372 4.239 -3.241 0.383 2.732 0.395 20.007166 0.005817 20.596798 0.070104 19.601566 0.046378 0.995232 -0.026478 0.08405646733000383
150.85040131664 -64.75007511503 0.020492 0.001184 "Gaia EDR3 5246556543545877120" 0.1421 4.25 -3.27 0.158 2.715 0.157 18.591463 0.003377 19.154991 0.023234 17.9776 0.014017 1.177391 0.14003 0.02713475713913799
150.84291262662 -64.7925058634 0.01727 -0.041244 "Gaia EDR3 5246556199948278912" 0.231 3.495 -2.717 0.262 2.199 0.241 19.356396 0.00403 19.696882 0.032715 18.86394 0.026433 0.832943 0.052183 0.04205918109045872
150.82379948203 -64.75666049598 0.009142 -0.005395 "Gaia EDR3 5246556440466574592" 0.4998 4.187 -3.136 0.511 2.773 0.451 20.048061 0.005917 20.541332 0.066027 19.67396 0.050334 0.867372 -0.10615 0.08302455230231597
150.81398457704 -64.76202561404 0.004955 -0.010759 "Gaia EDR3 5246556440490823936" 0.1218 4.249 -3.314 0.147 2.658 0.125 18.265984 0.00317 18.806017 0.015267 17.592724 0.010381 1.213293 0.140788 0.0184620272451321
150.80397551183 -64.75045768088 0.000688 0.00081 "Gaia EDR3 5246556509186034944" 0.2472 3.735 -2.679 0.256 2.602 0.244 19.255924 0.004403 19.396599 0.078002 18.321936 0.074191 1.074663 0.271491 0.10765043652953758
150.88546704071 -64.76823831788 0.035426 -0.016994 "Gaia EDR3 5246556268667963776" 0.1847 3.969 -2.979 0.241 2.623 0.191 18.906803 0.003689 19.29956 0.027994 18.441927 0.018793 0.857634 -0.27017800000000003 0.033717071121317756
150.74572458457 -64.73844809673 -0.02417 0.012808 "Gaia EDR3 5246559494190559360" 0.1487 3.887 -3.036 0.191 2.428 0.169 18.652702 0.00339 19.151278 0.031124 18.07073 0.014361 1.080547 0.47069000000000005 0.034277422554795454
150.84358391738 -64.76052397765 0.017577 -0.009262 "Gaia EDR3 5246556440466599040" 0.3059 3.594 -2.809 0.308 2.242 0.25 19.402905 0.00438 19.857101 0.046364 18.94748 0.038114 0.909622 0.346624 0.06001914271297117
150.75970403277 -64.76993382238 -0.018183 -0.018673 "Gaia EDR3 5246554997357358080" 0.1924 3.489 -2.692 0.232 2.22 0.217 18.901545 0.003772 19.118286 0.034331 18.146704 0.042183 0.971582 0.16398200000000002 0.0543877104684505
150.8661608933 -64.73277446972 0.027232 0.018479 "Gaia EDR3 5246556955864595072" 0.1364 3.973 -3.293 0.163 2.223 0.153 18.584822 0.003453 18.925709 0.044434 18.008036 0.017724 0.917673 0.079079 0.04783848379704357
150.81651639609 -64.73959157478 0.00604 0.011675 "Gaia EDR3 5246556612267196672" 0.4608 3.675 -2.737 0.495 2.453 0.495 20.13199 0.006246 20.713144 0.061635 19.61473 0.042012 1.098413 -0.229574 0.07459142959482679
150.82820399026 -64.74071909085 0.011027 0.010546 "Gaia EDR3 5246556607980553472" 0.2498 3.741 -2.638 0.266 2.652 0.248 19.41978 0.004398 19.71951 0.032308 18.770578 0.02766 0.948931 0.09914 0.042530958888790646
150.80979995159 -64.76536392928 0.003171 -0.014097 "Gaia EDR3 5246556406131082752" 0.1638 3.761 -2.711 0.192 2.606 0.161 18.665258 0.003489 19.047413 0.023561 18.120773 0.01831 0.92664 0.330612 0.02983918264631255
150.895978171 -64.74540027659 0.03994 0.005837 "Gaia EDR3 5246556749704435840" 0.3797 3.893 -3.072 0.419 2.391 0.401 19.79483 0.005399 20.29974 0.053968 19.401339 0.033895 0.898401 -0.305328 0.0637292401413982
150.79389365765 -64.76623985642 -0.00361 -0.014973 "Gaia EDR3 5246556470545307264" 0.1784 3.69 -2.869 0.212 2.32 0.184 18.897514 0.003507 19.236681 0.026176 18.388803 0.021888 0.847877 0.436369 0.03412136456825841
150.73717550162 -64.76695848537 -0.027789 -0.015706 "Gaia EDR3 5246557917935080192" 0.2858 3.862 -2.805 0.295 2.655 0.275 19.553404 0.004421 19.875912 0.052101 19.150333 0.036044 0.725578 0.383309 0.06335364343903198
150.79361156495 -64.72516447156 -0.003736 0.026103 "Gaia EDR3 5246559567202840320" 0.1772 4.249 -3.315 0.204 2.658 0.192 18.906504 0.003603 19.29551 0.0278 18.373583 0.023216 0.921926 -0.03525600000000001 0.036219092423748
150.73333600846 -64.7235338444 -0.029473 0.027717 "Gaia EDR3 5246559532862371200" 0.0568 4.273 -3.316 0.065 2.695 0.062 17.197199 0.002869 17.725632 0.006881 16.497995 0.005247 1.227636 0.113502 0.00865327510252621
150.80745768263 -64.74480696263 0.002174 0.00646 "Gaia EDR3 5246556509186071168" 0.1774 3.949 -3.192 0.199 2.325 0.181 18.904697 0.0036 19.262486 0.020586 18.415236 0.015915 0.84725 0.40113899999999997 0.026020580719884022
150.80239570737 -64.75178288868 1.4e-05 -0.000516 "Gaia EDR3 5246556509186018304" 0.2542 4.061 -3.171 0.303 2.537 0.288 19.11879 0.004364 19.15983 0.002994 18.11126 0.066801 1.048571 0.43053400000000003 0.06686806141200745
150.70627130542 -64.73837920672 -0.041007 0.012857 "Gaia EDR3 5246558227192275840" 0.1527 4.213 -3.351 0.193 2.553 0.179 18.811382 0.003386 19.178854 0.021086 18.310863 0.020584 0.86799 -0.07688700000000001 0.029467277648266052
150.81952332399 -64.75780767416 0.007318 -0.006541 "Gaia EDR3 5246556440466558592" 0.1674 3.48 -2.662 0.194 2.241 0.164 18.758356 0.003498 19.062 0.021943 18.362303 0.018583 0.699697 0.188349 0.028754532477506915
150.85638328579 -64.75412061364 0.02304 -0.002863 "Gaia EDR3 5246556337387441024" 0.3386 3.997 -2.943 0.325 2.705 0.308 19.558628 0.008667 18.87753 0.092947 18.060183 0.082264 0.817347 -0.26097899999999996 0.12412296526026118
150.77318765068 -64.73671012319 -0.012451 0.014554 "Gaia EDR3 5246559459842544896" 0.191 4.127 -3.284 0.199 2.501 0.185 19.080204 0.003777 19.460114 0.027104 18.622955 0.020577 0.837158 -0.19356099999999998 0.03402998302967546
150.8870563362 -64.76244236645 0.036111 -0.011199 "Gaia EDR3 5246556337387468416" 0.3708 4.21 -3.308 0.43 2.604 0.409 19.734758 0.005461 19.809927 0.097956 18.908861 0.094666 0.901066 0.289359 0.13622418835140843
150.74318328601 -64.77688255375 -0.025219 -0.025627 "Gaia EDR3 5246557917935044352" 0.3609 4.162 -3.39 0.411 2.415 0.386 19.890049 0.005529 20.406141 0.06061 19.48482 0.05203 0.921322 0.024749 0.07987924010655084
150.8305187102 -64.74811409093 0.012011 0.00315 "Gaia EDR3 5246556543547719296" 0.3122 3.637 -2.669 0.333 2.471 0.318 19.736658 0.004976 20.171701 0.040058 19.351341 0.030284 0.82036 0.339401 0.05021716857808692
150.90895663414 -64.77293600027 0.045431 -0.021707 "Gaia EDR3 5246556268670312448" 0.4313 3.671 -2.999 0.564 2.118 0.554 20.028978 0.005867 20.364267 0.086635 19.477484 0.067667 0.886784 -0.14647400000000002 0.10992927778349133
150.82162649386 -64.75504715705 0.008216 -0.003781 "Gaia EDR3 5246556436173840640" 0.1501 3.61 -2.74 0.173 2.349 0.146 18.547977 0.003364 18.989872 0.017096 18.042831 0.022574 0.947041 -0.22827 0.028317109527633645
150.78954427145 -64.74567717051 -0.005469 0.00559 "Gaia EDR3 5246556509186019584" 0.1449 3.943 -3.221 0.169 2.276 0.149 18.61136 0.003412 18.999643 0.013257 18.143345 0.014765 0.856298 -0.202254 0.01984321732985858
150.7437446184 -64.75706940186 -0.024998 -0.005814 "Gaia EDR3 5246557948014057600" 0.0501 3.654 -2.584 0.058 2.583 0.053 16.186544 0.002895 16.64206 0.006722 15.298108 0.005676 1.343951 0.121747 0.008797855420498792
150.80049131366 -64.764574847 -0.000798 -0.013308 "Gaia EDR3 5246556474826217984" 0.2013 3.917 -3.217 0.216 2.234 0.189 19.093552 0.004051 19.163424 0.033854 18.182234 0.070896 0.98119 -0.177871 0.07856421661290845
150.81742153036 -64.72826141699 0.006429 0.023005 "Gaia EDR3 5246556646625116672" 0.2062 3.682 -2.669 0.216 2.536 0.203 19.10834 0.003809 19.430777 0.033259 18.682547 0.01594 0.74823 0.355763 0.036881495102557865
150.75608315511 -64.77499999907 -0.019723 -0.02374 "Gaia EDR3 5246554958716819840" 0.2013 4.018 -3.198 0.228 2.433 0.222 19.05106 0.003753 19.416037 0.029122 18.577242 0.021207 0.838795 0.449509 0.036025376236758444
150.8361845162 -64.75326553734 0.014426 -0.002002 "Gaia EDR3 5246556543545830016" 0.2344 3.974 -3.239 0.244 2.302 0.225 19.267958 0.003918 19.566101 0.040322 18.812279 0.018487 0.753822 -0.21329800000000002 0.04435800776635488
150.7535416703 -64.75922045126 -0.020818 -0.007961 "Gaia EDR3 5246557952294890752" 0.282 4.157 -3.402 0.291 2.389 0.273 19.582886 0.004386 20.03769 0.046304 19.127792 0.034402 0.909897 0.110448 0.05768498955534273
150.8379751798 -64.74932162388 0.015192 0.001941 "Gaia EDR3 5246556539264249088" 0.1893 3.458 -2.648 0.199 2.224 0.194 19.074589 0.003681 19.412725 0.041844 18.669191 0.026924 0.743534 -0.0037550000000000014 0.04975763370579433
150.7540045164 -64.71559742832 -0.020654 0.035662 "Gaia EDR3 5246559631629518592" 0.1738 3.724 -2.634 0.194 2.632 0.185 18.859028 0.004313 19.012638 0.023181 18.130304 0.018224 0.882334 0.265059 0.02948682649930304
150.79003933852 -64.77503443853 -0.005252 -0.023768 "Gaia EDR3 5246554997357397248" 0.2873 4.3 -3.334 0.3 2.716 0.258 19.506407 0.004399 19.778194 0.034602 18.838873 0.041643 0.939322 0.099474 0.05414275439059228
150.86418091436 -64.74759368957 0.026372 0.003661 "Gaia EDR3 5246556371747224832" 0.1978 3.963 -2.77 0.224 2.834 0.224 18.964989 0.004275 19.05268 0.042034 18.20568 0.025182 0.846998 0.16874999999999998 0.04899990081622615
150.81521105964 -64.77406055012 0.005476 -0.022794 "Gaia EDR3 5246556401825295872" 0.1498 3.448 -2.686 0.171 2.162 0.152 18.637922 0.003408 19.051552 0.025599 18.096006 0.012182 0.955545 0.023602 0.028349778217827384
150.73319283251 -64.75087765391 -0.029505 0.000373 "Gaia EDR3 5246558021014362240" 0.2686 3.745 -3.091 0.273 2.114 0.236 19.30388 0.004419 19.659563 0.044382 18.78534 0.023533 0.874224 -0.145026 0.050235087468820036
150.83300952862 -64.76245377676 0.013067 -0.01119 "Gaia EDR3 5246556440466569600" 0.2927 3.905 -2.923 0.29 2.59 0.225 19.243353 0.004075 19.668436 0.02744 18.733027 0.019498 0.93541 0.496374 0.03366193107948503
150.72593958383 -64.75824654458 -0.03259 -0.006999 "Gaia EDR3 5246558021014310400" 0.1896 4.202 -3.11 0.221 2.826 0.213 18.998219 0.003716 19.171162 0.036568 18.243874 0.05376 0.927288 0.31303200000000003 0.0650181222737169
150.82159711636 -64.74366589915 0.008207 0.0076 "Gaia EDR3 5246556612265319296" 0.2023 3.919 -2.773 0.213 2.77 0.202 19.123436 0.003787 19.37468 0.029069 18.486557 0.034089 0.888123 -0.159134 0.044800297789188856
150.89218543318 -64.74432676614 0.038324 0.006913 "Gaia EDR3 5246556745408854784" 0.1388 4.054 -3.367 0.159 2.258 0.154 18.477936 0.003302 18.82812 0.017704 18.02091 0.017671 0.807209 -0.008452000000000001 0.02501391326841924
150.81948960835 -64.76495650934 0.007302 -0.01369 "Gaia EDR3 5246556440466521344" 0.2502 4.0 -3.239 0.264 2.347 0.224 19.30626 0.00416 19.758842 0.02891 18.769035 0.019908 0.989807 -0.267654 0.03510151797287405
150.7988349388 -64.74704161557 -0.001505 0.004226 "Gaia EDR3 5246556509186040960" 0.2257 3.919 -3.25 0.236 2.191 0.218 19.246576 0.003769 19.553146 0.032776 18.792202 0.025188 0.760944 -0.15008700000000003 0.04133644300130334
150.83811154104 -64.77545564322 0.015235 -0.024193 "Gaia EDR3 5246556199950319616" 0.4897 4.063 -3.062 0.528 2.671 0.553 20.065746 0.007049 20.56372 0.082527 19.584503 0.035818 0.979217 -0.322504 0.08996463112245835
150.73299942331 -64.7382565251 -0.029601 0.012994 "Gaia EDR3 5246559498502612608" 0.1558 3.473 -2.692 0.188 2.195 0.177 18.74433 0.003516 19.099318 0.026852 18.294697 0.019116 0.804621 -0.116174 0.03296136162236021
150.76086429747 -64.721876895 -0.01772 0.029385 "Gaia EDR3 5246559635922262912" 0.2592 4.255 -3.412 0.294 2.543 0.268 19.480484 0.00442 19.749159 0.032194 18.877678 0.029014 0.871481 0.20465 0.043338964362337966
150.83750711213 -64.75432340642 0.014989 -0.00306 "Gaia EDR3 5246556543545828736" 0.2065 3.98 -3.326 0.22 2.187 0.208 19.193518 0.004013 19.451536 0.088035 18.580011 0.064824 0.871525 0.175379 0.10932663079506293
150.78558848938 -64.76622599711 -0.007151 -0.01496 "Gaia EDR3 5246556474828216448" 0.2444 3.935 -2.754 0.301 2.811 0.244 19.33062 0.00424 19.72263 0.027807 18.814796 0.035642 0.907833 0.260754 0.04520598868512887
150.86163315878 -64.77415123963 0.02526 -0.022896 "Gaia EDR3 5246556234310067072" 0.4382 4.006 -3.003 0.49 2.652 0.481 19.982428 0.005699 20.429255 0.0678 19.54141 0.049132 0.887844 0.483645 0.08373048085374883
150.82118962458 -64.78685455799 0.00802 -0.035589 "Gaia EDR3 5246554722479505920" 0.2278 3.941 -3.134 0.244 2.389 0.221 19.254734 0.003928 19.597239 0.028359 18.877909 0.024682 0.71933 0.5046769999999999 0.037595664710176356
150.8140105567 -64.73600426836 0.004971 0.015263 "Gaia EDR3 5246556612267198464" 0.4475 3.834 -2.77 0.458 2.651 0.488 20.134598 0.006299 20.807076 0.072639 19.570757 0.038176 1.236319 0.428824 0.08205992503652437
150.80073970568 -64.75092105219 -0.000692 0.000346 "Gaia EDR3 5246556509186017536" 0.0985 3.462 -2.776 0.127 2.068 0.11 17.69125 0.003281 "" "" "" "" "" 0.145011 ""
150.84322621687 -64.74228074035 0.017436 0.008981 "Gaia EDR3 5246556543547725696" 0.2884 3.983 -3.34 0.307 2.17 0.289 19.532406 0.004186 19.89428 0.041453 19.106586 0.032227 0.787693 0.040255 0.05250648281879105
150.85979809068 -64.7600083283 0.024491 -0.008752 "Gaia EDR3 5246556337390006016" 0.836 4.067 -3.352 1.003 2.303 0.94 20.612051 0.009977 21.048098 0.145799 20.201866 0.136681 0.846231 -0.151421 0.19984755230425016
150.80856792707 -64.75630228241 0.002646 -0.005035 "Gaia EDR3 5246556509187967360" 0.2641 3.906 -2.692 0.276 2.831 0.219 19.256538 0.004345 19.57428 0.035315 18.81102 0.027557 0.76326 0.110579 0.044794391099779444
150.80284167137 -64.773923958 0.000204 -0.022657 "Gaia EDR3 5246556406106705536" 0.2067 4.027 -3.37 0.22 2.204 0.199 19.168045 0.003677 19.508728 0.029459 18.682627 0.019926 0.826101 0.136194 0.035565125572673016
150.82163021224 -64.73018431919 0.008225 0.021082 "Gaia EDR3 5246556646625116928" 0.4012 3.549 -2.526 0.468 2.493 0.421 20.046072 0.005832 20.629341 0.103085 19.480759 0.069035 1.148583 -0.031973 0.12406590365608111
150.74698827166 -64.74303013042 -0.023627 0.008227 "Gaia EDR3 5246559429763700992" 0.1634 3.651 -2.985 0.193 2.103 0.189 18.864462 0.003613 19.164223 0.031298 18.32689 0.033186 0.837332 -0.21386100000000002 0.04561661320177113
150.81296783575 -64.76922522498 0.004521 -0.017958 "Gaia EDR3 5246556406106749952" 0.1499 3.647 -2.557 0.172 2.6 0.155 18.659079 0.003398 19.040648 0.025255 18.006247 0.016515 1.034401 -0.066027 0.03017549088250264
150.81738517346 -64.74609495853 0.006409 0.005172 "Gaia EDR3 5246556612265298432" 0.3617 4.168 -2.954 0.358 2.94 0.354 19.852024 0.004909 20.138134 0.051396 19.23959 0.044908 0.898544 0.125002 0.06825157346171588
150.75970393251 -64.78429407906 -0.018174 -0.033033 "Gaia EDR3 5246554962997547776" 0.2511 3.633 -3.029 0.269 2.006 0.247 19.266848 0.003974 19.37266 0.045868 18.710728 0.029667 0.661932 0.187266 0.054626040612513735
150.72655878033 -64.78537582346 -0.032293 -0.034128 "Gaia EDR3 5246557814857990912" 0.1572 4.285 -3.455 0.189 2.535 0.174 18.74637 0.003423 19.232681 0.024697 18.10593 0.016047 1.126751 0.141502 0.029452470490605707
150.81340086113 -64.76280185237 0.004706 -0.011535 "Gaia EDR3 5246556440485917696" 0.1985 3.536 -2.582 0.226 2.417 0.187 18.920715 0.00354 19.246157 0.039494 18.396687 0.027246 0.84947 -0.168404 0.04798041842251899
150.73589134573 -64.76254288817 -0.028341 -0.011291 "Gaia EDR3 5246557948010226304" 0.2467 3.614 -2.774 0.256 2.317 0.24 19.350262 0.004148 19.722523 0.032995 18.827402 0.040988 0.895121 0.48912300000000003 0.05261830640566075
150.77584123489 -64.7552475187 -0.011311 -0.003983 "Gaia EDR3 5246556474829427584" 0.7683 3.952 -3.289 0.963 2.19 0.827 20.466946 0.00902 20.993246 0.096227 20.031199 0.088918 0.962048 0.334131 0.13101925909193657
150.7695104534 -64.74883708452 -0.014014 0.002427 "Gaia EDR3 5246559429766463872" 0.3742 3.491 -2.731 0.416 2.175 0.382 19.918852 0.005527 20.244835 0.147092 19.478252 0.094218 0.766582 0.367772 0.17467995874741898
150.79612143454 -64.75990874615 -0.002661 -0.008642 "Gaia EDR3 5246556474828221440" 0.2745 3.995 -2.901 0.294 2.747 0.277 19.466406 0.004517 19.719688 0.037553 18.76154 0.048665 0.958149 0.471838 0.06146958625206453
150.78268034975 -64.73883992686 -0.008399 0.012426 "Gaia EDR3 5246559464123542272" 0.2458 4.329 -3.249 0.263 2.862 0.241 19.413378 0.0044 19.724459 0.040838 18.90265 0.030849 0.821808 0.19506500000000002 0.05118010399559579
150.84186340792 -64.76250499678 0.016842 -0.011243 "Gaia EDR3 5246556440466591744" 0.2644 4.273 -3.194 0.287 2.839 0.239 19.372717 0.005451 19.336945 0.092912 18.625645 0.070857 0.7113 0.32286499999999996 0.11684756819463553
150.8550310211 -64.79226182685 0.022432 -0.041004 "Gaia EDR3 5246556131228828416" 0.4659 3.884 -2.999 0.538 2.469 0.409 19.504091 0.006287 19.256021 0.057989 18.29796 0.028089 0.958061 -0.399962 0.06443381132604217
150.78004508424 -64.75399630122 -0.009518 -0.002731 "Gaia EDR3 5246556474826222336" 0.2278 3.801 -2.616 0.258 2.758 0.207 19.153074 0.004145 19.535927 0.032064 18.684507 0.019798 0.851419 0.22359900000000002 0.03768369541326859
150.7173949806 -64.77551495058 -0.03621 -0.024272 "Gaia EDR3 5246557810575104768" 0.2972 4.339 -3.238 0.328 2.889 0.299 19.619398 0.004665 20.071938 0.038805 19.24408 0.03577 0.827858 0.11860799999999999 0.05277613973189021
150.81665432865 -64.74153243021 0.006098 0.009734 "Gaia EDR3 5246556612265316992" 0.3677 3.819 -2.888 0.363 2.5 0.36 19.930483 0.005428 20.24664 0.059926 19.502857 0.047033 0.743782 0.561069 0.0761789246773673
150.82565875376 -64.73151905285 0.009944 0.019746 "Gaia EDR3 5246556646644395648" 0.4492 3.416 -2.52 0.555 2.307 0.485 19.993883 0.006117 20.292751 0.084422 19.429335 0.053743 0.863417 0.051395 0.10007689110379078
150.80803735357 -64.75274535096 0.00242 -0.001478 "Gaia EDR3 5246556509186029312" 0.3696 4.311 -3.291 0.401 2.784 0.335 19.74707 0.005164 19.878536 0.052841 18.598368 0.01538 1.280169 0.284101 0.055033768551681066
150.74785952302 -64.75106914119 -0.023248 0.000188 "Gaia EDR3 5246559429765714048" 0.5128 3.984 -3.095 0.594 2.509 0.522 20.083462 0.007453 20.435099 0.103245 19.668152 0.141853 0.766947 0.564354 0.17544743837970392
150.76308876494 -64.73103126418 -0.016765 0.020231 "Gaia EDR3 5246559459830525696" 0.1917 3.446 -2.541 0.253 2.328 0.188 18.837334 0.003815 "" "" "" "" "" 0.26015 ""
150.90735524294 -64.76724903791 0.044758 -0.016019 "Gaia EDR3 5246556303030050432" 0.3951 3.865 -3.256 0.58 2.083 0.456 19.755615 0.005392 19.643269 0.076407 18.815771 0.07617 0.827497 0.231329 0.10788836150855198
150.87155426049 -64.73760953613 0.029529 0.013642 "Gaia EDR3 5246556573610164096" 0.1339 3.652 -2.512 0.158 2.651 0.16 18.426453 0.003289 18.942629 0.0238 17.771757 0.014953 1.170872 0.08558 0.028107511611667083
150.76845914238 -64.76830927876 -0.014452 -0.017046 "Gaia EDR3 5246554997359460608" 0.1761 4.188 -3.41 0.207 2.431 0.184 18.884258 0.003655 19.30387 0.016231 18.398306 0.017159 0.905563 -0.192931 0.023619412397432753
150.84443637552 -64.71626100434 0.01797 0.035 "Gaia EDR3 5246557024582357632" 0.1678 4.084 -3.332 0.169 2.362 0.18 18.765284 0.003493 19.687202 0.031351 17.88861 0.013914 1.798592 0.45109499999999997 0.03429992123897663
150.8411038567 -64.76334380657 0.016518 -0.012082 "Gaia EDR3 5246556440466584064" 0.1633 3.449 -2.553 0.189 2.318 0.17 18.603539 0.003572 18.933998 0.017247 17.908388 0.020434 1.02561 0.329899 0.026739621631578857
150.77003771848 -64.75116552051 -0.013788 9.8e-05 "Gaia EDR3 5246559429763711488" 0.3054 3.661 -3.025 0.328 2.062 0.279 19.527452 0.004242 19.695837 0.058546 18.97246 0.076333 0.723377 -0.24690600000000001 0.09619958942220076
150.84846519395 -64.76337935834 0.019656 -0.012119 "Gaia EDR3 5246556234308167168" 0.379 3.809 -3.167 0.403 2.116 0.336 19.601036 0.005133 19.954067 0.040169 19.06943 0.033112 0.884638 0.422433 0.05205720992331418
150.77413728353 -64.71058078266 -0.012058 0.040684 "Gaia EDR3 5246559670282077568" 0.2977 3.912 -3.273 0.313 2.143 0.307 19.71925 0.004769 20.161398 0.045442 19.319708 0.034922 0.84169 -0.221854 0.05731074461215803
150.83362505607 -64.78310790928 0.013319 -0.031844 "Gaia EDR3 5246556199967735168" 0.0486 3.464 -2.857 0.055 1.959 0.049 16.758718 0.002822 17.355642 0.006318 16.018185 0.004618 1.337458 0.03754 0.007825793761657663
150.76171534213 -64.78816971127 -0.017314 -0.036908 "Gaia EDR3 5246554962999711360" 0.4142 3.571 -2.526 0.475 2.524 0.453 20.037893 0.00554 20.464937 0.044802 19.721046 0.099335 0.743891 -0.178195 0.1089709201071552
150.7790827549 -64.76406985447 -0.009925 -0.012804 "Gaia EDR3 5246556474826172288" 0.1317 4.326 -3.271 0.156 2.832 0.137 18.455587 0.00321 19.009615 0.015585 17.771872 0.00978 1.237743 0.340811 0.018399473497902052
150.86206770769 -64.72620151361 0.025491 0.025054 "Gaia EDR3 5246556951567079424" 0.0392 4.406 -3.364 0.044 2.846 0.043 16.4753 0.002809 17.10369 0.006188 15.721628 0.004982 1.382061 0.078651 0.007944285241606069
150.73406295739 -64.73754678074 -0.029148 0.013705 "Gaia EDR3 5246559498483173248" 0.247 3.773 -2.55 0.252 2.782 0.231 19.32102 0.004059 19.764902 0.047229 18.825747 0.04683 0.939156 0.087669 0.06651035514113574
150.8275332187 -64.7650884513 0.010731 -0.013823 "Gaia EDR3 5246556440466538240" 0.2963 4.187 -3.215 0.299 2.682 0.251 19.437613 0.004383 19.779484 0.033627 18.86744 0.04212 0.912045 -0.354112 0.053896841549389514
150.77605826305 -64.77003955433 -0.011212 -0.018775 "Gaia EDR3 5246554997359462144" 0.3 3.853 -2.685 0.316 2.763 0.283 19.596579 0.004629 19.934963 0.040176 18.98717 0.038888 0.947794 -0.25760700000000003 0.055914108416391654
150.82531483941 -64.79667548759 0.009774 -0.04541 "Gaia EDR3 5246554722479471488" 0.2971 4.224 -3.396 0.326 2.512 0.293 19.611683 0.004972 19.889305 0.073693 19.05099 0.027764 0.838316 -0.27316999999999997 0.07874959012591748
150.79177940583 -64.72292685967 -0.004519 0.02834 "Gaia EDR3 5246559562921758976" 0.2197 4.055 -3.234 0.235 2.445 0.224 19.275654 0.004157 19.641409 0.045218 18.819458 0.027894 0.821951 -0.397897 0.05312949049256919
150.80898066497 -64.76098476407 0.002822 -0.009718 "Gaia EDR3 5246556440466516352" 0.358 4.112 -3.468 0.403 2.211 0.334 19.743515 0.005233 "" "" "" "" "" 0.08455599999999999 ""
150.86853462648 -64.77612158433 0.0282 -0.024869 "Gaia EDR3 5246556234308158592" 0.2279 3.469 -2.642 0.247 2.249 0.239 19.303146 0.004115 19.684984 0.032113 18.793608 0.024099 0.891377 -0.28324499999999997 0.04014980161843891
150.83302158126 -64.76546268398 0.013071 -0.014199 "Gaia EDR3 5246556440466550144" 0.303 4.34 -3.407 0.313 2.688 0.276 19.613266 0.004711 20.026257 0.051597 19.16158 0.02587 0.864677 -0.19619499999999998 0.05771921091802971
150.79903599629 -64.7771513899 -0.001418 -0.025884 "Gaia EDR3 5246554928637931904" 0.3353 4.066 -3.25 0.353 2.443 0.306 19.709887 0.004667 20.06157 0.051662 19.237558 0.038008 0.824011 -0.378498 0.06413712113900966
150.73504675298 -64.72387817047 -0.028743 0.027374 "Gaia EDR3 5246559532862371840" 0.0686 3.371 -2.469 0.077 2.294 0.074 17.53468 0.00293 17.974833 0.008418 16.937323 0.007502 1.03751 0.153168 0.01127575842238561
150.75961134071 -64.7082805255 -0.018264 0.042981 "Gaia EDR3 5246559635922318080" 0.2401 3.654 -2.987 0.257 2.104 0.241 19.398937 0.004239 19.492582 0.052689 18.68792 0.036889 0.804663 0.4962 0.06431896331565054
150.79128209965 -64.75339197299 -0.004726 -0.002125 "Gaia EDR3 5246556509185988352" 0.4729 4.108 -3.382 0.491 2.333 0.495 19.946156 0.005739 "" "" "" "" "" 0.448029 ""
150.82780497588 -64.74886054626 0.010853 0.002405 "Gaia EDR3 5246556543547718400" 0.2772 3.587 -2.507 0.288 2.566 0.28 19.592424 0.004644 19.669342 0.053596 19.05613 0.031922 0.613213 0.33869 0.06238225148229262
150.82232163564 -64.77475000859 0.008506 -0.023484 "Gaia EDR3 5246556406109250048" 0.5067 3.973 -2.694 0.536 2.92 0.531 20.160444 0.006374 20.586966 0.0556 19.533726 0.051037 1.05324 0.20403300000000002 0.0754727458689559
150.80875112794 -64.76039809184 0.002724 -0.009131 "Gaia EDR3 5246556440466518784" 0.3812 3.873 -2.663 0.417 2.812 0.367 19.881752 0.005185 20.180405 0.157403 19.317896 0.141352 0.862509 0.37515299999999996 0.21155635729752958
150.77442061649 -64.7199744229 -0.011932 0.03129 "Gaia EDR3 5246559567202822784" 0.2855 4.092 -3.353 0.32 2.344 0.285 19.678234 0.004735 20.026787 0.046845 19.215971 0.047454 0.810816 0.47381900000000005 0.06668085288146816
150.82686940924 -64.74159010928 0.010457 0.009675 "Gaia EDR3 5246556612265339264" 0.2954 3.515 -2.604 0.298 2.361 0.289 19.628551 0.004645 20.054384 0.033342 19.242144 0.036909 0.812241 -0.313293 0.04973895098411304
150.86304870533 -64.75617219653 0.025881 -0.004917 "Gaia EDR3 5246556337387447040" 0.2488 3.797 -2.677 0.267 2.693 0.264 19.377924 0.004339 19.785065 0.045961 19.017595 0.039977 0.767469 0.493845 0.060914481447353716
150.8067943479 -64.74643969915 0.001891 0.004827 "Gaia EDR3 5246556509186062592" 0.3417 3.479 -2.885 0.359 1.944 0.357 19.785435 0.004789 "" "" "" "" "" 0.2816 ""
150.80982882269 -64.75299846295 0.003185 -0.001731 "Gaia EDR3 5246556509187971968" 0.3104 3.938 -2.751 0.34 2.818 0.285 19.648315 0.004808 19.837736 0.039339 18.903942 0.026275 0.933794 0.462777 0.04730679175340471
150.79904060934 -64.7562076366 -0.001417 -0.00494 "Gaia EDR3 5246556509185992960" 0.4042 3.543 -2.537 0.444 2.473 0.394 19.926693 0.005578 20.532482 0.088794 19.49467 0.047533 1.037811 0.423461 0.10071623764319237
150.80807359319 -64.76460428972 0.002435 -0.013337 "Gaia EDR3 5246556401813797632" 0.074 3.764 -2.547 0.083 2.771 0.073 17.576101 0.00292 17.995737 0.008114 17.021423 0.006668 0.974314 0.291855 0.010502343547989658
150.8022846837 -64.76067144361 -3.3e-05 -0.009404 "Gaia EDR3 5246556474826242944" 0.2149 4.318 -3.215 0.241 2.882 0.196 19.079535 0.003759 19.5159 0.103818 18.68802 0.100249 0.827879 -0.24043200000000003 0.14431922645649123
150.75005419883 -64.77935730791 -0.022289 -0.028099 "Gaia EDR3 5246554962999712512" 0.2863 4.391 -3.214 0.312 2.992 0.285 19.619093 0.004599 19.980555 0.060055 19.173674 0.027414 0.806881 0.057439000000000004 0.0660161375801402
150.80202367586 -64.74962563769 -0.000145 0.001642 "Gaia EDR3 5246556509186033792" 0.2394 4.064 -2.986 0.283 2.756 0.221 18.279905 0.003963 18.106462 0.033998 17.173983 0.020624 0.93248 0.5755819999999999 0.03976447384286633
150.78119028858 -64.75319908585 -0.00903 -0.001933 "Gaia EDR3 5246556474828221184" 0.5457 3.592 -3.047 0.641 1.901 0.536 20.189423 0.006862 20.360746 0.12421 19.766008 0.074752 0.594738 0.138492 0.14496891254334496
150.82637174027 -64.71243714136 0.010256 0.038828 "Gaia EDR3 5246557024582340480" 0.2898 3.878 -3.29 0.298 2.053 0.303 19.642332 0.004749 20.106142 0.040333 19.255135 0.035992 0.851007 0.33247099999999996 0.05405714525388851
150.75621950966 -64.77192116724 -0.019667 -0.020661 "Gaia EDR3 5246554997357339520" 0.3581 4.35 -3.502 0.377 2.581 0.366 19.775318 0.004977 20.244198 0.048551 19.299143 0.038499 0.945055 0.301705 0.061962671036681426
150.77764478 -64.78103754373 -0.010532 -0.029772 "Gaia EDR3 5246554997357344128" 0.1667 4.412 -3.268 0.194 2.964 0.176 18.762295 0.003484 19.120876 0.01805 18.283108 0.018136 0.837769 0.015174 0.025587438246139453
150.73928399611 -64.77988691717 -0.026878 -0.028633 "Gaia EDR3 5246557913654319744" 0.3044 4.437 -3.48 0.326 2.752 0.293 19.505228 0.004479 "" "" "" "" "" -0.0037599999999999995 ""
150.72751287506 -64.76933954663 -0.031906 -0.018091 "Gaia EDR3 5246557917935044096" 0.2719 4.447 -3.372 0.298 2.898 0.264 19.481085 0.004319 19.834301 0.039775 18.981272 0.030328 0.853029 0.050256999999999996 0.05001837871222937
150.86751899177 -64.76204327922 0.027781 -0.01079 "Gaia EDR3 5246556337387429504" 0.1975 4.449 -3.402 0.244 2.867 0.216 18.917803 0.003764 19.034092 0.069001 18.387388 0.053547 0.646704 0.026405 0.087340822128029
150.86259953728 -64.75692567921 0.025689 -0.005671 "Gaia EDR3 5246556337387442944" 0.2754 3.781 -3.234 0.291 1.958 0.292 19.603659 0.004281 20.0272 0.059122 19.139395 0.102832 0.887806 0.221911 0.11861631889415555
150.81667109455 -64.75781029596 0.006102 -0.006544 "Gaia EDR3 5246556440466548480" 0.1716 4.451 -3.368 0.201 2.909 0.17 18.799242 0.003633 19.182247 0.041203 18.251392 0.046082 0.930855 0.034772000000000004 0.061816162393018216
150.81094269646 -64.73268980229 0.003662 0.018577 "Gaia EDR3 5246556612265344640" 0.3279 3.788 -2.57 0.366 2.783 0.328 19.606533 0.004721 19.889814 0.066574 19.136482 0.03092 0.753332 0.347751 0.07340397724919269
150.89778068947 -64.75064630261 0.040701 0.00059 "Gaia EDR3 5246556371747291904" 0.3294 3.939 -2.727 0.332 2.842 0.371 19.74175 0.004605 20.225508 0.050766 19.367172 0.046713 0.858336 -0.294721 0.06898761573644939
150.79209446006 -64.77436563076 -0.004376 -0.023099 "Gaia EDR3 5246554997357405184" 0.3485 4.294 -3.333 0.355 2.708 0.319 19.781881 0.005379 20.071188 0.051987 19.433517 0.042798 0.637671 0.497287 0.06733733713921275
150.78121878525 -64.74879432717 -0.00902 0.002471 "Gaia EDR3 5246556509185986432" 0.2875 3.992 -2.669 0.299 2.968 0.279 19.65585 0.004533 20.066755 0.040251 19.216402 0.031151 0.850353 0.019086 0.050897227841995483
150.76270532243 -64.7314179584 -0.016928 0.019844 "Gaia EDR3 5246559464123526400" 0.1377 4.427 -3.474 0.17 2.744 0.149 18.424534 0.003607 18.609438 0.036215 17.514528 0.027176 1.09491 0.27951099999999995 0.04527760153762564
150.76042077638 -64.78157687643 -0.01787 -0.030316 "Gaia EDR3 5246554962997565312" 0.1682 4.304 -3.468 0.191 2.549 0.177 18.775599 0.003441 19.241974 0.02998 18.127821 0.014707 1.114153 -0.255338 0.03339305689810383
150.8209551064 -64.74885598813 0.007931 0.00241 "Gaia EDR3 5246556612267193088" 0.3459 4.131 -2.834 0.344 3.005 0.366 19.802053 0.005222 20.1696 0.073334 19.456358 0.089985 0.713242 0.305824 0.11608262480233637
150.77545727649 -64.73807438576 -0.011482 0.01319 "Gaia EDR3 5246559464123519616" 0.2827 3.286 -2.489 0.291 2.144 0.27 19.546389 0.004257 19.795145 0.061206 18.89738 0.042808 0.897764 0.18393199999999998 0.07469069085234116
150.83428586192 -64.77511455651 0.013605 -0.023851 "Gaia EDR3 5246556199948339456" 0.2685 3.394 -2.821 0.282 1.887 0.263 19.473732 0.004129 19.872675 0.042578 18.977863 0.03432 0.894812 0.154153 0.05468773613891875
150.81470629974 -64.77542063377 0.005261 -0.024154 "Gaia EDR3 5246556401811243520" 0.1904 3.67 -2.713 0.219 2.472 0.193 18.76656 0.003878 19.021069 0.031861 17.788546 0.034948 1.232523 -0.469426 0.04729150055771121
150.73321809897 -64.78289213184 -0.029459 -0.031641 "Gaia EDR3 5246557814857993728" 0.3358 3.262 -2.462 0.38 2.14 0.343 19.70016 0.004962 20.100945 0.042517 19.211805 0.040965 0.889139 0.125695 0.059040888492637035
150.80541443569 -64.78125122608 0.0013 -0.029984 "Gaia EDR3 5246554928637926528" 0.2353 3.465 -2.38 0.256 2.519 0.224 19.209131 0.003897 19.604036 0.028079 18.711763 0.022045 0.892273 0.203945 0.035698911271914165
150.89822036521 -64.77169972723 0.040857 -0.020463 "Gaia EDR3 5246556268687267328" 0.1418 4.473 -3.541 0.206 2.733 0.159 18.478127 0.003317 18.773344 0.040691 17.959513 0.025287 0.813831 -0.014430000000000002 0.04790813970506473
150.76570296395 -64.7648843696 -0.015629 -0.013622 "Gaia EDR3 5246554997357391744" 0.2801 4.435 -3.606 0.299 2.581 0.267 19.567911 0.004549 20.074898 0.052567 19.110903 0.038438 0.963995 0.098471 0.06512118958526479
150.83414162663 -64.74937685847 0.013556 0.001887 "Gaia EDR3 5246556543545844096" 0.3165 3.305 -2.543 0.331 2.112 0.322 19.79755 0.005011 20.134134 0.05947 19.35803 0.048013 0.776104 -0.20383400000000002 0.07643251316684543
150.85373653034 -64.78689583308 0.021885 -0.035637 "Gaia EDR3 5246556199948327936" 0.2897 3.422 -2.398 0.32 2.441 0.292 19.500416 0.004491 19.916004 0.035543 19.022839 0.035518 0.893166 -0.161003 0.050247718087491296
150.69364136351 -64.75754051894 -0.046364 -0.006313 "Gaia EDR3 5246557982362065792" 0.1265 4.33 -3.613 0.157 2.385 0.148 18.291418 0.003294 18.742414 0.017845 17.698435 0.00938 1.04398 0.160999 0.020160070064362375
150.80208903278 -64.74129973172 -0.000117 0.009967 "Gaia EDR3 5246556509186073344" 0.2117 3.294 -2.682 0.221 1.913 0.203 19.141119 0.003728 19.512325 0.02462 18.5796 0.017155 0.932726 -0.024003999999999998 0.030007306193658902
150.80222141549 -64.76263231717 -6e-05 -0.011365 "Gaia EDR3 5246556474826232960" 0.3401 4.045 -3.378 0.343 2.224 0.313 19.752075 0.005157 20.104956 0.056541 19.160852 0.043405 0.944103 -0.367004 0.07128028272951785
150.74989978497 -64.77289549136 -0.02236 -0.021638 "Gaia EDR3 5246557917935081856" 0.4718 4.325 -3.314 0.524 2.778 0.486 20.065346 0.006428 20.231016 0.06234 19.046062 0.113339 1.184954 0.546933 0.12935224977169898
150.80964066979 -64.74825443682 0.003105 0.003013 "Gaia EDR3 5246556509186060544" 0.5526 4.327 -3.62 0.63 2.37 0.592 20.237083 0.00759 20.417078 0.064712 19.384388 0.055153 1.03269 0.0014100000000000015 0.08502644502153434
150.82796596594 -64.75617515447 0.010919 -0.00491 "Gaia EDR3 5246556440466590976" 0.3515 4.144 -3.466 0.952 2.272 0.761 19.29562 0.004593 "" "" "" "" "" 0.456481 ""
150.69867289731 -64.73314012807 -0.044258 0.018091 "Gaia EDR3 5246558227175622784" 0.4155 3.811 -2.516 0.521 2.862 0.491 20.117453 0.0058 20.557112 0.068544 19.622574 0.062932 0.934538 0.287284 0.09305222490623209
150.89407661354 -64.77058260663 0.039093 -0.019344 "Gaia EDR3 5246556268667972480" 0.1763 4.162 -3.513 0.22 2.232 0.214 18.914412 0.00389 19.375345 0.052545 18.37678 0.031298 0.998566 0.383876 0.06115996917101905
150.84558053825 -64.77897532318 0.018416 -0.027714 "Gaia EDR3 5246556199948346240" 0.4028 4.171 -2.986 0.426 2.912 0.404 19.849411 0.005358 20.484108 0.058537 19.248236 0.03752 1.235872 0.546883 0.06952935185229328
150.84904271293 -64.73306841254 0.019925 0.018191 "Gaia EDR3 5246556577905695616" 0.3809 3.659 -2.667 0.499 2.505 0.352 19.606415 0.005266 "" "" "" "" "" 0.651471 ""
150.79483246011 -64.75491616136 -0.003211 -0.003649 "Gaia EDR3 5246556509185989504" 0.2311 4.306 -3.62 0.245 2.332 0.202 19.189653 0.004178 19.599888 0.027002 18.708096 0.02594 0.891792 -0.051429 0.037443178337315336
150.8144248252 -64.75888203704 0.005144 -0.007615 "Gaia EDR3 5246556440485922688" 0.3952 4.204 -3.589 0.421 2.19 0.345 19.928127 0.005131 20.445639 0.094083 19.542744 0.09905 0.902895 0.055323 0.13661080992732602
150.80215632501 -64.75390038023 -8.8e-05 -0.002633 "Gaia EDR3 5246556509186008704" 0.4312 3.994 -2.845 0.491 2.803 0.444 19.936382 0.00535 "" "" "" "" "" -0.49356 ""
150.72859494049 -64.74444855545 -0.031473 0.0068 "Gaia EDR3 5246559498485943552" 0.4279 3.27 -2.656 0.479 1.907 0.477 19.97352 0.00584 20.345041 0.059167 19.535463 0.049941 0.809578 0.214695 0.0774263351192603
150.76308241114 -64.76402574123 -0.016747 -0.012764 "Gaia EDR3 5246554997357389952" 0.4017 4.202 -3.497 0.442 2.329 0.355 19.782118 0.005949 20.118471 0.139243 18.761106 0.076639 1.357365 -0.293991 0.15894071023498038
150.80525504192 -64.73941431824 0.001234 0.011853 "Gaia EDR3 5246556612284633600" 0.3197 3.862 -2.523 0.328 2.924 0.325 19.723494 0.004842 "" "" "" "" "" 0.231664 ""
150.89951150488 -64.76463309096 0.041418 -0.013398 "Gaia EDR3 5246556298732251648" 0.2058 4.352 -3.586 0.225 2.465 0.229 19.091274 0.0038 19.465506 0.05884 18.676228 0.124952 0.789278 -0.22405299999999997 0.1381128086167246
150.83104939611 -64.76659534891 0.012229 -0.015331 "Gaia EDR3 5246556440490823680" 0.4403 4.551 -3.558 0.471 2.838 0.395 19.896173 0.005609 20.369537 0.052004 19.356106 0.049887 1.013432 -0.029738999999999998 0.07206336645619604
150.83134818754 -64.75926091634 0.01236 -0.007997 "Gaia EDR3 5246556440466580992" 0.2684 3.995 -2.592 0.285 3.04 0.229 19.320753 0.004138 19.723484 0.039018 18.872126 0.026499 0.851358 0.10364599999999999 0.0471656795244169
150.78829880952 -64.71129014297 -0.006008 0.039976 "Gaia EDR3 5246559601565134208" 0.6861 3.829 -2.697 0.764 2.718 0.824 20.546848 0.008154 21.004751 0.138584 20.189001 0.094498 0.81575 0.64998 0.16773609349212829
150.7930811018 -64.78371700577 -0.003954 -0.03245 "Gaia EDR3 5246554928640494336" 0.5443 4.514 -3.638 0.603 2.673 0.589 20.225924 0.006496 20.599752 0.064909 19.849068 0.052839 0.750685 -0.06608499999999999 0.08369670365074122
150.82908066101 -64.75992020292 0.011393 -0.008655 "Gaia EDR3 5246556440468990592" 0.5649 3.741 -2.717 0.613 2.572 0.506 20.202333 0.007207 20.565956 0.078577 19.724659 0.09033 0.841297 0.711593 0.11972407372370854
150.86823700958 -64.75686671775 0.028093 -0.005614 "Gaia EDR3 5246556337389781760" 0.3527 4.284 -3.603 0.387 2.317 0.416 19.905312 0.004868 20.530468 0.071125 19.542364 0.062503 0.988104 -0.233765 0.09468574673096262
150.87068654381 -64.75339000988 0.029141 -0.002138 "Gaia EDR3 5246556337387475968" 0.3211 4.112 -2.746 0.325 3.061 0.313 19.668894 0.004898 20.086565 0.050088 19.260483 0.043606 0.826082 -0.221884 0.06641002168347787
150.78390664518 -64.73896413986 -0.007876 0.012302 "Gaia EDR3 5246559464126197376" 0.5442 4.443 -3.615 0.638 2.583 0.558 20.409384 0.007527 "" "" "" "" "" -0.260554 ""
150.82266589993 -64.72557924569 0.008669 0.025687 "Gaia EDR3 5246556646625138432" 0.2277 4.56 -3.621 0.237 2.771 0.223 19.296953 0.004087 19.671686 0.034669 18.83904 0.026357 0.832645 -0.005052000000000001 0.0435503273236838
150.80501028818 -64.75003539328 0.001129 0.001232 "Gaia EDR3 5246556509186040832" 0.4104 4.496 -3.688 0.935 2.571 0.567 19.109314 0.004566 "" "" "" "" "" 0.0265 ""
150.82600322515 -64.74319232446 0.010087 0.008073 "Gaia EDR3 5246556612265331712" 0.1995 4.462 -3.584 0.217 2.658 0.208 19.08549 0.003852 19.456604 0.020091 18.634687 0.016596 0.821917 -0.25546 0.02605907705579766
150.83407972307 -64.72559790447 0.013542 0.025666 "Gaia EDR3 5246556646649274624" 0.4183 3.742 -2.505 0.475 2.78 0.423 19.941805 0.005573 20.430838 0.122678 19.421381 0.065493 1.009457 -0.332688 0.13906554114157826
150.86103559379 -64.76561070102 0.025014 -0.014355 "Gaia EDR3 5246556337387398912" 0.2707 4.351 -3.678 0.309 2.324 0.259 19.376362 0.004325 19.773434 0.046346 18.915262 0.03128 0.858171 -0.068938 0.05591413163056366
150.72389619005 -64.73273776436 -0.033493 0.018509 "Gaia EDR3 5246559498483172608" 0.3694 4.313 -3.669 0.401 2.267 0.387 19.913454 0.005027 20.238337 0.055467 19.479498 0.056319 0.758839 0.207957 0.07904693447566452
150.76473859697 -64.72766528374 -0.016062 0.023597 "Gaia EDR3 5246559464123553536" 0.1981 3.954 -3.277 0.21 2.213 0.202 19.110376 0.003858 19.469526 0.034209 18.671185 0.032481 0.798342 -0.528612 0.04717277861224628
150.72485398958 -64.77538868572 -0.033032 -0.024142 "Gaia EDR3 5246557917937989120" 0.6056 3.419 -2.511 0.673 2.32 0.643 20.54259 0.00823 20.971035 0.098206 20.032217 0.07082 0.938818 -0.449998 0.12107803614198571
150.79867109094 -64.75695761895 -0.001574 -0.00569 "Gaia EDR3 5246556509189175040" 0.6326 3.372 -2.366 0.774 2.403 0.601 20.381084 0.007748 21.042692 0.137341 20.128036 0.146769 0.914656 0.38918200000000003 0.20100669054038972
150.80182513888 -64.74827619873 -0.000229 0.002991 "Gaia EDR3 5246556509186039680" 0.3389 3.179 -2.36 0.418 2.131 0.34 19.29548 0.004674 19.098202 0.021141 18.220533 0.017993 0.877668 0.250089 0.027761302743207133
150.71639835604 -64.77075454938 -0.036641 -0.019512 "Gaia EDR3 5246557917959553664" 0.3993 4.394 -3.624 0.45 2.485 0.407 19.921444 0.005386 20.204884 0.072674 19.351372 0.062793 0.853512 0.39279200000000003 0.09604411030875346
150.79460737668 -64.72283747733 -0.003311 0.02843 "Gaia EDR3 5246559567222148992" 0.3515 3.287 -2.256 0.413 2.39 0.419 19.914984 0.005159 20.378971 0.104432 19.163937 0.040909 1.215035 0.088471 0.11215876650980074
150.86676879357 -64.76250793648 0.027461 -0.011255 "Gaia EDR3 5246556337411620480" 0.8053 3.911 -3.021 1.597 2.485 0.841 20.291637 0.009719 "" "" "" "" "" -0.712846 ""
150.89297621549 -64.75765062776 0.038642 -0.006411 "Gaia EDR3 5246556371747243776" 0.3629 3.204 -2.368 0.375 2.158 0.456 19.848497 0.004942 20.129938 0.051441 19.38996 0.044731 0.739979 -0.191887 0.06816919276330034
150.83552588394 -64.74491224088 0.014149 0.006351 "Gaia EDR3 5246556543547722368" 0.2988 4.518 -3.715 0.328 2.571 0.299 19.564655 0.004718 19.564095 0.035289 18.446026 0.024861 1.118069 0.221944 0.043166918375070515
150.82775764414 -64.71658296167 0.010846 0.034682 "Gaia EDR3 5246557024584754816" 0.4415 4.444 -3.605 0.454 2.599 0.448 20.09679 0.005689 20.440205 0.116873 19.574768 0.072431 0.865437 -0.328672 0.13749744684902335
150.81200610582 -64.76637162664 0.004111 -0.015105 "Gaia EDR3 5246556406108745728" 0.4197 4.302 -2.875 0.446 3.201 0.393 19.982473 0.005592 20.421625 0.078751 19.544737 0.068875 0.876888 -0.123216 0.10462067494525162
150.84365550764 -64.79519715645 0.017585 -0.043936 "Gaia EDR3 5246554722479516288" 0.4827 3.944 -3.307 0.547 2.15 0.485 20.11195 0.006027 20.722876 0.073781 19.411324 0.055269 1.311552 -0.526821 0.09218621546630494
150.8510112738 -64.75780296334 0.020746 -0.006544 "Gaia EDR3 5246556539250203776" 0.4461 3.927 -3.403 0.424 1.958 0.35 19.789364 0.005698 "" "" "" "" "" 0.499687 ""
150.75779601202 -64.72269849798 -0.01903 0.028562 "Gaia EDR3 5246559532843038848" 0.2509 4.531 -3.502 0.269 2.875 0.253 19.428482 0.007383 20.08043 0.041567 18.755888 0.024241 1.324541 0.508028 0.0481190354225851
150.7654648781 -64.74674244674 -0.015741 0.00452 "Gaia EDR3 5246559429763722240" 0.3423 3.429 -2.217 0.385 2.615 0.341 19.870293 0.005194 20.284458 0.050947 19.409985 0.04327 0.874474 0.155667 0.06684227486404094
150.78631642584 -64.74011468343 -0.006847 0.011152 "Gaia EDR3 5246559464123544960" 0.3136 3.433 -2.528 0.345 2.323 0.308 19.726276 0.004716 20.130005 0.040264 19.268415 0.041796 0.861589 0.7041599999999999 0.05803529367548682
150.87490823038 -64.74314645235 0.030954 0.008103 "Gaia EDR3 5246556371771368064" 0.669 3.683 -2.426 0.632 2.771 0.639 20.487272 0.008144 20.94974 0.112394 19.873695 0.082512 1.076044 -0.395941 0.1394297004945503
150.79561471772 -64.77113871174 -0.002876 -0.019872 "Gaia EDR3 5246556474828970752" 0.6131 3.879 -3.145 0.688 2.27 0.613 20.385754 0.007003 20.817596 0.089659 19.861292 0.055561 0.956305 0.79579 0.10547872298241007
150.82176903871 -64.75059927956 0.008278 0.000667 "Gaia EDR3 5246556440469696768" 0.5089 3.368 -2.622 0.548 2.114 0.586 20.204689 0.007071 20.72955 0.13475 19.724947 0.140254 1.004602 -0.5612400000000001 0.19449613624954096
150.81442750528 -64.78122831859 0.005141 -0.029962 "Gaia EDR3 5246556401818417408" 0.1046 3.981 -2.483 0.124 3.111 0.11 18.122192 0.003124 18.576893 0.010945 17.537477 0.008047 1.039415 0.12452300000000001 0.013584816303505911
150.79220991517 -64.75650144037 -0.00433 -0.005235 "Gaia EDR3 5246556474826238720" 0.3407 3.202 -2.406 0.369 2.113 0.303 19.653656 0.004841 20.08168 0.042282 19.14379 0.031317 0.937891 0.533445 0.05261674650717203
150.72759593883 -64.72113317306 -0.031927 0.030115 "Gaia EDR3 5246559739004163072" 0.5649 3.379 -2.572 0.634 2.192 0.592 20.341272 0.00757 20.939047 0.110622 19.946722 0.081446 0.992325 -0.515443 0.13737058564336108
150.78839551646 -64.77083499066 -0.005953 -0.019568 "Gaia EDR3 5246554997381801600" 0.3838 3.385 -2.309 0.397 2.476 0.355 19.843697 0.005231 20.268084 0.044422 19.397768 0.045958 0.870316 0.519477 0.06391753943949971
150.80499776978 -64.75761345324 0.001124 -0.006346 "Gaia EDR3 5246556509188702080" 0.6692 4.153 -2.97 0.768 2.903 0.598 20.417519 0.008746 21.052774 0.089855 19.811579 0.062518 1.241196 0.775136 0.10946424689824528
150.78316476609 -64.75552544779 -0.008187 -0.004259 "Gaia EDR3 5246556474828965888" 0.7463 4.063 -2.639 0.839 3.089 0.668 20.544168 0.008556 21.017963 0.164414 20.276667 0.074125 0.741297 -0.36411 0.18035098841148614
150.7163582206 -64.7541851828 -0.036681 -0.002943 "Gaia EDR3 5246558021016933504" 0.5972 4.258 -3.491 0.751 2.439 0.728 20.429092 0.007133 21.063234 0.096129 20.186174 0.080797 0.87706 0.740161 0.1255744394771484
