RA_ICRS DE_ICRS _x _y EDR3Name e_Plx PM pmRA e_pmRA pmDE e_pmDE Gmag e_Gmag BPmag e_BPmag RPmag e_RPmag BP-RP Plx_corr e_BP-RP
124.7050241284 -47.77444488184 -0.00264 -0.002471 "Gaia EDR3 5516044262248650368" 0.1405 3.808 -2.487 0.152 2.885 0.151 18.77757 0.003317 19.443161 0.030962 18.033028 0.013823 1.410133 0.133728 0.03390753268818007
124.76948602643 -47.79896259546 0.040663 -0.027005 "Gaia EDR3 5516043304472454784" 0.0555 3.75 -2.443 0.059 2.846 0.06 17.040604 0.002878 18.033604 0.019576 16.04807 0.006159 1.985533 0.101359 0.02052201396062287
124.71018456606 -47.77753729605 0.000828 -0.005563 "Gaia EDR3 5516044266545102336" 0.0695 3.791 -2.502 0.074 2.848 0.076 17.57663 0.002904 17.864094 0.010013 17.145401 0.006802 0.718693 0.157076 0.012104849152302559
124.71023999716 -47.7838655424 0.000866 -0.011892 "Gaia EDR3 5516043506329855616" 0.0193 3.767 -2.483 0.022 2.833 0.022 14.91718 0.002777 16.00751 0.004046 13.875875 0.003894 2.131635 0.081858 0.005615456526409941
124.7773312961 -47.79013953115 0.045941 -0.018186 "Gaia EDR3 5516043304472455168" 0.0282 3.755 -2.499 0.031 2.804 0.032 15.805708 0.002788 16.885658 0.008393 14.781034 0.004174 2.104624 0.141327 0.009373618564887309
124.72080529396 -47.75531426513 0.007969 0.016659 "Gaia EDR3 5516044369624316672" 0.0324 3.806 -2.485 0.036 2.883 0.036 15.919583 0.002789 16.786476 0.005671 14.99918 0.004301 1.787296 0.08355 0.007117502511415082
124.69503143233 -47.76344648243 -0.009357 0.008526 "Gaia EDR3 5516044335264571904" 0.0458 3.805 -2.467 0.049 2.898 0.049 16.721395 0.002834 17.07995 0.006059 16.190428 0.005586 0.889523 0.11812600000000001 0.008241048294968304
124.73778980205 -47.79409656354 0.019373 -0.022126 "Gaia EDR3 5516043540686599296" 0.0813 3.779 -2.46 0.088 2.869 0.088 17.695839 0.002933 18.4671 0.010795 16.860516 0.006171 1.606585 0.058843999999999994 0.012434358286618576
124.72824230156 -47.79564677836 0.012959 -0.023675 "Gaia EDR3 5516043441911393536" 0.0469 3.803 -2.477 0.05 2.886 0.05 16.801874 0.002851 17.739813 0.011542 15.841253 0.004866 1.89856 0.16860699999999998 0.012525802169921094
124.72908597333 -47.76331277528 0.013534 0.008659 "Gaia EDR3 5516043613710076800" 0.051 3.782 -2.441 0.057 2.888 0.055 16.764044 0.002853 17.728725 0.00847 15.801887 0.004407 1.926838 0.162253 0.009547908095494008
124.72281882217 -47.78443859935 0.009318 -0.012466 "Gaia EDR3 5516043506326919040" 0.1257 3.813 -2.456 0.136 2.917 0.146 18.56992 0.003241 19.48143 0.041289 17.69479 0.019267 1.78664 0.08702399999999999 0.04556312994077558
124.65481765286 -47.77012121739 -0.036384 0.00184 "Gaia EDR3 5516038631547992960" 0.0417 3.84 -2.575 0.045 2.848 0.046 16.615358 0.002822 17.513464 0.006441 15.683473 0.004618 1.829991 0.111459 0.007925427748708582
124.70133387831 -47.77399204749 -0.00512 -0.002018 "Gaia EDR3 5516044266545099136" 0.052 3.727 -2.441 0.056 2.816 0.057 16.865112 0.002836 17.662449 0.008036 15.969698 0.00466 1.692751 0.028337 0.009289396966434365
124.7046662425 -47.80974722055 -0.002878 -0.037773 "Gaia EDR3 5516043407552383232" 0.0461 3.787 -2.408 0.051 2.923 0.05 16.80255 0.00283 17.712425 0.009397 15.860025 0.004576 1.8524 0.115568 0.010451956037029624
124.67841209747 -47.77783829542 -0.020523 -0.005869 "Gaia EDR3 5516044300904832000" 0.0475 3.893 -2.539 0.054 2.952 0.053 16.827608 0.00283 17.748653 0.009481 15.871442 0.004756 1.877212 0.144574 0.010607021118108514
124.69606577641 -47.75678148098 -0.008663 0.015192 "Gaia EDR3 5516044335252963840" 0.0904 3.742 -2.543 0.103 2.746 0.109 17.965057 0.003027 18.789572 0.035373 17.039238 0.008692 1.750334 0.159297 0.036425265860388724
124.7749804146 -47.76365786366 0.044384 0.008297 "Gaia EDR3 5516043957307476736" 0.2643 3.835 -2.591 0.27 2.828 0.27 19.432055 0.004158 20.087076 0.060777 18.681538 0.026936 1.405539 0.024212 0.06647850648893971
124.66957290926 -47.79287236066 -0.026455 -0.020905 "Gaia EDR3 5516038352366118400" 0.0449 3.886 -2.596 0.049 2.891 0.05 16.740593 0.002825 17.784142 0.008361 15.738623 0.004094 2.045519 0.159951 0.009309519697599872
124.74605424479 -47.80329407968 0.024921 -0.031326 "Gaia EDR3 5516043334528134656" 0.1818 3.682 -2.367 0.184 2.82 0.195 18.99859 0.003511 19.733599 0.046564 18.182707 0.017111 1.550892 0.059028 0.04960839059070552
124.71050950542 -47.78626527363 0.001047 -0.014291 "Gaia EDR3 5516043510630861312" 0.0465 3.892 -2.607 0.049 2.889 0.049 16.639608 0.002822 17.515753 0.006456 15.717176 0.004942 1.798576 0.097039 0.008130393594408576
124.72221332816 -47.78909058195 0.00891 -0.017118 "Gaia EDR3 5516043441911388800" 0.1525 3.661 -2.368 0.157 2.792 0.172 18.70633 0.003387 19.618578 0.034774 17.839443 0.011301 1.779135 0.07542 0.03656424041327811
124.74068911409 -47.76491881365 0.021333 0.007051 "Gaia EDR3 5516043643776088832" 0.1272 3.761 -2.387 0.146 2.906 0.136 18.545769 0.003271 19.32813 0.037245 17.745716 0.014348 1.582415 0.038298 0.03991309470587316
124.68883789569 -47.77428410105 -0.013518 -0.002312 "Gaia EDR3 5516044296601904384" 0.1048 3.719 -2.48 0.121 2.771 0.115 18.198872 0.003073 18.807608 0.017036 17.40061 0.012455 1.406998 0.236907 0.021103372266062122
124.68649083872 -47.76578840421 -0.015097 0.006183 "Gaia EDR3 5516044330961666688" 0.1532 3.838 -2.512 0.167 2.901 0.168 18.862362 0.003414 19.627298 0.049373 18.111012 0.018619 1.516287 -0.023354999999999997 0.05276703791193892
124.67707544319 -47.80573742605 -0.02141 -0.033768 "Gaia EDR3 5516037596451827328" 0.1453 3.768 -2.577 0.161 2.749 0.161 18.870495 0.003358 19.89309 0.038863 17.904497 0.013003 1.988592 0.05115 0.04098061466108092
124.69901771562 -47.7675765828 -0.006677 0.004397 "Gaia EDR3 5516044266545097344" 0.0886 3.838 -2.62 0.094 2.805 0.093 17.789843 0.002954 18.687696 0.017606 16.870165 0.006972 1.817532 0.158147 0.01893620922993829
124.7303449423 -47.79472796075 0.014372 -0.022756 "Gaia EDR3 5516043441911394048" 0.0536 3.693 -2.507 0.057 2.713 0.057 17.030647 0.00285 17.994167 0.007873 16.072933 0.005024 1.921234 0.17799299999999998 0.00933941673767693
124.7516420162 -47.7854390005 0.028684 -0.013473 "Gaia EDR3 5516043373191922176" 0.0705 3.929 -2.561 0.074 2.98 0.075 17.508184 0.003079 "" "" "" "" "" 0.10439000000000001 ""
124.71521450089 -47.77373283394 0.004209 -0.001759 "Gaia EDR3 5516044369624318080" 0.0694 3.931 -2.616 0.074 2.934 0.077 17.582706 0.002906 17.910288 0.007969 17.098568 0.006618 0.81172 0.135074 0.010358710585782383
124.69679224839 -47.78313026992 -0.008171 -0.011157 "Gaia EDR3 5516044227881409664" 0.0691 3.859 -2.434 0.076 2.995 0.077 17.431423 0.00299 18.09451 0.018277 16.390276 0.009734 1.704233 0.160763 0.020707474133751805
124.71416958727 -47.77084489444 0.003507 0.001129 "Gaia EDR3 5516044369624317184" 0.0765 3.801 -2.472 0.083 2.887 0.084 17.76908 0.002938 18.326706 0.008952 17.073982 0.006346 1.252724 -0.045471 0.01097314995796558
124.72782140707 -47.78023222665 0.01268 -0.00826 "Gaia EDR3 5516043609406134272" 0.1 3.93 -2.519 0.113 3.016 0.111 18.231874 0.003094 18.726006 0.012918 17.579159 0.009736 1.146847 0.11452299999999999 0.01617604463396414
124.76794093058 -47.79642578512 0.039627 -0.024467 "Gaia EDR3 5516043300171426304" 0.1575 3.775 -2.355 0.169 2.95 0.173 18.849747 0.003465 19.533741 0.049112 18.062765 0.027636 1.470976 0.057022 0.05635367814082769
124.68971560389 -47.78925074797 -0.012924 -0.017279 "Gaia EDR3 5516044232173771008" 0.306 3.967 -2.583 0.308 3.011 0.347 19.768497 0.004888 20.354641 0.048998 18.97511 0.034037 1.379532 0.14315899999999998 0.059660048382481214
124.71403469773 -47.78081885941 0.003415 -0.008845 "Gaia EDR3 5516043506325530880" 0.1407 3.711 -2.299 0.156 2.912 0.157 18.704796 0.003278 19.286076 0.023226 17.994387 0.011183 1.291689 0.09465699999999999 0.025778024846756585
124.72542058236 -47.81014329016 0.01106 -0.038171 "Gaia EDR3 5516043235741428864" 1.0803 3.812 -2.563 1.018 2.821 1.133 20.722366 0.011173 20.758749 0.128897 20.00454 0.127973 0.754209 0.24188 0.1816356940086392
124.69447008338 -47.79963526887 -0.009728 -0.027662 "Gaia EDR3 5516043471967106048" 0.1182 3.873 -2.489 0.13 2.968 0.127 18.459547 0.003202 19.421438 0.026458 17.524734 0.009686 1.896704 0.28264 0.028175243743399983
124.75512694346 -47.78737945204 0.031024 -0.015415 "Gaia EDR3 5516043373191923968" 0.241 3.83 -2.415 0.26 2.973 0.262 19.543867 0.004165 20.429815 0.052923 18.789494 0.016668 1.640322 0.244897 0.05548572927339065
124.74372406745 -47.8116155009 0.023352 -0.039647 "Gaia EDR3 5516043167033495552" 0.1865 3.884 -2.446 0.2 3.018 0.202 19.164896 0.003684 19.778603 0.053168 18.418648 0.01565 1.359955 -0.023153999999999997 0.055423449225034706
124.70814905484 -47.77616824238 -0.00054 -0.004194 "Gaia EDR3 5516044266533521536" 0.2461 3.689 -2.557 0.264 2.658 0.263 19.548145 0.004262 20.272343 0.058206 18.80706 0.028469 1.465282 0.193254 0.06479523436951208
124.71014045193 -47.80867740002 0.000798 -0.036704 "Gaia EDR3 5516043403247597568" 0.104 3.995 -2.632 0.115 3.005 0.114 18.298319 0.003044 18.909498 0.019911 17.571524 0.009628 1.337975 0.081704 0.02211665221049515
124.73289273853 -47.76834646655 0.016091 0.003625 "Gaia EDR3 5516043613698521216" 0.2431 3.586 -2.437 0.261 2.63 0.26 19.526062 0.004192 20.194756 0.037978 18.785042 0.025432 1.409714 0.104818 0.04570683874432797
124.71180891184 -47.78320521349 0.00192 -0.011231 "Gaia EDR3 5516043510619292800" 0.1173 3.969 -2.512 0.135 3.074 0.141 18.397995 0.00328 18.563726 0.098248 17.646975 0.014254 0.916752 0.13567 0.09927661366102292
124.72156578641 -47.78453102704 0.008476 -0.012558 "Gaia EDR3 5516043510630863872" 0.133 3.541 -2.328 0.141 2.669 0.151 18.433908 0.003502 19.046392 0.03736 17.690742 0.011512 1.35565 0.14796 0.03909342328320711
124.72024846083 -47.80222272889 0.007588 -0.030249 "Gaia EDR3 5516043437607357824" 0.1399 3.94 -2.446 0.149 3.089 0.163 18.667276 0.003297 19.344566 0.026817 17.894224 0.013547 1.450342 0.09839 0.030044511944779532
124.69709326178 -47.79257004695 -0.007967 -0.020597 "Gaia EDR3 5516043471967132928" 0.0946 3.737 -2.597 0.107 2.686 0.11 18.125029 0.003026 18.712896 0.017365 17.419199 0.007974 1.293697 0.25833 0.01910832020351344
124.74037766246 -47.7473465486 0.021131 0.024623 "Gaia EDR3 5516044399680222720" 0.1435 3.929 -2.465 0.151 3.06 0.15 18.659615 0.003374 19.302542 0.028752 17.89608 0.016988 1.406462 -0.008302999999999998 0.03339565313031024
124.72528719097 -47.75456209634 0.010982 0.017411 "Gaia EDR3 5516044399690348800" 0.2718 3.87 -2.711 0.285 2.762 0.294 19.61421 0.004514 20.297283 0.062118 18.913664 0.024105 1.383619 0.049218 0.06663105093723196
124.71714905751 -47.79173333146 0.005507 -0.01976 "Gaia EDR3 5516043510630864256" 0.1277 3.931 -2.428 0.137 3.092 0.138 18.495178 0.00336 "" "" "" "" "" 0.138803 ""
124.73514050561 -47.78838334448 0.017595 -0.016413 "Gaia EDR3 5516043540686620032" 0.1303 3.827 -2.537 0.14 2.865 0.152 18.58947 0.003164 19.295341 0.023988 17.838182 0.011051 1.457159 -0.137706 0.026411148119686124
124.72347682409 -47.786215103 0.009759 -0.014242 "Gaia EDR3 5516043506326919424" 0.152 3.95 -2.601 0.16 2.972 0.164 18.735565 0.003338 19.298634 0.038047 18.022652 0.016974 1.275982 0.30706300000000003 0.041661623648148904
124.73601319782 -47.77478820418 0.018186 -0.002818 "Gaia EDR3 5516043613710082304" 0.1964 3.593 -2.492 0.218 2.588 0.204 19.264744 0.003905 19.865242 0.042754 18.394682 0.024243 1.47056 0.069178 0.049149034222454466
124.69008428957 -47.78583743629 -0.012677 -0.013865 "Gaia EDR3 5516044227882419840" 0.1854 3.791 -2.594 0.196 2.765 0.198 19.114096 0.003497 19.716301 0.037551 18.390287 0.032531 1.326014 -0.11356899999999999 0.049682427094496905
124.73112977295 -47.80180860068 0.014897 -0.029837 "Gaia EDR3 5516043231451938304" 0.197 3.92 -2.428 0.212 3.078 0.216 19.158768 0.003785 20.054356 0.049583 18.182756 0.011937 1.871599 0.227331 0.050999665273411356
124.71803212038 -47.72916220775 0.006108 0.042811 "Gaia EDR3 5516044674558192000" 0.1891 3.889 -2.651 0.2 2.845 0.202 19.11592 0.003718 19.84252 0.044125 18.389288 0.023702 1.453232 -0.095257 0.05008792697846458
124.72358347349 -47.79808968122 0.009829 -0.026117 "Gaia EDR3 5516043441911392512" 0.1969 3.863 -2.618 0.204 2.841 0.222 19.195507 0.003922 19.904362 0.045886 18.501322 0.019779 1.40304 -0.128737 0.049967327695205004
124.64773918878 -47.77013787951 -0.041141 0.00182 "Gaia EDR3 5516038631536342400" 0.5357 3.65 -2.519 0.541 2.641 0.584 20.418749 0.006972 21.079239 0.109373 19.839876 0.071672 1.239363 -0.047063999999999995 0.13076440155103375
124.74590285843 -47.747251135 0.024846 0.024717 "Gaia EDR3 5516044777637346176" 0.1629 3.992 -2.72 0.172 2.922 0.171 18.803526 0.003374 19.451336 0.030344 18.085587 0.013381 1.365749 -0.006834000000000003 0.033163375838415485
124.73304566189 -47.76713215351 0.016195 0.004839 "Gaia EDR3 5516043609406173824" 0.1036 3.516 -2.375 0.117 2.593 0.114 18.282017 0.003089 18.992737 0.022525 17.50965 0.009125 1.483087 0.038524 0.024303111940654844
124.72572102298 -47.76086560671 0.011273 0.011107 "Gaia EDR3 5516044369612744832" 0.1023 3.799 -2.348 0.168 2.986 0.097 17.549171 0.003123 "" "" "" "" "" -0.08966199999999999 ""
124.64055739452 -47.78263547391 -0.045957 -0.010682 "Gaia EDR3 5516038592884327296" 0.145 3.876 -2.508 0.162 2.956 0.161 18.840647 0.003344 19.472689 0.025195 18.081268 0.016131 1.39142 -0.156684 0.029916503572443087
124.76787873004 -47.76157154128 0.039612 0.010387 "Gaia EDR3 5516043957295942144" 0.0419 3.529 -2.186 0.047 2.771 0.045 16.264143 0.002837 17.207237 0.006218 15.250154 0.004234 1.957084 0.123867 0.007522651128425403
124.71178462125 -47.76155352887 0.001904 0.01042 "Gaia EDR3 5516044369612727040" 0.1895 3.79 -2.25 0.205 3.05 0.207 19.124483 0.003777 19.646889 0.050571 18.285635 0.029106 1.361254 0.103494 0.058348824126969345
124.69622582117 -47.78306813598 -0.008551 -0.011095 "Gaia EDR3 5516044232185361792" 0.1722 3.884 -2.428 0.178 3.031 0.262 18.752419 0.003511 "" "" "" "" "" 0.354464 ""
124.70613061314 -47.7697315198 -0.001896 0.002242 "Gaia EDR3 5516044266545099904" 0.1227 3.604 -2.362 0.13 2.722 0.131 18.493204 0.00331 18.982063 0.040219 17.61106 0.023451 1.371004 0.385512 0.04655660384950775
124.66007929197 -47.77690678245 -0.032843 -0.004943 "Gaia EDR3 5516038631547996416" 0.1049 3.505 -2.181 0.115 2.743 0.113 18.264488 0.003108 19.030563 0.027766 17.395313 0.010943 1.63525 0.199515 0.029844597584822618
124.69622646191 -47.75927615545 -0.008555 0.012697 "Gaia EDR3 5516044335252966400" 0.4162 3.493 -2.429 0.428 2.51 0.436 19.925205 0.006319 20.214096 0.306306 18.931803 0.110925 1.282293 0.056333 0.32577249923988366
124.70375109018 -47.77486154149 -0.003495 -0.002888 "Gaia EDR3 5516044266545100544" 0.2351 3.843 -2.771 0.248 2.662 0.258 19.471235 0.003992 20.116457 0.058667 18.512192 0.025491 1.604265 0.11107399999999999 0.063965678062536
124.65617331749 -47.79461337466 -0.035456 -0.022652 "Gaia EDR3 5516038386736124928" 0.2584 3.792 -2.234 0.271 3.064 0.277 19.605986 0.004424 20.23806 0.065392 18.821817 0.025449 1.416243 0.206511 0.07016954656401879
124.71427419456 -47.7775923874 0.003577 -0.005619 "Gaia EDR3 5516043510630859520" 0.1415 4.123 -2.698 0.152 3.117 0.154 18.659777 0.003356 19.308247 0.033624 17.9175 0.011943 1.390747 0.219406 0.03568204905831502
124.70373233167 -47.78270761692 -0.003507 -0.010734 "Gaia EDR3 5516044262241149952" 0.1475 3.806 -2.753 0.147 2.628 0.156 18.706705 0.003367 19.277357 0.024339 17.96982 0.011923 1.307537 0.010945 0.027102487893180583
124.65346488012 -47.79585232215 -0.037275 -0.023892 "Gaia EDR3 5516038386733101312" 0.3913 3.69 -2.179 0.41 2.978 0.414 20.059063 0.005574 20.467627 0.074357 19.076809 0.056951 1.390818 0.21323899999999998 0.09366098360576831
124.6955766355 -47.79191943133 -0.008986 -0.019946 "Gaia EDR3 5516043476259538432" 0.342 3.704 -2.182 0.364 2.994 0.357 19.73895 0.004889 20.40597 0.057841 19.100733 0.035887 1.305237 0.223105 0.06806950895959218
124.69313330453 -47.75940164558 -0.010634 0.012571 "Gaia EDR3 5516044335264570624" 0.1355 3.461 -2.174 0.157 2.693 0.145 18.16863 0.003256 19.059092 0.059637 17.166464 0.013003 1.892628 -0.004493000000000004 0.06103810103533694
124.71160393609 -47.78231450088 0.001782 -0.010341 "Gaia EDR3 5516043510630860544" 0.0707 4.075 -2.693 0.077 3.057 0.075 17.424593 0.002897 17.995928 0.014033 16.587112 0.010742 1.408815 -0.112285 0.017672454639919153
124.71422114853 -47.77875780903 0.003541 -0.006784 "Gaia EDR3 5516043506326931072" 0.1509 4.004 -2.405 0.155 3.201 0.165 18.667948 0.003319 19.50538 0.029838 17.792343 0.010318 1.713037 0.206486 0.03157162282810309
124.7059460352 -47.79153397058 -0.002019 -0.01956 "Gaia EDR3 5516043510619292672" 0.3006 4.033 -2.855 0.344 2.848 0.327 19.683342 0.010458 "" "" "" "" "" 0.014109999999999998 ""
124.70349509474 -47.75075184648 -0.003669 0.021222 "Gaia EDR3 5516044438332183040" 0.6778 3.712 -2.612 0.624 2.637 0.652 20.515018 0.007936 21.180431 0.145665 19.844978 0.074678 1.335453 0.382328 0.16369207650036088
124.74216745867 -47.73455257446 0.02234 0.037416 "Gaia EDR3 5516044781929599744" 0.242 4.115 -2.828 0.246 2.989 0.251 19.459904 0.004089 20.140646 0.07718 18.65993 0.033583 1.480717 0.182709 0.08416988944390981
124.70999272904 -47.76838811414 0.0007 0.003586 "Gaia EDR3 5516044262241201280" 0.3699 4.105 -2.673 0.377 3.115 0.41 19.911694 0.005215 20.736385 0.075316 19.092443 0.034517 1.643942 0.331784 0.08284879688323783
124.71591425962 -47.79465937688 0.004677 -0.022686 "Gaia EDR3 5516043441899832704" 0.096 3.535 -2.108 0.105 2.838 0.11 18.118296 0.002972 18.52054 0.01248 17.574066 0.010371 0.946474 0.013292000000000002 0.01622676927179283
124.67719559539 -47.79489534321 -0.021333 -0.022926 "Gaia EDR3 5516038352366109440" 0.1946 3.795 -2.571 0.213 2.791 0.211 19.226171 0.003836 19.995968 0.055324 18.48809 0.020176 1.507877 -0.26647899999999997 0.05888816478716245
124.6756646152 -47.7810128444 -0.022368 -0.009044 "Gaia EDR3 5516044300893223424" 0.4246 3.401 -2.299 0.389 2.506 0.44 20.110476 0.005545 20.553658 0.139312 19.435701 0.06576 1.117956 0.052036 0.15405262394389782
124.69805660893 -47.77042249255 -0.007323 0.001551 "Gaia EDR3 5516044262241195392" 0.1676 3.955 -2.364 0.173 3.17 0.179 18.863602 0.003427 19.551678 0.029125 18.106024 0.017411 1.445654 0.30114100000000005 0.033932411438033695
124.71280642049 -47.7291158902 0.002593 0.042858 "Gaia EDR3 5516044674558193792" 0.2361 4.089 -2.811 0.25 2.97 0.268 19.373552 0.004088 19.9657 0.053013 18.60472 0.032237 1.360981 -0.074933 0.06204516369548879
124.67485805701 -47.77493708851 -0.022913 -0.002968 "Gaia EDR3 5516044296600920448" 0.1915 3.975 -2.355 0.213 3.202 0.215 19.128202 0.003745 19.716965 0.047427 18.413847 0.017006 1.303118 -0.004378 0.05038377084935187
124.71950541785 -47.75154194318 0.007096 0.020431 "Gaia EDR3 5516044365321396608" 0.2757 4.124 -2.8 0.285 3.027 0.3 19.576632 0.004457 20.083296 0.062051 18.867378 0.028789 1.215918 0.236324 0.06840418936000923
124.7110876374 -47.76594075491 0.001436 0.006033 "Gaia EDR3 5516044365321386496" 0.2289 3.675 -2.547 0.242 2.649 0.253 19.359486 0.003961 20.065918 0.045336 18.57933 0.017986 1.486587 -0.22935799999999998 0.04877344658725689
124.69923935413 -47.79211667624 -0.006525 -0.020143 "Gaia EDR3 5516043476259541632" 0.3109 3.405 -2.138 0.312 2.65 0.361 19.777306 0.004907 20.577793 0.076952 18.834139 0.021802 1.743654 0.11005699999999999 0.07998085713469193
124.67940952231 -47.76286765821 -0.019858 0.009102 "Gaia EDR3 5516044296601929344" 0.2205 3.518 -2.301 0.233 2.661 0.246 19.182081 0.004003 20.012466 0.066354 18.478622 0.022729 1.533844 0.405862 0.07013886766265905
124.6533310821 -47.77392944582 -0.03738 -0.001969 "Gaia EDR3 5516038631536354048" 0.6442 3.634 -2.355 0.58 2.768 0.69 20.527304 0.008054 21.115194 0.154512 19.595741 0.081866 1.519453 -0.220214 0.1748599442410983
124.65859640622 -47.77380855105 -0.033842 -0.001846 "Gaia EDR3 5516038631536359936" 0.884 3.45 -2.362 0.818 2.515 0.922 20.703907 0.01043 21.078457 0.129562 19.702768 0.062509 1.375689 -0.157064 0.1438530045741138
124.70041285241 -47.7504663965 -0.005741 0.021507 "Gaia EDR3 5516044438332178560" 0.2875 3.79 -2.642 0.299 2.717 0.315 19.679476 0.004343 20.496178 0.073701 19.00966 0.032004 1.486517 -0.277352 0.08034981902282046
124.67743794794 -47.7736871822 -0.021179 -0.001718 "Gaia EDR3 5516044300893218560" 0.4286 3.498 -2.31 0.457 2.626 0.467 20.090036 0.005833 20.797773 0.091018 19.280218 0.046092 1.517555 0.369797 0.10202327571686767
124.69213223899 -47.73221833268 -0.011313 0.039754 "Gaia EDR3 5516044708917925120" 0.233 3.904 -2.849 0.255 2.67 0.25 19.50219 0.004109 20.149271 0.049598 18.816504 0.026089 1.332768 0.162391 0.05604103429630827
124.72200244833 -47.78788145169 0.008768 -0.015908 "Gaia EDR3 5516043506327913216" 0.1607 3.656 -2.095 0.167 2.997 0.181 18.923584 0.003488 19.590477 0.035932 18.272343 0.021128 1.318134 0.17821700000000001 0.04168334209249541
124.76052202432 -47.7761741787 0.034657 -0.004212 "Gaia EDR3 5516043575047398144" 0.2009 4.107 -2.9 0.216 2.908 0.227 19.198248 0.003957 19.901533 0.049457 18.388428 0.016741 1.513105 0.088093 0.05221356078644704
124.70619038753 -47.76921285843 -0.001856 0.002761 "Gaia EDR3 5516044266533512448" 0.192 3.963 -2.562 0.196 3.023 0.198 19.008894 0.003996 "" "" "" "" "" -0.266834 ""
124.74170448182 -47.7920900703 0.022004 -0.020121 "Gaia EDR3 5516043544986114176" 0.6386 3.504 -2.48 0.653 2.476 0.722 20.571587 0.008077 21.220718 0.146998 19.863113 0.069911 1.357605 -0.215809 0.16277579649628504
124.70299673237 -47.73375796884 -0.004005 0.038216 "Gaia EDR3 5516044644490595968" 0.362 3.828 -2.418 0.363 2.968 0.402 19.989166 0.005353 20.604713 0.073683 19.24973 0.052586 1.354984 0.498066 0.09052332232634858
124.6963961979 -47.77346180659 -0.008438 -0.001489 "Gaia EDR3 5516044266533503104" 0.2196 3.466 -2.472 0.237 2.43 0.245 19.253006 0.00406 19.914104 0.053587 18.462486 0.027841 1.451618 -0.027438999999999998 0.060387812098137816
124.69241849996 -47.77625826688 -0.011111 -0.004286 "Gaia EDR3 5516044266533500544" 0.197 3.871 -2.206 0.208 3.18 0.204 19.18258 0.003684 19.811245 0.033973 18.42163 0.019487 1.389614 0.164576 0.039165136256624974
124.73108361934 -47.81077966872 0.014863 -0.038808 "Gaia EDR3 5516043231448897280" 0.1674 4.149 -2.847 0.181 3.018 0.181 18.996666 0.003564 19.59772 0.037091 18.261253 0.021164 1.336466 0.28648799999999996 0.042704299280049075
124.68801908528 -47.77454486909 -0.014068 -0.002573 "Gaia EDR3 5516044300893233408" 0.2248 4.188 -2.88 0.229 3.041 0.252 19.281818 0.003991 19.623066 0.068547 18.481743 0.029866 1.141323 0.087759 0.0747707774802429
124.70538707641 -47.81156551787 -0.002394 -0.039592 "Gaia EDR3 5516043407540096512" 0.4828 3.951 -2.784 0.442 2.803 0.501 20.217226 0.006628 20.925947 0.16201 19.388298 0.175321 1.537649 -0.298127 0.2387146688852614
124.6921480177 -47.77100831413 -0.011294 0.000964 "Gaia EDR3 5516044335252972928" 0.2916 3.601 -2.135 0.31 2.9 0.311 19.726854 0.004747 20.349297 0.04943 19.033298 0.033356 1.315998 0.39888399999999996 0.059631767003837814
124.69933720887 -47.777262816 -0.006461 -0.005289 "Gaia EDR3 5516044262244099328" 0.1447 3.503 -2.029 0.15 2.856 0.159 18.616875 0.003299 19.061909 0.026246 17.76151 0.014527 1.300398 0.08627900000000001 0.02999810402342121
124.7294795505 -47.77819907928 0.013795 -0.006227 "Gaia EDR3 5516043613698526080" 0.3102 3.968 -2.792 0.334 2.819 0.357 19.759111 0.004635 20.457117 0.076609 19.056137 0.033953 1.40098 -0.242066 0.08379585365637132
124.67186370817 -47.75578633491 -0.024934 0.016182 "Gaia EDR3 5516044502757949440" 0.2274 3.923 -2.85 0.269 2.696 0.23 19.26715 0.003866 19.926218 0.080528 18.40856 0.026647 1.517658 0.336128 0.08482229301899354
124.71638455873 -47.78546831999 0.004994 -0.013495 "Gaia EDR3 5516043510619302272" 0.4063 3.424 -2.048 0.401 2.745 0.442 20.040392 0.005469 20.556389 0.132491 19.18307 0.063442 1.37332 0.193792 0.1468970811316549
124.72389214203 -47.76862084121 0.010042 0.003352 "Gaia EDR3 5516043613698508928" 0.2387 4.158 -2.855 0.251 3.023 0.256 19.457417 0.004254 19.66845 0.066157 18.510706 0.029493 1.157744 -0.124429 0.07243331897683551
124.70159342126 -47.81481977641 -0.004941 -0.042846 "Gaia EDR3 5516043403247574016" 0.158 3.75 -2.793 0.169 2.503 0.173 18.84915 0.003463 19.428564 0.025726 18.153131 0.019568 1.275433 0.18504199999999998 0.03232234057119007
124.73246818309 -47.77462252859 0.015804 -0.002651 "Gaia EDR3 5516043613698526464" 0.38 3.607 -2.674 0.378 2.421 0.426 19.984442 0.005447 20.567019 0.056179 19.075125 0.04304 1.491894 -0.00626 0.07077090956742044
124.73798101211 -47.7988985199 0.0195 -0.026928 "Gaia EDR3 5516043334528150144" 0.2224 3.799 -2.713 0.228 2.659 0.234 19.334671 0.004034 20.071985 0.048446 18.586374 0.022558 1.485611 0.476608 0.0534404180372871
124.74636139498 -47.79823063453 0.02513 -0.026263 "Gaia EDR3 5516043338820659072" 0.3765 3.966 -2.664 0.363 2.938 0.397 19.968485 0.005908 20.117695 0.11466 18.73928 0.040853 1.378414 -0.35026799999999997 0.12172051268787853
124.71775210762 -47.73906118917 0.005918 0.032912 "Gaia EDR3 5516044472691928832" 0.3673 4.196 -2.845 0.375 3.085 0.395 19.902775 0.005315 20.29234 0.155932 18.999653 0.043305 1.292687 -0.16292199999999998 0.16183359246151582
124.74097016172 -47.76966298308 0.02152 0.002306 "Gaia EDR3 5516043643765900800" 0.3272 3.601 -2.04 0.344 2.967 0.356 19.851582 0.004972 20.54381 0.064683 19.146912 0.042415 1.396898 0.228685 0.07734935496822194
124.71339716945 -47.73236978773 0.00299 0.039604 "Gaia EDR3 5516044674558182528" 0.4431 3.585 -2.409 0.419 2.656 0.485 20.024445 0.005544 20.760233 0.11389 19.221285 0.03872 1.538948 0.543271 0.12029202176370635
124.72571916311 -47.76453255574 0.011271 0.00744 "Gaia EDR3 5516044369624320128" 0.3598 3.845 -2.883 0.35 2.545 0.37 19.879877 0.005133 20.702042 0.065993 19.168665 0.040196 1.533377 0.005361999999999999 0.0772709160357246
124.72828392421 -47.80477333091 0.012985 -0.032801 "Gaia EDR3 5516043235752964992" 0.2677 3.989 -2.352 0.288 3.222 0.276 19.537756 0.004164 20.346556 0.063974 18.744902 0.024255 1.601654 0.421573 0.06841767097029831
124.6544377132 -47.7814578666 -0.036631 -0.009497 "Gaia EDR3 5516038627244067840" 0.1552 3.974 -2.863 0.171 2.756 0.17 18.88285 0.003456 19.519503 0.02595 18.12869 0.017808 1.390812 -0.209742 0.031472644693447675
124.69967611103 -47.74696376888 -0.006237 0.02501 "Gaia EDR3 5516044434039967360" 0.2591 3.377 -1.995 0.288 2.725 0.264 19.52757 0.004387 20.301119 0.057725 18.765316 0.028937 1.535803 -0.035032 0.06457186379530948
124.7555507015 -47.7567801524 0.031327 0.015184 "Gaia EDR3 5516044021723069184" 0.2137 3.287 -2.035 0.222 2.581 0.225 19.17003 0.003947 19.83459 0.057391 18.374617 0.023584 1.459974 0.120661 0.06204781976024621
124.71333465273 -47.75952864927 0.002946 0.012445 "Gaia EDR3 5516044369624314752" 0.1225 3.552 -2.564 0.143 2.458 0.143 18.53568 0.003174 19.332216 0.02271 17.673155 0.010932 1.659061 0.453432 0.02520422036088401
124.71010059079 -47.74248007971 0.000772 0.029494 "Gaia EDR3 5516044434039981568" 0.198 4.148 -3.016 0.203 2.847 0.221 19.109127 0.003659 19.844677 0.045397 18.371754 0.019795 1.472923 0.124804 0.049525040474491286
124.76713452599 -47.78371215733 0.039095 -0.011753 "Gaia EDR3 5516043368887960192" 0.2258 3.428 -2.405 0.24 2.443 0.242 19.34685 0.004042 20.070608 0.052313 18.480982 0.024468 1.589626 -0.251953 0.0577523418832518
124.69352597908 -47.77209708079 -0.010367 -0.000124 "Gaia EDR3 5516044266545096448" 0.2306 3.751 -2.101 0.247 3.108 0.245 19.359818 0.004078 20.028355 0.048187 18.59658 0.02907 1.431774 -0.174576 0.05627656589558393
124.70933221052 -47.78003442592 0.000256 -0.008061 "Gaia EDR3 5516043506327917312" 0.3995 4.289 -2.694 0.426 3.337 0.441 20.048664 0.00573 20.622784 0.065561 19.258715 0.036818 1.364069 0.18456799999999998 0.07519182033306547
124.71727918032 -47.80574397317 0.005593 -0.03377 "Gaia EDR3 5516043441911392128" 0.2244 3.469 -2.159 0.229 2.715 0.236 19.335257 0.003928 19.959425 0.043716 18.582914 0.018809 1.376511 0.5134610000000001 0.047590620262820696
124.7048464351 -47.76963533511 -0.002759 0.002338 "Gaia EDR3 5516044266545840128" 0.3554 3.395 -2.077 0.432 2.686 0.484 19.511316 0.00519 "" "" "" "" "" 0.42169700000000004 ""
124.73501620056 -47.76308746674 0.01752 0.008883 "Gaia EDR3 5516043643765928576" 0.2744 4.318 -2.797 0.322 3.29 0.279 19.573257 0.00433 20.173748 0.046937 18.80846 0.02996 1.365288 0.19371500000000003 0.05568378192077115
124.71008568536 -47.7999431028 0.000762 -0.027969 "Gaia EDR3 5516043407540091776" 0.2102 4.127 -2.664 0.271 3.152 0.221 19.288769 0.003908 19.84933 0.067513 18.668718 0.037419 1.180613 0.5344679999999999 0.07718929155005894
124.70244104991 -47.76557549089 -0.004376 0.006398 "Gaia EDR3 5516044262241212032" 0.4667 3.398 -2.153 0.477 2.628 0.473 20.219912 0.006328 20.732803 0.128715 19.47817 0.052977 1.254633 0.479752 0.13919092554473514
124.6862877385 -47.74846841042 -0.015239 0.023503 "Gaia EDR3 5516044541411369088" 0.1936 4.263 -2.805 0.215 3.21 0.216 19.16981 0.003927 19.87593 0.057843 18.340084 0.031563 1.535847 0.383253 0.06589412430558585
124.69940528847 -47.76550033243 -0.006417 0.006473 "Gaia EDR3 5516044330961649536" 0.2133 3.499 -2.114 0.232 2.788 0.227 19.286018 0.003769 19.956139 0.056729 18.530783 0.026255 1.425356 0.5230640000000001 0.06251003492240266
124.71489675869 -47.7819310823 0.003995 -0.009957 "Gaia EDR3 5516043506326911744" 0.1776 3.632 -1.978 0.2 3.046 0.187 19.024977 0.003562 19.531452 0.028915 18.325983 0.018476 1.205469 -0.035508 0.034313842702326416
124.72151678239 -47.79108661014 0.008442 -0.019113 "Gaia EDR3 5516043441899836800" 0.4668 4.252 -2.99 0.426 3.023 0.512 20.052155 0.006371 20.402372 0.118919 19.142 0.053464 1.260372 -0.096733 0.13038453841234396
124.73448469208 -47.77109190423 0.01716 0.000879 "Gaia EDR3 5516043609406159360" 0.2456 3.705 -2.318 0.265 2.89 0.264 19.539608 0.004372 20.201632 0.055197 18.805237 0.022095 1.396395 0.6425350000000001 0.05945500680346442
124.68469634017 -47.76219256084 -0.016305 0.009779 "Gaia EDR3 5516044335252955136" 0.2217 3.426 -2.231 0.249 2.6 0.234 19.108683 0.004045 19.790266 0.065761 18.329937 0.027051 1.460329 0.55432 0.07110742381777024
124.69817069105 -47.79730288406 -0.007242 -0.02533 "Gaia EDR3 5516043476259546112" 0.2181 3.733 -2.077 0.233 3.102 0.239 19.314405 0.003938 20.032774 0.058547 18.540443 0.016603 1.492331 0.412613 0.060855655595844174
124.6965708412 -47.79823020966 -0.008317 -0.026257 "Gaia EDR3 5516043476271120384" 0.463 3.471 -2.609 0.495 2.288 0.473 20.139431 0.006484 20.952015 0.102058 19.359682 0.044954 1.592333 0.015065000000000002 0.11151994207315567
124.7272497345 -47.80004310851 0.012291 -0.028071 "Gaia EDR3 5516043441899853440" 0.2677 4.279 -2.797 0.272 3.238 0.292 19.543972 0.004309 20.048979 0.084438 18.711937 0.034261 1.337042 0.39292099999999996 0.09112404712807701
124.74308889301 -47.80958180962 0.022926 -0.037613 "Gaia EDR3 5516043334528110464" 0.2148 3.248 -2.304 0.239 2.288 0.225 19.303673 0.003946 20.007828 0.045056 18.62916 0.027028 1.378668 0.114178 0.05254099275803608
124.69036089089 -47.81113697929 -0.012485 -0.039165 "Gaia EDR3 5516037600744291968" 0.324 3.194 -2.008 0.336 2.483 0.343 19.789988 0.004762 20.41811 0.057425 19.057608 0.041096 1.360502 0.182496 0.07061523802268176
124.6655499727 -47.77433166751 -0.029168 -0.002366 "Gaia EDR3 5516044300893198720" 0.3118 3.4 -2.322 0.335 2.484 0.333 19.861507 0.004918 20.476791 0.075731 19.100178 0.034521 1.376614 -0.362835 0.08322790278506362
124.70746770931 -47.77750053322 -0.000997 -0.005527 "Gaia EDR3 5516044262241171584" 0.1962 3.276 -1.942 0.21 2.638 0.213 19.214104 0.0038 19.803743 0.04643 18.363995 0.015989 1.439749 0.279359 0.04910593671848649
124.7546911392 -47.79179553933 0.030729 -0.019831 "Gaia EDR3 5516043373180401536" 0.7863 3.979 -2.483 0.795 3.109 0.844 20.613075 0.007962 22.896162 0.970166 19.809101 0.057742 3.087061 -0.479281 0.9718828150142382
124.72481680057 -47.78524533806 0.01066 -0.013273 "Gaia EDR3 5516043613710080512" 0.0808 3.415 -2.273 0.087 2.549 0.087 17.71253 0.003009 18.336124 0.010907 16.980907 0.008065 1.355217 0.601154 0.013564913342885756
124.67257812432 -47.80629584211 -0.02443 -0.034328 "Gaia EDR3 5516038352366069888" 0.2677 4.221 -2.816 0.287 3.145 0.288 19.687952 0.00442 20.263052 0.065479 18.946865 0.032276 1.316187 -0.320232 0.07300164119388002
124.70418409252 -47.76667240861 -0.003205 0.005301 "Gaia EDR3 5516044262241206656" 0.3704 3.456 -1.923 0.37 2.872 0.353 19.956095 0.00558 20.74474 0.08084 19.168818 0.033279 1.575922 0.356738 0.08742195056734893
