RA_ICRS DE_ICRS _x _y EDR3Name e_Plx PM pmRA e_pmRA pmDE e_pmDE Gmag e_Gmag BPmag e_BPmag RPmag e_RPmag BP-RP Plx_corr e_BP-RP
295.02163739921 26.25946200369 -0.019135 -0.003434 "Gaia EDR3 2021998623651052928" 0.0135 5.245 -2.373 0.01 -4.678 0.014 13.614081 0.002791 15.21983 0.003325 12.407014 0.003885 2.812816 0.178928 0.005113594626092295
295.06075306923 26.24809665093 0.015946 -0.0148 "Gaia EDR3 2021997936456193920" 0.1029 5.205 -2.32 0.082 -4.659 0.104 18.039427 0.00295 18.90559 0.01293 17.060095 0.007371 1.845495 0.147922 0.01488343176152597
295.0481886442 26.24223113151 0.004677 -0.020666 "Gaia EDR3 2021997897752305280" 0.1406 5.21 -2.231 0.114 -4.709 0.141 18.693586 0.003078 19.668217 0.029039 17.722202 0.011982 1.946014 0.114413 0.03141387981450238
295.05692054384 26.28288688751 0.012505 0.01999 "Gaia EDR3 2021998383132839936" 0.0523 5.149 -2.352 0.042 -4.581 0.052 16.887058 0.002833 18.465786 0.009512 15.686358 0.004153 2.779428 0.051152 0.010379092108657673
295.04348492819 26.26202803248 0.000458 -0.000869 "Gaia EDR3 2021998005132065280" 0.1724 5.09 -2.272 0.136 -4.555 0.173 18.91927 0.003148 19.693228 0.028596 18.002018 0.013938 1.69121 0.16360400000000003 0.03181193266684689
295.04681064763 26.26751691686 0.00344 0.00462 "Gaia EDR3 2021998005133214080" 0.579 5.26 -2.253 0.451 -4.753 0.569 20.386358 0.005831 "" "" "" "" "" 0.10163 ""
295.0315741066 26.24725427921 -0.010225 -0.015643 "Gaia EDR3 2021997867693139072" 0.1322 5.159 -2.428 0.101 -4.552 0.131 18.073374 0.003479 18.574543 0.028182 16.478151 0.011195 2.096392 0.053258 0.030324134760945774
295.01889224018 26.2402906064 -0.0216 -0.022605 "Gaia EDR3 2021997833377050112" 0.0486 5.129 -2.218 0.04 -4.624 0.05 16.146381 0.002829 17.634672 0.005891 14.904813 0.00405 2.729859 0.064092 0.007148872708336609
295.0433374864 26.26630608989 0.000326 0.003409 "Gaia EDR3 2021998005175724160" 0.0248 5.114 -2.392 0.02 -4.52 0.027 15.222578 0.002789 17.006363 0.004376 13.955523 0.003845 3.050839 0.08273900000000001 0.005825238278388275
295.04478703724 26.26308315577 0.001626 0.000186 "Gaia EDR3 2021998005132060288" 0.2496 5.192 -2.238 0.186 -4.685 0.234 19.244783 0.003507 20.276035 0.078067 18.01974 0.051083 2.256296 0.016228 0.09329485183009831
295.04066301181 26.27283345348 -0.002072 0.009936 "Gaia EDR3 2021998761089982592" 0.0564 5.063 -2.332 0.043 -4.494 0.058 16.965485 0.002817 18.36619 0.008144 15.821591 0.004228 2.544599 0.118089 0.009176095030022303
295.04478772257 26.27477123272 0.001626 0.011874 "Gaia EDR3 2021998761046368640" 0.3606 5.145 -2.43 0.283 -4.535 0.339 19.864004 0.004229 21.001854 0.062585 19.087744 0.03172 1.91411 0.051585 0.07016438288049001
295.02809679917 26.28565552419 -0.013339 0.022759 "Gaia EDR3 2021998829809593088" 0.4916 5.107 -2.402 0.401 -4.507 0.507 20.178974 0.00508 21.09551 0.167564 19.22163 0.079172 1.87388 0.20423000000000002 0.1853264678344677
295.02470608433 26.24244036678 -0.016385 -0.020456 "Gaia EDR3 2021997867693172352" 0.2651 5.106 -2.186 0.217 -4.614 0.264 19.538303 0.003723 20.756472 0.047092 18.636301 0.02017 2.120171 0.172373 0.05122973125051507
295.0459034689 26.2772798228 0.002627 0.014382 "Gaia EDR3 2021998756745971328" 0.1163 5.142 -2.188 0.094 -4.653 0.114 18.31547 0.003013 18.990883 0.014514 17.407543 0.009118 1.58334 0.20676899999999998 0.017140423565361506
295.04951320039 26.26502870654 0.005864 0.002131 "Gaia EDR3 2021998005175711488" 0.0532 5.153 -2.176 0.041 -4.671 0.053 16.913706 0.002813 18.16034 0.007884 15.839602 0.004343 2.320738 0.07763700000000001 0.00900106132631036
295.04576995676 26.26990179029 0.002507 0.007004 "Gaia EDR3 2021998005132088832" 0.2688 5.333 -2.255 0.198 -4.833 0.275 19.409515 0.003771 "" "" "" "" "" 0.104527 ""
295.04816056071 26.26269587529 0.004651 -0.000201 "Gaia EDR3 2021998005175709824" 0.1117 5.157 -2.163 0.088 -4.682 0.108 18.242384 0.003031 18.956266 0.016131 17.164337 0.011542 1.791929 0.08621799999999999 0.019834992437608844
295.06789245722 26.28053447468 0.022343 0.017639 "Gaia EDR3 2021998417448810368" 0.1407 5.046 -2.24 0.118 -4.522 0.139 18.682957 0.003179 19.456617 0.018197 17.727896 0.008915 1.728722 0.220603 0.020263465498280397
295.04964487217 26.27107819308 0.005982 0.008181 "Gaia EDR3 2021998005175718144" 0.0616 5.031 -2.285 0.049 -4.482 0.063 17.16472 0.002839 18.54718 0.010462 16.010551 0.004955 2.536629 0.090377 0.011576073125200965
295.04467103568 26.25439270241 0.001522 -0.008505 "Gaia EDR3 2021997970772272256" 0.2072 5.083 -2.191 0.174 -4.586 0.245 18.817125 0.003761 "" "" "" "" "" 0.231909 ""
295.02135520929 26.24631728111 -0.01939 -0.016579 "Gaia EDR3 2021997867736792960" 0.0355 5.113 -2.153 0.029 -4.637 0.037 16.20104 0.002788 17.364136 0.005541 15.1386 0.004134 2.225535 0.19654 0.006913221897205383
295.0455773152 26.26011193066 0.002335 -0.002785 "Gaia EDR3 2021998005132036096" 0.2944 5.059 -2.392 0.239 -4.458 0.302 19.711824 0.003967 20.829504 0.061682 18.907068 0.020699 1.922436 0.154076 0.06506241407294998
295.0463897904 26.26978472603 0.003063 0.006887 "Gaia EDR3 2021998000841283456" 0.0817 5.112 -2.446 0.065 -4.489 0.083 17.724127 0.002908 18.854374 0.01734 16.625149 0.00679 2.229225 0.07253 0.018622021909556436
295.0255914894 26.26517836992 -0.015588 0.002282 "Gaia EDR3 2021998726686762112" 0.3717 5.262 -2.435 0.286 -4.665 0.357 19.888536 0.00497 20.446375 0.067977 18.482996 0.030157 1.963379 0.338922 0.0743661023450873
295.06564506161 26.2894591721 0.020326 0.026564 "Gaia EDR3 2021998417448877824" 0.2639 5.256 -2.416 0.203 -4.667 0.247 19.499157 0.003723 20.755585 0.058768 18.505922 0.017834 2.249662 0.34996499999999997 0.06141440694169407
295.05253003299 26.24939887796 0.00857 -0.013498 "Gaia EDR3 2021997902096473216" 0.0496 5.06 -2.321 0.041 -4.496 0.05 16.842854 0.00281 18.33838 0.008681 15.656031 0.004241 2.68235 0.021024 0.009661565194108043
295.06252337847 26.27719219808 0.017529 0.014296 "Gaia EDR3 2021998383132821888" 0.6733 5.155 -2.316 0.506 -4.605 0.761 20.17756 0.005602 "" "" "" "" "" -0.06465 ""
295.04697388505 26.27641145323 0.003586 0.013514 "Gaia EDR3 2021998761046357632" 0.105 5.01 -2.321 0.082 -4.44 0.105 18.002884 0.0031 19.153133 0.025555 16.714693 0.010366 2.43844 0.160908 0.02757738169224918
295.04497401211 26.25572698466 0.001794 -0.00717 "Gaia EDR3 2021997970815969920" 0.0885 5.09 -2.408 0.071 -4.484 0.095 17.850014 0.002964 19.088827 0.016522 16.687988 0.006147 2.400839 0.012172000000000002 0.017628445563917423
295.03615107425 26.26799068269 -0.006118 0.005093 "Gaia EDR3 2021998726686675200" 0.2382 5.243 -2.286 0.184 -4.719 0.227 19.35128 0.003553 20.224619 0.060992 18.412308 0.018922 1.812311 -0.078153 0.06385973808277012
295.04014232167 26.26848598231 -0.002539 0.005589 "Gaia EDR3 2021998000841282816" 0.0929 5.011 -2.343 0.074 -4.429 0.094 17.92448 0.002947 19.179205 0.014508 16.808762 0.006315 2.370443 0.14313199999999998 0.01582280913744459
295.03668020843 26.25181931486 -0.005645 -0.011078 "Gaia EDR3 2021997966471836800" 0.0919 5.056 -2.402 0.075 -4.449 0.094 17.975798 0.002949 19.334068 0.016883 16.869427 0.006215 2.464642 0.058818 0.017990606271051566
295.02575088069 26.2715387864 -0.015444 0.008642 "Gaia EDR3 2021998722386196992" 0.0854 4.995 -2.249 0.069 -4.46 0.087 17.78308 0.002891 19.046583 0.013352 16.671751 0.005534 2.374832 0.208075 0.014453409978271563
295.0394431317 26.29389398367 -0.003166 0.030997 "Gaia EDR3 2021999207766611968" 0.0274 4.993 -2.199 0.022 -4.483 0.03 15.164485 0.002929 16.635399 0.031003 13.787501 0.008534 2.847898 0.134413 0.032156106185295505
295.03561056014 26.23979574475 -0.006605 -0.023102 "Gaia EDR3 2021997798975304960" 0.2836 5.423 -2.453 0.228 -4.836 0.276 19.556622 0.003728 20.963814 0.065873 18.484013 0.017899 2.479801 0.005854999999999999 0.06826145566862751
295.04737890411 26.25397515163 0.00395 -0.008922 "Gaia EDR3 2021997902096486016" 0.0572 5.016 -2.368 0.047 -4.421 0.058 17.116022 0.002829 18.463587 0.013812 15.927444 0.007288 2.536142 0.079075 0.015616859095221421
295.03045706522 26.25775820932 -0.011225 -0.005139 "Gaia EDR3 2021997970816002560" 0.0622 4.999 -2.301 0.051 -4.438 0.064 17.282959 0.002851 18.72094 0.011535 16.120703 0.005417 2.600237 0.041416 0.012743630330482755
295.05337157997 26.26298607306 0.009324 8.9e-05 "Gaia EDR3 2021998005131979008" 0.2596 5.322 -2.191 0.2 -4.851 0.252 19.49925 0.003777 20.227716 0.249688 18.503057 0.0691 1.724659 0.23226 0.25907316986519463
295.04678623166 26.28009681889 0.003418 0.017199 "Gaia EDR3 2021999139003501184" 0.3304 5.482 -2.429 0.263 -4.915 0.326 19.706577 0.004022 "" "" "" "" "" 0.099966 ""
295.0748607382 26.25818494375 0.028596 -0.004709 "Gaia EDR3 2021998103918739840" 0.0889 4.973 -2.316 0.071 -4.401 0.089 17.846746 0.002899 19.343063 0.020102 16.686316 0.005131 2.656748 0.117338 0.020746507296410158
295.05191507332 26.2616371482 0.008018 -0.00126 "Gaia EDR3 2021998005131983744" 0.1173 5.059 -2.188 0.092 -4.561 0.119 18.28805 0.003008 19.60638 0.027514 17.126669 0.007264 2.479712 0.328163 0.028456737198772456
295.04590918612 26.26859827024 0.002632 0.005701 "Gaia EDR3 2021998005132080256" 0.0851 5.156 -2.211 0.067 -4.658 0.085 17.792189 0.002893 19.075653 0.014203 16.700686 0.00555 2.374968 -0.091727 0.015248859268810897
295.04754970386 26.27222990529 0.004103 0.009333 "Gaia EDR3 2021998000831727360" 0.1251 5.076 -2.348 0.099 -4.5 0.124 18.339035 0.003001 19.40235 0.035271 17.176283 0.011822 2.226067 -0.093255 0.037199504364977765
295.02669686241 26.26476363412 -0.014597 0.001867 "Gaia EDR3 2021998726686749184" 0.217 5.056 -2.415 0.175 -4.442 0.211 19.281168 0.00349 20.109278 0.029123 18.419117 0.016884 1.690161 -0.055941000000000005 0.03366331215136146
295.04985935166 26.26991921795 0.006174 0.007022 "Gaia EDR3 2021998005132051968" 0.4653 4.937 -2.143 0.383 -4.448 0.436 20.232065 0.005476 21.250513 0.181491 19.489742 0.306083 1.760771 0.112935 0.35584517134562893
295.05817309483 26.27989383535 0.013628 0.016997 "Gaia EDR3 2021998383141906944" 0.1294 5.315 -2.515 0.101 -4.682 0.125 18.404383 0.003042 19.142336 0.013219 17.487745 0.013321 1.654591 0.396289 0.018766752569371183
295.01783621803 26.25254558172 -0.022545 -0.01035 "Gaia EDR3 2021998623651159680" 0.112 5.113 -2.537 0.09 -4.439 0.115 18.054325 0.002991 19.225014 0.024061 16.813345 0.008897 2.411669 0.035198 0.02565323234993984
295.03330604246 26.25501755803 -0.008671 -0.00788 "Gaia EDR3 2021997970815991936" 0.1041 5.001 -2.44 0.083 -4.365 0.108 18.112606 0.002961 19.422009 0.023796 16.973135 0.006387 2.448873 0.19648100000000002 0.024638250445191922
295.01692935265 26.28329479416 -0.023352 0.0204 "Gaia EDR3 2021998795406394880" 0.3513 5.147 -2.39 0.273 -4.558 0.327 19.88182 0.004337 20.773594 0.075704 18.827936 0.026798 1.945658 0.43477699999999997 0.08030708823011826
295.02226770672 26.25788736653 -0.01857 -0.005009 "Gaia EDR3 2021998623607535872" 0.3384 5.303 -2.453 0.277 -4.702 0.334 19.457886 0.004827 20.128366 0.051391 18.121603 0.026072 2.006763 0.422628 0.0576262445852582
295.03470384618 26.25494255142 -0.007417 -0.007955 "Gaia EDR3 2021997970772369280" 0.0945 5.023 -2.476 0.074 -4.37 0.102 17.955042 0.002934 19.301369 0.020009 16.850336 0.006635 2.451033 0.158351 0.021080400992391012
295.02805113045 26.25182361547 -0.013384 -0.011073 "Gaia EDR3 2021997867736784128" 0.3533 5.079 -2.149 0.273 -4.602 0.35 19.902939 0.004212 20.890419 0.059979 19.088675 0.026681 1.801745 0.377805 0.06564568684993706
295.02009813483 26.23867410499 -0.020519 -0.024222 "Gaia EDR3 2021997829032812032" 0.0795 4.978 -2.404 0.064 -4.359 0.085 17.68774 0.002915 19.174335 0.014339 16.523888 0.005239 2.650448 0.073962 0.015266107624407735
295.01088705816 26.26453584685 -0.028774 0.001642 "Gaia EDR3 2021998692370553984" 0.0926 5.451 -2.367 0.074 -4.91 0.101 17.74791 0.002928 18.465929 0.021519 16.846281 0.01121 1.619648 0.34823 0.024263789089917512
295.03979300772 26.23657304067 -0.002853 -0.026324 "Gaia EDR3 2021997798973528320" 0.1258 5.447 -2.243 0.1 -4.964 0.126 18.397713 0.003022 19.22144 0.020624 17.24407 0.012487 1.977369 0.204494 0.024109635936695517
295.06017415246 26.25183428001 0.015426 -0.011062 "Gaia EDR3 2021997936412395520" 0.3281 5.104 -2.376 0.265 -4.517 0.319 19.819983 0.00393 20.85736 0.065489 18.91763 0.024551 1.939732 0.42843200000000004 0.06993969346515612
295.04246576209 26.25533597987 -0.000456 -0.007561 "Gaia EDR3 2021997970773990656" 1.0019 4.9 -2.211 0.79 -4.373 1.209 20.790228 0.008946 21.74268 0.248741 20.004513 0.102607 1.738167 0.245753 0.2690730040899681
295.05554507921 26.26379284662 0.011273 0.000896 "Gaia EDR3 2021998000841284096" 0.1998 5.354 -2.23 0.156 -4.867 0.193 19.070547 0.003321 20.499165 0.04773 17.865501 0.010436 2.633663 0.37034 0.04885757869563329
295.04482207755 26.27365890825 0.001657 0.010761 "Gaia EDR3 2021998761046363392" 0.3382 5.453 -2.236 0.229 -4.974 0.303 19.603563 0.004074 "" "" "" "" "" 0.202896 ""
295.02341061581 26.24483027329 -0.017547 -0.018066 "Gaia EDR3 2021997867693200000" 0.1524 4.967 -2.22 0.119 -4.443 0.15 18.775124 0.003159 19.416033 0.033156 17.82408 0.018337 1.591953 0.354788 0.03788886254560831
295.04673569139 26.26559418547 0.003373 0.002697 "Gaia EDR3 2021998005132056576" 0.1091 5.075 -2.266 0.088 -4.541 0.109 17.897558 0.003007 19.181293 0.020022 16.765865 0.006402 2.415428 -0.163327 0.021020611028226558
295.03898400825 26.25636130649 -0.003578 -0.006536 "Gaia EDR3 2021997970773437184" 0.5575 4.883 -2.244 0.476 -4.337 0.598 20.388268 0.00601 20.900215 0.120254 18.781555 0.030614 2.11866 0.10299 0.12408965110757626
295.04202040363 26.26983573054 -0.000855 0.006938 "Gaia EDR3 2021998005132120448" 0.5838 5.369 -2.415 0.32 -4.796 0.6 19.914865 0.005229 "" "" "" "" "" -0.185031 ""
295.05186346804 26.27133403711 0.007971 0.008437 "Gaia EDR3 2021998005175714176" 0.0738 5.531 -2.632 0.06 -4.865 0.075 17.15962 0.00289 18.456598 0.010925 15.996417 0.004602 2.460181 0.226539 0.01185470493095463
295.03168414116 26.2671514717 -0.010124 0.004254 "Gaia EDR3 2021998722386167040" 0.2181 5.376 -2.396 0.173 -4.813 0.209 19.250227 0.003502 20.477379 0.03939 18.309736 0.016736 2.167643 -0.179369 0.04279796485815651
295.04659274364 26.25133596138 0.003245 -0.011561 "Gaia EDR3 2021997902096653184" 0.3676 4.943 -2.372 0.298 -4.337 0.353 19.987629 0.00447 20.845198 0.054678 18.897057 0.028122 1.948141 -0.001059000000000001 0.0614860192889408
295.05047782861 26.2710558132 0.006729 0.008159 "Gaia EDR3 2021998005132053888" 0.1916 5.215 -2.352 0.15 -4.654 0.19 19.045366 0.003335 19.965488 0.077431 18.060184 0.038889 1.905304 0.488772 0.08664822030486258
295.04646847564 26.25626048038 0.003134 -0.006637 "Gaia EDR3 2021997966479647360" 0.0973 4.894 -2.31 0.079 -4.315 0.1 18.039623 0.002976 19.347475 0.018115 16.905788 0.006203 2.441687 0.24469999999999997 0.019147596037100846
295.02241826219 26.24860500729 -0.018436 -0.014291 "Gaia EDR3 2021997867736914432" 0.2225 5.438 -2.252 0.178 -4.95 0.219 19.240625 0.003424 20.64671 0.049156 18.196758 0.015396 2.449951 -0.064915 0.05151067027325504
295.06851757088 26.26831824329 0.022906 0.005423 "Gaia EDR3 2021998314369532288" 0.2338 5.546 -2.646 0.194 -4.874 0.362 18.800688 0.003421 "" "" "" "" "" 0.232323 ""
295.05179268246 26.26393664432 0.007908 0.001039 "Gaia EDR3 2021998005131998976" 0.3673 5.331 -2.688 0.281 -4.604 0.352 19.865927 0.004282 21.069487 0.068367 19.004694 0.02749 2.064793 0.296216 0.07368681557103686
295.05057864883 26.26882241273 0.006819 0.005925 "Gaia EDR3 2021998005132039808" 0.4395 5.162 -2.326 0.34 -4.608 0.419 20.120699 0.005026 20.910786 0.172013 18.722433 0.109584 2.188353 -0.241278 0.20395373304992484
295.04403420143 26.26046785413 0.000951 -0.00243 "Gaia EDR3 2021997970815977728" 0.0789 5.014 -2.308 0.064 -4.451 0.083 17.70974 0.002894 18.982742 0.012738 16.562143 0.005694 2.420599 -0.180388 0.013952715864662334
295.02715211587 26.25023311783 -0.01419 -0.012663 "Gaia EDR3 2021997867693196416" 0.3189 5.03 -2.527 0.257 -4.35 0.305 19.671656 0.003885 20.777843 0.056274 18.56028 0.017313 2.217564 -0.024974 0.05887701627120722
295.03072009866 26.29005255397 -0.010986 0.027156 "Gaia EDR3 2021998829766605952" 0.7109 5.498 -2.484 0.56 -4.905 0.707 20.422718 0.006309 21.175713 0.101347 19.173931 0.053282 2.001781 -0.12970399999999999 0.11449972023109926
295.03940934011 26.2530832541 -0.003197 -0.009814 "Gaia EDR3 2021997966471948800" 0.1071 4.864 -2.225 0.087 -4.325 0.114 18.199343 0.003168 19.360943 0.028063 16.910902 0.015314 2.450041 0.0004180000000000017 0.0319695255673274
295.05999796185 26.25043458379 0.015268 -0.012462 "Gaia EDR3 2021997936412388224" 0.3527 5.43 -2.257 0.284 -4.939 0.34 19.926342 0.004329 20.694773 0.13808 18.770338 0.056709 1.924435 -0.12684299999999998 0.14927155482877508
295.07061242054 26.28293465013 0.024781 0.02004 "Gaia EDR3 2021998417449737088" 0.541 5.272 -2.365 0.433 -4.712 0.514 20.330019 0.005387 21.366333 0.093909 19.22926 0.03215 2.137074 0.550268 0.09925987497977216
295.06910012724 26.27412998121 0.023427 0.011235 "Gaia EDR3 2021998314413331584" 0.1129 5.58 -2.689 0.092 -4.889 0.115 18.304605 0.002998 19.130524 0.017664 17.329298 0.011503 1.801226 0.141992 0.02107927667165076
295.0276393485 26.26054495091 -0.013752 -0.002352 "Gaia EDR3 2021998726730256768" 0.0778 4.843 -2.064 0.062 -4.381 0.083 17.573566 0.002885 19.063766 0.017366 16.382109 0.005509 2.681658 0.106575 0.01821886486584716
295.06240100015 26.26411341304 0.017421 0.001217 "Gaia EDR3 2021997932112163968" 0.1179 4.823 -2.224 0.096 -4.279 0.118 18.388227 0.003017 19.792099 0.028734 17.19951 0.012238 2.592588 0.085979 0.031231576969471136
295.04223189857 26.2538842404 -0.000666 -0.009013 "Gaia EDR3 2021997970825047808" 0.2934 5.069 -2.481 0.235 -4.42 0.289 19.620483 0.004087 20.511555 0.047115 18.195822 0.007693 2.315733 0.441518 0.047738930381817306
295.01082393526 26.26261597011 -0.028831 -0.000278 "Gaia EDR3 2021998692327136768" 0.4622 5.311 -2.326 0.377 -4.774 0.48 20.133512 0.004781 21.070328 0.214553 19.34639 0.094088 1.723938 0.538022 0.23427663467149257
295.03857283361 26.29242694275 -0.003946 0.02953 "Gaia EDR3 2021999207723142016" 0.0959 5.526 -2.355 0.08 -4.999 0.096 17.998472 0.002935 18.76562 0.011605 17.156034 0.006714 1.609585 0.382748 0.013407230176289212
295.06224512136 26.25032935777 0.017284 -0.012567 "Gaia EDR3 2021997936456193664" 0.0289 4.8 -2.166 0.024 -4.284 0.03 14.862293 0.003026 17.31073 0.012977 13.465169 0.005006 3.845561 0.17310999999999999 0.013909082104869465
295.07581037934 26.26873255854 0.029445 0.005839 "Gaia EDR3 2021998314413310848" 0.0453 5.622 -2.441 0.036 -5.065 0.047 16.648384 0.002804 17.60942 0.005983 15.648649 0.004111 1.960772 0.24692799999999998 0.007259243073489136
295.03057484072 26.25108331813 -0.01112 -0.011814 "Gaia EDR3 2021997867693168000" 0.2085 4.918 -2.332 0.164 -4.33 0.206 19.13451 0.003395 20.244646 0.05305 18.15855 0.014438 2.086096 0.399256 0.05497961753231828
295.05566352852 26.24196381766 0.011382 -0.020933 "Gaia EDR3 2021997902052640640" 0.0768 5.564 -2.725 0.063 -4.851 0.079 17.696821 0.00287 18.925148 0.021065 16.600304 0.008176 2.324844 0.26772 0.02259604392366062
295.0143893801 26.26683209233 -0.025633 0.003937 "Gaia EDR3 2021998692327129472" 0.2704 5.523 -2.578 0.214 -4.885 0.258 19.30856 0.003661 19.943995 0.028543 18.192558 0.020667 1.751436 -0.16957 0.03523957630278775
295.03436395825 26.25055785694 -0.007722 -0.012339 "Gaia EDR3 2021997970825099520" 0.434 5.585 -2.284 0.365 -5.097 0.443 20.150236 0.004899 21.21787 0.082087 19.139275 0.032346 2.078596 0.140959 0.08823003618383027
295.03894274328 26.23188874202 -0.003616 -0.031009 "Gaia EDR3 2021997798973513088" 0.1374 4.941 -2.441 0.115 -4.295 0.14 18.50046 0.003137 "" "" "" "" "" 0.365481 ""
295.05345029497 26.25966909405 0.009395 -0.003228 "Gaia EDR3 2021997936412485120" 0.476 5.267 -2.344 0.367 -4.716 0.443 20.238304 0.005236 21.201584 0.08307 19.179241 0.036116 2.022343 -0.299061 0.0905814018217868
295.02113798311 26.28329802242 -0.019579 0.020402 "Gaia EDR3 2021998829809509248" 0.6469 4.987 -2.116 0.508 -4.516 0.603 20.374365 0.006384 "" "" 18.690853 0.222778 "" 0.499572 ""
295.02746674016 26.24584496858 -0.013909 -0.017052 "Gaia EDR3 2021997867694786304" 0.3122 5.563 -2.54 0.249 -4.949 0.295 19.670885 0.00406 20.872572 0.070631 18.799456 0.019213 2.073116 -0.150103 0.0731975240701487
295.04587039561 26.24862868265 0.002598 -0.014269 "Gaia EDR3 2021997897752340096" 0.0677 5.633 -2.532 0.054 -5.032 0.073 17.48876 0.002853 18.241112 0.007437 16.633692 0.004777 1.60742 0.31947800000000004 0.008839043952826572
295.04017391285 26.26392424236 -0.002511 0.001027 "Gaia EDR3 2021997970772370176" 0.2267 5.044 -2.223 0.2 -4.528 0.212 18.855465 0.00385 19.425112 0.060743 17.441778 0.023902 1.983334 0.5428590000000001 0.06527647089878558
295.04359153769 26.27525469971 0.000554 0.012357 "Gaia EDR3 2021998761046381952" 0.35 5.352 -2.429 0.267 -4.77 0.338 19.871452 0.004359 20.860466 0.059141 18.95009 0.028924 1.910376 0.571105 0.06583506403885395
295.06416152692 26.25413263252 0.019002 -0.008763 "Gaia EDR3 2021997936412369536" 0.2397 5.492 -2.283 0.192 -4.995 0.233 19.441753 0.003719 20.011707 0.136241 18.5063 0.033361 1.505407 0.43018399999999996 0.1402660557725924
295.05194235689 26.28811091317 0.008041 0.025214 "Gaia EDR3 2021999134703210624" 0.1389 5.673 -2.515 0.113 -5.085 0.134 18.556904 0.003103 19.316496 0.019659 17.734722 0.009182 1.581774 0.083475 0.021697589843113912
295.04675218718 26.26223642356 0.003388 -0.000661 "Gaia EDR3 2021998000841283584" 0.0844 5.019 -2.535 0.066 -4.332 0.083 17.662415 0.002885 19.016563 0.013745 16.51063 0.005067 2.505934 -0.10482399999999999 0.01464921547387436
295.06155207258 26.24184726782 0.016663 -0.021049 "Gaia EDR3 2021997695894152704" 0.3003 4.995 -2.411 0.229 -4.375 0.296 19.649738 0.003886 20.728443 0.054177 18.731333 0.019163 1.99711 0.49536600000000003 0.057466232676242145
295.0202087737 26.24634245708 -0.020418 -0.016553 "Gaia EDR3 2021997867695026560" 0.8631 4.784 -2.267 0.707 -4.213 1.224 20.643589 0.007706 21.154137 0.205813 19.713535 0.063634 1.440601 0.260591 0.21542580375850987
295.02998132309 26.26531316498 -0.011651 0.002416 "Gaia EDR3 2021998726686721920" 0.3807 5.69 -2.489 0.303 -5.117 0.361 20.01651 0.004687 21.122208 0.073848 19.175915 0.026699 1.946293 0.165386 0.07852619757125644
295.02886587071 26.23773986563 -0.012655 -0.025157 "Gaia EDR3 2021997867693109376" 0.1458 4.94 -2.227 0.12 -4.409 0.146 18.715967 0.003145 19.708803 0.028584 17.695076 0.018132 2.013727 -0.256984 0.03384988153598177
295.06182959657 26.29008873375 0.016905 0.027193 "Gaia EDR3 2021999173363160192" 0.4771 4.749 -2.214 0.387 -4.201 0.447 20.228573 0.005283 21.23754 0.115589 19.25283 0.033241 1.984709 0.08266899999999999 0.12027377520473863
295.06008498096 26.28167226145 0.015342 0.018776 "Gaia EDR3 2021998378798406784" 0.3155 5.473 -2.493 0.257 -4.873 0.297 19.754726 0.00408 20.801641 0.055491 18.770891 0.021638 2.03075 0.547702 0.05956050809890728
295.01829376098 26.25871994689 -0.022133 -0.004175 "Gaia EDR3 2021998623607575424" 0.7584 5.179 -2.17 0.549 -4.703 1.037 20.524595 0.006573 "" "" "" "" "" 0.607977 ""
295.03017550828 26.27324825522 -0.011476 0.010351 "Gaia EDR3 2021998722393894784" 0.1203 5.717 -2.623 0.099 -5.08 0.12 18.38625 0.003003 19.075438 0.01253 17.50524 0.007076 1.570198 0.137405 0.014389950521110209
295.04869716254 26.2627906322 0.005132 -0.000107 "Gaia EDR3 2021998005132022912" 0.3046 5.675 -2.483 0.216 -5.103 0.288 19.553816 0.003955 "" "" "" "" "" -0.055279999999999996 ""
295.06835294578 26.25448915936 0.022761 -0.008406 "Gaia EDR3 2021997936456185984" 0.1668 5.702 -2.653 0.135 -5.047 0.164 18.869217 0.003214 20.25212 0.035094 17.76037 0.012802 2.491749 -0.034753 0.037356124531326855
295.0421064907 26.28409357207 -0.000778 0.021196 "Gaia EDR3 2021999139003577344" 0.2781 4.759 -2.205 0.223 -4.218 0.27 19.460339 0.003691 20.369478 0.134137 18.666353 0.03645 1.703125 -0.081283 0.13900121319254738
295.04244691104 26.26857199501 -0.000473 0.005675 "Gaia EDR3 2021998005132114048" 0.4259 5.066 -2.64 0.344 -4.323 0.423 20.138865 0.004817 21.10554 0.085807 19.138641 0.038927 1.966898 0.40801200000000004 0.09422394906816418
295.01004084966 26.26245576909 -0.029534 -0.000438 "Gaia EDR3 2021998688026405376" 0.1044 5.721 -2.577 0.082 -5.107 0.111 18.140633 0.00296 18.970652 0.014189 17.147274 0.007122 1.823378 0.285456 0.015876101694055754
295.04497873927 26.26537189794 0.001798 0.002474 "Gaia EDR3 2021998005132068096" 0.5077 4.805 -2.421 0.383 -4.15 0.504 20.208223 0.0055 20.486864 0.295993 19.304401 0.120719 1.182463 0.204689 0.3196637811983084
295.03527637446 26.25676742492 -0.006903 -0.00613 "Gaia EDR3 2021997970773115648" 0.4641 4.977 -2.609 0.368 -4.238 0.456 20.196127 0.00506 21.219124 0.099809 19.30411 0.044639 1.915014 0.317575 0.1093365300437141
295.07589459832 26.2759340475 0.029519 0.01304 "Gaia EDR3 2021998348729245696" 0.3832 4.871 -2.128 0.305 -4.382 0.359 19.917572 0.004489 20.817204 0.071921 18.931435 0.023082 1.885769 -0.243877 0.07553415760435804
295.0330413058 26.2746965453 -0.008907 0.011799 "Gaia EDR3 2021998761046484608" 0.4251 5.304 -2.392 0.318 -4.734 0.413 19.998219 0.005157 20.378515 0.179049 18.288887 0.028895 2.089628 -0.384623 0.18136555744131796
295.02654456667 26.25820265093 -0.014734 -0.004694 "Gaia EDR3 2021998726686712832" 0.3704 5.717 -2.609 0.601 -5.088 0.315 19.241976 0.004622 "" "" "" "" "" -0.077932 ""
295.05122809411 26.26329181995 0.007402 0.000395 "Gaia EDR3 2021998005133202560" 0.7115 5.507 -2.396 0.522 -4.958 0.865 20.516235 0.006536 "" "" "" "" "" 0.6034430000000001 ""
295.01307664613 26.27290241583 -0.026809 0.010008 "Gaia EDR3 2021998791105682048" 0.1988 5.761 -2.614 0.16 -5.133 0.19 19.062187 0.003425 19.92078 0.031759 18.156967 0.0117 1.763813 0.047998 0.03384559175136402
295.03075453144 26.27181748921 -0.010957 0.008921 "Gaia EDR3 2021998722386224768" 0.0914 5.74 -2.66 0.075 -5.086 0.09 17.952993 0.002934 18.570234 0.012308 17.139597 0.010317 1.430637 0.287906 0.01606011684266338
295.06270660584 26.26559426734 0.017695 0.002698 "Gaia EDR3 2021998310069313280" 0.2247 4.807 -2.44 0.174 -4.142 0.22 19.210405 0.003477 20.23932 0.034725 18.164114 0.012894 2.075207 0.28603300000000004 0.03704160985972397
295.03902042793 26.26710334978 -0.003545 0.004206 "Gaia EDR3 2021998005132133376" 0.2684 5.686 -2.511 0.2 -5.102 0.243 19.483831 0.003697 20.433249 0.070074 18.41096 0.02028 2.022289 -0.166501 0.07294959818943487
295.03669309235 26.26570049066 -0.005633 0.002803 "Gaia EDR3 2021998726730242816" 0.0503 5.09 -2.571 0.04 -4.393 0.05 13.149973 0.002765 13.488193 0.00284 12.616676 0.003796 0.871517 0.579636 0.004740803307457503
295.06320712995 26.26274345425 0.018144 -0.000153 "Gaia EDR3 2021997936465294080" 0.4635 5.669 -2.587 0.409 -5.045 0.47 20.069519 0.006704 20.267128 0.181798 18.372635 0.03843 1.894493 -0.194269 0.18581543989668886
295.02753690276 26.26914868638 -0.013843 0.006252 "Gaia EDR3 2021998726686767488" 0.3364 4.85 -2.436 0.277 -4.194 0.312 19.674221 0.004338 20.372814 0.074551 18.545145 0.02938 1.827669 0.44390100000000005 0.08013136714795274
295.04695436172 26.28712961495 0.003569 0.024232 "Gaia EDR3 2021999139003547648" 0.1585 4.679 -2.267 0.132 -4.093 0.159 18.72184 0.003256 19.660686 0.051058 17.58243 0.032109 2.078257 0.102175 0.06031506648425416
295.03713493803 26.2765117501 -0.005236 0.013614 "Gaia EDR3 2021998761047117056" 0.6596 4.683 -2.045 0.469 -4.212 0.605 20.443283 0.006307 21.358866 0.127337 19.746605 0.069884 1.612261 0.34213899999999997 0.14525317561072462
295.06111696832 26.27841421211 0.016268 0.015518 "Gaia EDR3 2021998383089115520" 0.4016 5.255 -2.468 0.306 -4.639 0.374 20.03798 0.004454 20.852478 0.072555 19.04383 0.029637 1.808647 -0.437503 0.07837461192248418
295.05376960402 26.29055864855 0.009679 0.027662 "Gaia EDR3 2021999139003495936" 0.24 5.419 -2.489 0.187 -4.814 0.234 19.327353 0.003558 20.303741 0.045774 18.378302 0.017271 1.92544 -0.42331199999999997 0.04892388493363952
295.01438529843 26.28009456312 -0.025634 0.0172 "Gaia EDR3 2021998795406401024" 0.5014 5.02 -2.239 0.387 -4.493 0.49 20.18588 0.005135 21.14369 0.075937 19.203968 0.024954 1.939722 0.7040770000000001 0.07993203416027894
295.04788197485 26.26736367479 0.004401 0.004466 "Gaia EDR3 2021998005132055808" 0.2474 4.844 -2.229 0.194 -4.301 0.234 19.394775 0.003647 20.10381 0.062413 18.413677 0.042401 1.690132 -0.31979199999999997 0.07545347818358011
295.04150523783 26.28258649374 -0.001317 0.019689 "Gaia EDR3 2021998761046450816" 0.2316 4.833 -2.501 0.184 -4.135 0.222 19.18255 0.00355 19.95632 0.121128 18.162506 0.033161 1.793814 0.360747 0.12558520734943268
295.04027910712 26.29225849273 -0.002416 0.029361 "Gaia EDR3 2021999207766608640" 0.3716 5.435 -2.487 0.289 -4.833 0.419 19.862144 0.004524 "" "" "" "" "" -0.4164 ""
295.03401806307 26.25928255709 -0.008032 -0.003615 "Gaia EDR3 2021997970772396928" 0.3852 5.302 -2.236 0.31 -4.807 0.372 20.037374 0.004503 21.185404 0.100487 19.186068 0.029485 1.999336 0.711078 0.10472345675157978
295.03546898854 26.28869697957 -0.006729 0.0258 "Gaia EDR3 2021998829766026368" 0.3276 5.385 -2.23 0.259 -4.902 0.321 19.695438 0.003994 20.72978 0.059499 18.800663 0.032287 1.929117 -0.40735899999999997 0.06769476619355443
295.05505505099 26.26522998891 0.010834 0.002333 "Gaia EDR3 2021998005131976064" 0.5077 5.822 -2.54 0.404 -5.239 0.499 20.238298 0.005404 21.24646 0.102527 19.261595 0.038059 1.984865 0.041214 0.10936303401972715
295.03590142945 26.25074342505 -0.006343 -0.012154 "Gaia EDR3 2021997966471836928" 0.1556 4.888 -2.176 0.123 -4.377 0.164 18.19867 0.003099 19.511372 0.019276 17.001352 0.007398 2.510019 -0.38089999999999996 0.020646902431115426
295.04994737028 26.26901984529 0.006253 0.006123 "Gaia EDR3 2021998005132046720" 0.5486 5.536 -2.584 0.573 -4.896 0.533 20.058079 0.005826 "" "" "" "" "" 0.673066 ""
295.05285823868 26.2633911388 0.008864 0.000494 "Gaia EDR3 2021998005131985792" 0.2502 5.481 -2.3 0.191 -4.975 0.253 19.371517 0.003526 19.967718 0.047724 18.46768 0.033395 1.500038 0.674401 0.058247799967037384
295.04336743145 26.2374622018 0.000353 -0.025435 "Gaia EDR3 2021997799017435776" 0.4581 4.718 -2.412 0.354 -4.055 0.482 20.19197 0.005152 21.184912 0.105276 19.122433 0.040543 2.062479 -0.028748000000000003 0.11281299138397137
295.05108783892 26.27590411762 0.007275 0.013007 "Gaia EDR3 2021998383141910656" 0.6189 4.803 -2.155 0.481 -4.292 0.613 20.38822 0.00598 21.5913 0.205385 19.431524 0.082922 2.159775 -0.349565 0.22149279064791252
295.05574062154 26.26663462726 0.011448 0.003738 "Gaia EDR3 2021998005175699456" 0.0336 4.63 -2.277 0.027 -4.031 0.035 16.11514 0.002787 17.464455 0.008984 14.947563 0.004275 2.516891 0.08010600000000001 0.009949265349763267
295.05010536671 26.27350120796 0.006395 0.010604 "Gaia EDR3 2021998000831702272" 0.2538 4.634 -2.192 0.192 -4.083 0.242 19.377443 0.00375 20.279634 0.041446 18.319038 0.018806 1.960596 -0.08957100000000001 0.04551303716519037
295.06518897545 26.26180649878 0.019922 -0.001089 "Gaia EDR3 2021998310069284736" 0.1276 5.482 -2.347 0.103 -4.954 0.128 18.54023 0.00309 19.476992 0.021605 17.654465 0.008582 1.822527 0.70695 0.023247080440347772
295.0355410068 26.28799418691 -0.006664 0.025097 "Gaia EDR3 2021998829767007744" 0.8199 5.508 -2.374 0.643 -4.97 0.883 20.559938 0.00675 "" "" "" "" "" 0.7250019999999999 ""
295.03760393986 26.27886964806 -0.004815 0.015972 "Gaia EDR3 2021998761089997312" 0.1385 5.201 -2.194 0.108 -4.716 0.138 17.868746 0.003367 18.654385 0.013708 16.508732 0.007583 2.145653 -0.48226099999999994 0.015665604137727978
295.05654109167 26.26659257954 0.012166 0.003696 "Gaia EDR3 2021998005175699328" 0.411 5.837 -2.495 0.321 -5.277 0.4 19.99851 0.004673 20.576395 0.097579 18.589458 0.069901 1.986937 -0.10503599999999999 0.12003254159601887
295.03339734436 26.25615334709 -0.008589 -0.006744 "Gaia EDR3 2021997970772386048" 0.2847 4.557 -2.11 0.229 -4.039 0.279 19.590683 0.003783 20.620049 0.065058 18.779932 0.018897 1.840116 0.03946 0.06774688164779247
