RA_ICRS DE_ICRS _x _y EDR3Name e_Plx PM pmRA e_pmRA pmDE e_pmDE Gmag e_Gmag BPmag e_BPmag RPmag e_RPmag BP-RP Plx_corr e_BP-RP
297.77495429518 32.23560658436 0.012598 -0.007121 "Gaia EDR3 2033896262839818112" 0.0832 4.869 -2.618 0.078 -4.106 0.093 17.74609 0.002943 18.907263 0.011354 16.71193 0.00559 2.195333 0.068781 0.012655489559870847
297.75975490412 32.2355934411 -0.000259 -0.007135 "Gaia EDR3 2033896232818461696" 0.0502 4.891 -2.623 0.045 -4.129 0.054 16.831915 0.002829 17.962713 0.007853 15.769543 0.004904 2.19317 0.151111 0.009258446143927178
297.73223405965 32.23036875637 -0.023539 -0.012356 "Gaia EDR3 2033899149057823616" 0.1259 4.835 -2.576 0.115 -4.091 0.139 18.4977 0.00309 19.290386 0.02229 17.669895 0.010678 1.620491 0.1329 0.024715658680277974
297.75145925932 32.25462767398 -0.007274 0.0119 "Gaia EDR3 2033899286505766272" 0.0886 4.85 -2.58 0.079 -4.107 0.1 17.920452 0.002965 18.981876 0.013494 16.878546 0.007523 2.103331 0.15740600000000002 0.01544938720467579
297.75097263735 32.24402592466 -0.007686 0.001298 "Gaia EDR3 2033899183418849792" 0.1604 4.848 -2.548 0.145 -4.125 0.178 18.859858 0.003339 19.568546 0.032421 17.984941 0.017853 1.583605 0.125391 0.037011496186995736
297.74458596665 32.24100385245 -0.013089 -0.001723 "Gaia EDR3 2033899187755984128" 0.0635 4.809 -2.539 0.057 -4.084 0.072 17.339937 0.002874 18.478336 0.010635 16.306843 0.004919 2.171493 0.068249 0.0117174991359078
297.75966379793 32.25693400809 -0.000335 0.014206 "Gaia EDR3 2033899290810193152" 0.1048 4.934 -2.607 0.093 -4.189 0.117 18.146055 0.003016 19.37333 0.021742 17.092064 0.006028 2.281265 0.047281000000000004 0.02256216629670121
297.76818578494 32.24535790946 0.006872 0.00263 "Gaia EDR3 2033896335897672960" 0.0862 4.79 -2.539 0.077 -4.062 0.092 17.818687 0.002954 18.964651 0.014988 16.777594 0.006612 2.187057 0.111817 0.01638165705904015
297.7423642179 32.24690617488 -0.014967 0.004179 "Gaia EDR3 2033899187731077120" 0.1258 4.88 -2.596 0.113 -4.133 0.139 18.43254 0.003149 19.123861 0.036528 17.604465 0.020164 1.519396 -0.033099 0.04172387422088222
297.7488081543 32.23713520106 -0.009518 -0.005593 "Gaia EDR3 2033896232818476160" 0.0739 4.772 -2.516 0.066 -4.055 0.087 17.561802 0.002894 18.637281 0.011105 16.571383 0.005809 2.065899 0.158301 0.012532577787510437
297.75556336444 32.2178602344 -0.003805 -0.024868 "Gaia EDR3 2033896129739236096" 0.0429 4.795 -2.652 0.039 -3.994 0.046 16.558142 0.002819 17.765537 0.006766 15.477468 0.004088 2.28807 0.10373 0.007905093294832136
297.75298827553 32.2215399985 -0.005983 -0.021188 "Gaia EDR3 2033896159760563584" 0.1678 4.98 -2.702 0.153 -4.183 0.194 18.938429 0.003413 19.697573 0.024869 18.199286 0.016497 1.498287 0.015376999999999998 0.029843226534676172
297.76167743176 32.24629692417 0.001368 0.003569 "Gaia EDR3 2033896335897681920" 0.0482 4.733 -2.545 0.044 -3.991 0.051 16.730103 0.002829 17.942429 0.008543 15.656612 0.004563 2.285816 0.087159 0.009685237116353941
297.75955205468 32.23217994582 -0.00043 -0.010548 "Gaia EDR3 2033896232793321088" 0.2306 4.875 -2.658 0.202 -4.087 0.258 19.06202 0.004197 "" "" "" "" "" -0.051772 ""
297.75409965797 32.24309949939 -0.005042 0.000371 "Gaia EDR3 2033896335872662016" 0.1858 4.813 -2.627 0.169 -4.033 0.206 19.037874 0.003543 19.74791 0.04023 18.051144 0.023517 1.696766 0.213539 0.046599379706172055
297.75129739107 32.23467330355 -0.007412 -0.008055 "Gaia EDR3 2033896232818470400" 0.0217 4.903 -2.489 0.02 -4.224 0.024 15.10525 0.002822 16.63288 0.004184 13.916806 0.003969 2.716073 0.10717299999999999 0.005767045777519023
297.76017493652 32.24261684892 9.7e-05 -0.000111 "Gaia EDR3 2033896335872602368" 0.1309 5.023 -2.691 0.12 -4.242 0.149 17.500954 0.003151 18.355179 0.011941 16.40721 0.005248 1.947969 0.022405 0.01304335022147301
297.74515713564 32.2725448092 -0.012601 0.029817 "Gaia EDR3 2033899359533837184" 0.5579 4.752 -2.628 0.51 -3.959 0.599 20.300058 0.005934 21.186869 0.068044 19.488733 0.043904 1.698135 0.033979 0.0809786833185129
297.74812566766 32.23579349963 -0.010095 -0.006934 "Gaia EDR3 2033896228480082304" 0.094 4.973 -2.689 0.082 -4.183 0.109 17.98835 0.003012 19.103857 0.014258 16.989613 0.006345 2.114244 0.236842 0.01560607538748932
297.75648014486 32.24073368835 -0.003028 -0.001995 "Gaia EDR3 2033896335872623744" 0.1315 5.022 -2.728 0.12 -4.216 0.152 18.489948 0.003168 19.158733 0.0276 17.573025 0.013077 1.585709 0.184691 0.030541249630622515
297.75888227061 32.2575874831 -0.000996 0.014859 "Gaia EDR3 2033899290810204416" 0.2895 4.957 -2.515 0.253 -4.271 0.327 19.636784 0.004222 20.352114 0.138664 18.876968 0.065922 1.475145 0.041971 0.15353636370580098
297.75945700336 32.2405210514 -0.00051 -0.002207 "Gaia EDR3 2033896331561251200" 0.0605 4.722 -2.449 0.054 -4.038 0.068 17.17031 0.002856 18.21778 0.011147 16.165201 0.005388 2.052578 0.032020999999999994 0.0123808785229482
297.75382660538 32.23878848054 -0.005273 -0.00394 "Gaia EDR3 2033896232793426688" 0.2282 4.789 -2.509 0.199 -4.078 0.246 19.390577 0.003945 20.300728 0.055197 18.509289 0.017923 1.791439 0.246392 0.0580339791673809
297.76425604037 32.24785436483 0.003548 0.005126 "Gaia EDR3 2033896335872598144" 0.1505 4.728 -2.618 0.135 -3.936 0.171 18.760853 0.003338 19.478891 0.028463 17.809736 0.017198 1.669155 0.16058 0.03325527887418778
297.76056330924 32.24589237073 0.000425 0.003164 "Gaia EDR3 2033896335872618112" 0.0811 4.738 -2.404 0.074 -4.082 0.087 17.727417 0.002906 18.812439 0.018818 16.673725 0.0063 2.138714 0.09290599999999999 0.01984457417028645
297.76046381578 32.23728585833 0.000341 -0.005442 "Gaia EDR3 2033896335897676672" 0.1363 5.056 -2.624 0.121 -4.322 0.16 18.172997 0.003415 18.719574 0.04881 16.803139 0.01391 1.916435 0.11421100000000001 0.05075336639081195
297.76671153369 32.23625974514 0.005626 -0.006468 "Gaia EDR3 2033896267153014272" 0.1251 4.991 -2.718 0.115 -4.187 0.146 18.46051 0.003096 19.154757 0.016576 17.539057 0.015949 1.6157 0.255629 0.023002921053640126
297.74943683544 32.24707393728 -0.008985 0.004346 "Gaia EDR3 2033899290835198080" 0.0889 4.767 -2.627 0.082 -3.978 0.099 17.897434 0.002964 19.027555 0.01321 16.883858 0.006368 2.143698 -0.071924 0.014664771529076066
297.75386690785 32.23615695297 -0.005239 -0.006571 "Gaia EDR3 2033896232793404416" 0.5213 4.933 -2.509 0.496 -4.248 0.572 20.16412 0.007803 "" "" "" "" "" 0.242678 ""
297.77670107813 32.2287517721 0.014077 -0.013975 "Gaia EDR3 2033896262841084032" 0.0703 5.034 -2.584 0.064 -4.321 0.077 17.539589 0.002898 18.442324 0.010895 16.621489 0.006957 1.820835 0.170379 0.012926750326358129
297.78547151962 32.24909373652 0.021491 0.006368 "Gaia EDR3 2033896297199600000" 0.1006 4.711 -2.397 0.094 -4.055 0.116 18.120222 0.003023 19.371222 0.023037 17.06615 0.005301 2.305071 0.10084499999999999 0.023639034878776246
297.78571235449 32.24025310276 0.021697 -0.002473 "Gaia EDR3 2033896301537912192" 0.0847 4.88 -2.579 0.075 -4.142 0.098 17.509237 0.00309 "" "" "" "" "" 0.344668 ""
297.72586557568 32.24148285974 -0.028922 -0.001241 "Gaia EDR3 2033899222090926720" 0.2218 4.797 -2.391 0.19 -4.159 0.308 19.015274 0.003772 "" "" "" "" "" 0.145764 ""
297.75408287326 32.21716256983 -0.005057 -0.025566 "Gaia EDR3 2033896129714061696" 0.3665 4.686 -2.548 0.329 -3.933 0.394 19.862999 0.004864 20.70883 0.061035 18.873049 0.028496 1.835781 0.224735 0.06735943319981248
297.75732685403 32.24679044249 -0.002312 0.004062 "Gaia EDR3 2033896335872654592" 0.1378 4.765 -2.713 0.123 -3.917 0.153 18.580383 0.003235 19.280304 0.016765 17.720816 0.014933 1.559488 0.0013120000000000007 0.022451274217736506
297.75598450709 32.24401238746 -0.003447 0.001284 "Gaia EDR3 2033896335897688192" 0.3627 4.965 -2.631 0.324 -4.211 0.389 19.876585 0.005111 20.432045 0.071791 18.776539 0.05055 1.655506 0.312254 0.08780233585161615
297.79424229028 32.22934555052 0.028915 -0.013378 "Gaia EDR3 2033896091041110272" 0.1387 4.679 -2.379 0.132 -4.029 0.165 18.664454 0.003212 19.570034 0.028054 17.6593 0.011145 1.910734 0.018766 0.030186717956743825
297.76070496517 32.2598474661 0.000545 0.017119 "Gaia EDR3 2033899325169939840" 0.3422 4.739 -2.712 0.304 -3.887 0.371 19.868998 0.004629 20.883173 0.07688 18.84545 0.023526 2.037723 0.144866 0.08039904897447482
297.78343637449 32.2248746114 0.019775 -0.017851 "Gaia EDR3 2033896061019736704" 0.0575 5.098 -2.654 0.052 -4.353 0.062 17.129322 0.002857 18.316648 0.013595 16.04755 0.004659 2.269098 0.18797999999999998 0.014371162305116451
297.75305790132 32.23869752966 -0.005923 -0.004031 "Gaia EDR3 2033896232797593600" 0.6218 4.851 -2.608 0.528 -4.09 0.657 20.444475 0.007276 21.589388 0.07112 19.580832 0.014039 2.008556 0.369339 0.0724923990567287
297.7764863234 32.23029959696 0.013895 -0.012428 "Gaia EDR3 2033896267155036160" 0.3949 4.945 -2.536 0.365 -4.246 0.437 20.071749 0.005167 20.918291 0.100581 19.242474 0.04184 1.675817 0.315095 0.10893632617726742
297.76213534426 32.24278776381 0.001755 6e-05 "Gaia EDR3 2033896335872585856" 0.1457 4.851 -2.508 0.131 -4.153 0.162 18.656021 0.003211 19.333662 0.055141 17.804365 0.016234 1.529297 0.330486 0.05748106329044375
297.75043747489 32.25900324882 -0.008138 0.016275 "Gaia EDR3 2033899286498070528" 0.1445 4.865 -2.736 0.124 -4.023 0.168 18.67099 0.003748 19.250895 0.02068 17.58916 0.012454 1.661734 0.307132 0.024140516067391767
297.78062747713 32.22333579645 0.017399 -0.019391 "Gaia EDR3 2033896056681357824" 0.1011 4.62 -2.533 0.09 -3.864 0.112 18.07285 0.00298 19.23873 0.020186 17.024254 0.005613 2.214476 0.019665000000000002 0.020951858270807387
297.75985101418 32.25028598467 -0.000177 0.007558 "Gaia EDR3 2033896335872651392" 0.0992 4.62 -2.538 0.09 -3.86 0.11 18.098763 0.002991 18.619194 0.016928 17.324825 0.013628 1.294369 0.16161799999999998 0.021731994110067303
297.75627270639 32.24244487192 -0.003204 -0.000283 "Gaia EDR3 2033896335897687552" 0.0671 5.075 -2.879 0.061 -4.179 0.073 17.157604 0.002911 18.306488 0.00837 16.060509 0.005338 2.245979 0.146815 0.009927292883762422
297.76647908365 32.23759320658 0.005429 -0.005135 "Gaia EDR3 2033896335872500608" 0.3268 4.905 -2.403 0.285 -4.276 0.369 19.819843 0.004711 20.365534 0.053065 18.895632 0.048105 1.469902 0.209243 0.07162391534955347
297.75396131824 32.26081881281 -0.005158 0.018091 "Gaia EDR3 2033899290810271360" 0.2381 4.692 -2.685 0.207 -3.848 0.255 19.335125 0.003759 20.24065 0.036106 18.464285 0.015793 1.776365 0.16225 0.03940890870095238
297.76371572531 32.23980702893 0.003092 -0.002921 "Gaia EDR3 2033896335872547840" 0.2296 4.664 -2.658 0.202 -3.832 0.259 19.341166 0.003848 20.083689 0.033261 18.522717 0.024918 1.560972 0.140511 0.04155960592931555
297.76100651084 32.24370154174 0.0008 0.000973 "Gaia EDR3 2033896335872601088" 0.1585 5.062 -2.786 0.145 -4.226 0.176 18.802917 0.003342 19.381508 0.042536 17.862679 0.022803 1.518829 -0.122218 0.048262698898839045
297.74691011288 32.25048472185 -0.011122 0.007757 "Gaia EDR3 2033899290810273792" 0.1945 4.576 -2.489 0.171 -3.84 0.225 19.126846 0.003527 19.844513 0.03041 18.346653 0.015118 1.49786 0.051059 0.03396059516557388
297.78008114186 32.23504200555 0.016935 -0.007685 "Gaia EDR3 2033896267152897920" 0.4242 5.099 -2.662 0.407 -4.349 0.449 19.826366 0.006255 20.695547 0.066745 18.85715 0.028097 1.838398 -0.101684 0.07241779086660956
297.73822470158 32.21864487045 -0.018474 -0.024082 "Gaia EDR3 2033896198433707392" 0.1947 4.955 -2.769 0.176 -4.11 0.205 19.133718 0.003533 19.900688 0.043209 18.289646 0.019881 1.611042 0.34386700000000003 0.047563345571984314
297.75251742692 32.25001478465 -0.006379 0.007287 "Gaia EDR3 2033899290810217216" 0.2134 4.789 -2.326 0.188 -4.186 0.235 19.167957 0.003601 19.63045 0.039696 18.197441 0.030108 1.433008 0.20525600000000002 0.04982232511635723
297.75252241441 32.24957449739 -0.006375 0.006846 "Gaia EDR3 2033899290810217344" 0.3131 5.019 -2.686 0.297 -4.239 0.317 19.664124 0.004859 "" "" "" "" "" -0.19142900000000002 ""
297.75327294454 32.27297869424 -0.005739 0.030251 "Gaia EDR3 2033899393889554048" 0.1197 5.184 -2.73 0.108 -4.407 0.132 18.372192 0.003117 19.786272 0.026763 17.254042 0.006646 2.53223 0.128011 0.027575849669593137
297.74027865638 32.25863705216 -0.016728 0.01591 "Gaia EDR3 2033899359529846912" 0.3343 5.106 -2.705 0.284 -4.331 0.369 19.848398 0.00545 20.506245 0.283457 18.767982 0.127932 1.738262 0.301436 0.3109894973676764
297.76083057919 32.22808209438 0.000651 -0.014646 "Gaia EDR3 2033896164073802624" 0.2507 4.607 -2.608 0.227 -3.798 0.277 19.491201 0.003817 20.166441 0.045503 18.664696 0.035162 1.501745 0.081689 0.05750555845307478
297.76545903779 32.25797175232 0.004565 0.015244 "Gaia EDR3 2033896370257426176" 0.082 4.692 -2.288 0.074 -4.096 0.091 17.799267 0.002909 19.115559 0.014731 16.705717 0.006266 2.409842 0.08521000000000001 0.016008282762370235
297.76932230111 32.23150648573 0.007835 -0.011221 "Gaia EDR3 2033896267152963840" 0.208 4.724 -2.684 0.189 -3.887 0.231 19.18262 0.00361 19.931767 0.041703 18.345327 0.019659 1.586439 -0.133544 0.046104408574451965
297.74846755591 32.24887450169 -0.009805 0.006147 "Gaia EDR3 2033899290835393536" 0.3479 5.169 -2.721 0.311 -4.395 0.386 19.83397 0.004377 20.898676 0.0639 18.855724 0.036573 2.042952 -0.041265 0.07362604382282129
297.73556747532 32.24692744075 -0.020715 0.004202 "Gaia EDR3 2033899187731130496" 0.1588 4.646 -2.298 0.145 -4.038 0.174 18.82922 0.003337 19.504143 0.029524 17.922949 0.016948 1.581194 0.166682 0.03404263914563617
297.74707793667 32.23840111395 -0.010981 -0.004326 "Gaia EDR3 2033896232793482496" 0.3157 4.85 -2.721 0.279 -4.014 0.355 19.78506 0.004566 20.770031 0.060106 18.981718 0.03017 1.788313 0.387372 0.06725295633650613
297.73299735193 32.21940005407 -0.022896 -0.023325 "Gaia EDR3 2033896198435600384" 0.351 4.59 -2.471 0.312 -3.868 0.353 19.825989 0.004759 20.43313 0.082609 19.075268 0.040188 1.357862 0.276062 0.09186578375543313
297.76863552694 32.23242343815 0.007254 -0.010305 "Gaia EDR3 2033896262841085312" 0.1 4.781 -2.728 0.094 -3.927 0.116 18.04898 0.003 18.68603 0.015953 17.126038 0.014306 1.559992 0.344814 0.02142801542373908
297.75032319007 32.22684009602 -0.008237 -0.015888 "Gaia EDR3 2033896232797571840" 0.5459 4.538 -2.48 0.474 -3.801 0.6 20.266752 0.005671 21.334059 0.103563 19.432844 0.060143 1.901215 0.015359999999999999 0.11976007439042445
297.75047783999 32.24724069988 -0.008105 0.004513 "Gaia EDR3 2033899290810221440" 0.1844 4.655 -2.7 0.167 -3.792 0.197 19.01817 0.003419 19.631464 0.036434 18.181269 0.028863 1.450195 -0.028012999999999996 0.04648127714467407
297.75428055689 32.23412241995 -0.004889 -0.008606 "Gaia EDR3 2033896232793388288" 0.2463 4.773 -2.527 0.19 -4.049 0.305 19.21124 0.00385 "" "" "" "" "" -0.257501 ""
297.76309159773 32.26498170476 0.002563 0.022253 "Gaia EDR3 2033899325169949440" 0.3466 4.687 -2.739 0.3 -3.804 0.372 19.965118 0.004722 20.923826 0.073514 19.165474 0.029159 1.758352 0.20966400000000002 0.07908574762243827
297.75087594327 32.24484190696 -0.007768 0.002114 "Gaia EDR3 2033899290810201600" 0.1226 4.553 -2.513 0.11 -3.796 0.14 18.473057 0.003091 19.3109 0.021458 17.626549 0.009239 1.684351 -0.044622999999999996 0.023362467442459928
297.75809405978 32.24486124513 -0.001663 0.002133 "Gaia EDR3 2033896331561250816" 0.0937 4.674 -2.742 0.086 -3.786 0.103 17.861534 0.003308 18.590649 0.038298 16.664719 0.010915 1.92593 0.04035999999999999 0.0398230338999931
297.76200375321 32.22086883422 0.001644 -0.021859 "Gaia EDR3 2033896164098970240" 0.0484 4.805 -2.267 0.044 -4.236 0.053 16.797258 0.002828 17.938519 0.007481 15.756439 0.004226 2.182079 0.142139 0.008592114815340866
297.76122596161 32.24249897702 0.000986 -0.000229 "Gaia EDR3 2033896335872591744" 0.1146 5.163 -2.642 0.102 -4.435 0.132 18.319067 0.003093 19.064425 0.025774 17.460709 0.00931 1.603716 -0.08902299999999999 0.02740392628803398
297.75947354401 32.26213518521 -0.000496 0.019407 "Gaia EDR3 2033899320856612992" 0.0924 4.542 -2.542 0.081 -3.764 0.103 17.91847 0.003747 18.652868 0.020224 17.133837 0.008666 1.519032 0.16286899999999999 0.022002493767752783
297.7486666991 32.22856294794 -0.009638 -0.014165 "Gaia EDR3 2033896232793408128" 0.165 4.559 -2.404 0.15 -3.873 0.184 18.879538 0.003437 19.411304 0.031442 18.160736 0.020849 1.250568 0.26565099999999997 0.03772638552790341
297.75671619539 32.229307415 -0.002829 -0.013421 "Gaia EDR3 2033896232818460160" 0.035 5.039 -2.976 0.033 -4.066 0.04 16.179176 0.00281 17.221138 0.008664 15.083176 0.00606 2.137962 0.100733 0.01057300789747175
297.74293359847 32.24514977656 -0.014485 0.002423 "Gaia EDR3 2033899183418412032" 0.2852 4.505 -2.371 0.248 -3.831 0.312 19.68958 0.004141 20.440731 0.055961 18.943132 0.030105 1.497599 0.090943 0.06354482312509807
297.75597508663 32.24065299695 -0.003456 -0.002075 "Gaia EDR3 2033896335897684480" 0.3385 4.838 -2.349 0.292 -4.229 0.396 19.868767 0.004676 "" "" "" "" "" 0.336082 ""
297.75717654212 32.22756909677 -0.00244 -0.015159 "Gaia EDR3 2033896164073838592" 0.1608 4.714 -2.244 0.15 -4.146 0.186 18.765959 0.003301 19.341005 0.029329 17.731537 0.02312 1.609468 0.16303099999999998 0.037346012384189026
297.75278466097 32.24874076132 -0.006153 0.006013 "Gaia EDR3 2033899290810206080" 0.3375 5.248 -2.781 0.309 -4.451 0.37 19.89719 0.004903 20.308813 0.114667 18.8316 0.046124 1.477213 0.051094 0.12359589097134258
297.7624140827 32.2136510977 0.001991 -0.029077 "Gaia EDR3 2033896164073712000" 0.2123 4.603 -2.314 0.188 -3.979 0.222 19.247965 0.003805 19.895899 0.035011 18.401516 0.018921 1.494383 -0.12312000000000001 0.03979666269927668
297.7610369862 32.23562331273 0.000826 -0.007105 "Gaia EDR3 2033896335872547328" 0.2295 4.821 -2.726 0.201 -3.976 0.249 19.310047 0.003851 20.092993 0.043533 18.567211 0.027229 1.525782 -0.257276 0.05134725435697609
297.76549513006 32.24083408704 0.004597 -0.001894 "Gaia EDR3 2033896335872533504" 0.3258 5.066 -2.42 0.285 -4.45 0.351 19.858622 0.004678 20.464544 0.071418 18.919157 0.030957 1.545387 0.156442 0.07783872155296488
297.7620275258 32.22483891064 0.001664 -0.017889 "Gaia EDR3 2033896164075833472" 0.3439 4.916 -2.812 0.317 -4.032 0.388 19.828382 0.004784 20.325712 0.125218 19.107328 0.095686 1.218384 -0.247848 0.15759237963810305
297.75163353252 32.23948524924 -0.007128 -0.003243 "Gaia EDR3 2033896232793449088" 0.1417 4.727 -2.823 0.129 -3.79 0.16 18.700619 0.003268 19.347916 0.030222 17.800577 0.012654 1.547338 -0.023125 0.0327642030270843
297.75447068142 32.24223333862 -0.004728 -0.000495 "Gaia EDR3 2033896335897688832" 0.1011 5.223 -2.986 0.091 -4.286 0.115 18.01599 0.003029 19.073336 0.016759 16.980057 0.006515 2.093279 0.128663 0.017980803819629423
297.77082631928 32.23631567967 0.009106 -0.006412 "Gaia EDR3 2033896267152976512" 0.1527 5.145 -2.727 0.14 -4.363 0.175 18.697674 0.003379 19.279713 0.019999 17.72303 0.012241 1.556683 -0.23373999999999998 0.023447858793501804
297.76101499448 32.24122232583 0.000807 -0.001506 "Gaia EDR3 2033896335872587008" 0.1993 5.272 -2.704 0.174 -4.526 0.242 18.95287 0.003488 "" "" "" "" "" 0.109245 ""
297.78278336691 32.24769377858 0.019218 0.004968 "Gaia EDR3 2033896301514780288" 0.526 5.045 -2.802 0.465 -4.196 0.578 20.600863 0.018064 "" "" "" "" "" 0.487831 ""
297.73183439877 32.25007878209 -0.023872 0.007354 "Gaia EDR3 2033899256475481600" 0.0607 5.276 -2.946 0.056 -4.377 0.064 17.219221 0.002862 18.274532 0.013896 16.158682 0.006724 2.11585 0.143697 0.015437324638680111
297.77074916114 32.24495279276 0.00904 0.002225 "Gaia EDR3 2033896335872508416" 0.3318 4.695 -2.552 0.293 -3.941 0.343 19.842657 0.004725 20.634089 0.059829 18.804243 0.031317 1.829845 -0.29595400000000005 0.06752972478842187
297.76644120003 32.23974856532 0.005397 -0.00298 "Gaia EDR3 2033896335872521088" 0.4311 5.018 -2.599 0.346 -4.292 0.554 19.967234 0.005195 "" "" "" "" "" -0.308239 ""
297.73888349964 32.22129114121 -0.017916 -0.021435 "Gaia EDR3 2033896198433718912" 0.2873 4.734 -2.348 0.259 -4.111 0.306 19.707123 0.00443 20.703821 0.088328 18.941814 0.032912 1.762007 -0.25910099999999997 0.09426046535000769
297.76182990416 32.24863656517 0.001496 0.005908 "Gaia EDR3 2033896335876828416" 0.4839 5.092 -2.963 0.408 -4.141 0.535 20.182684 0.005418 21.152517 0.11111 19.325392 0.048342 1.827125 0.351666 0.1211708754775668
297.75564172357 32.25193901785 -0.003737 0.009211 "Gaia EDR3 2033899290810200192" 0.3257 4.967 -2.394 0.281 -4.352 0.351 19.862757 0.004425 20.684065 0.082272 19.12388 0.066824 1.560185 -0.21527 0.10599117397217563
297.76477454777 32.24396600249 0.003987 0.001238 "Gaia EDR3 2033896335872570624" 0.214 4.914 -2.335 0.184 -4.324 0.222 19.190859 0.003705 19.954063 0.034059 18.262657 0.02204 1.691406 -0.18928599999999998 0.04056817818191988
297.75884678408 32.23515291174 -0.001027 -0.007575 "Gaia EDR3 2033896232793347584" 0.1603 5.183 -2.493 0.142 -4.544 0.174 18.888693 0.003462 19.401379 0.090324 17.7872 0.025022 1.614178 0.085547 0.09372579932974699
297.76141772648 32.23093045438 0.001148 -0.011798 "Gaia EDR3 2033896164073818240" 0.497 4.934 -2.835 0.428 -4.039 0.554 20.118576 0.005673 "" "" "" "" "" -0.277864 ""
297.75673370451 32.24930448302 -0.002814 0.006576 "Gaia EDR3 2033896335872675712" 0.3962 4.654 -2.284 0.348 -4.055 0.45 20.085783 0.005259 20.903671 0.069967 19.38552 0.038646 1.51815 -0.212334 0.07993055989419816
297.78117936078 32.22968684524 0.017865 -0.01304 "Gaia EDR3 2033896060994429568" 0.3996 4.537 -2.331 0.399 -3.892 0.376 19.64983 0.004693 20.112179 0.090244 18.44027 0.053275 1.671909 -0.183676 0.10479601691381214
297.75161200536 32.26208047729 -0.007144 0.019352 "Gaia EDR3 2033899286496872960" 0.2308 4.925 -2.769 0.201 -4.073 0.262 19.390467 0.003948 20.227116 0.050536 18.60067 0.017103 1.626446 0.505936 0.05335166262638869
297.76702164221 32.24744180162 0.005887 0.004714 "Gaia EDR3 2033896335872566016" 0.5065 5.316 -2.783 0.38 -4.53 1.591 19.417454 0.007205 "" "" "" "" "" -0.054122 ""
297.7605784304 32.22512910063 0.000438 -0.017599 "Gaia EDR3 2033896164098973056" 0.2795 5.291 -2.726 0.241 -4.534 0.365 19.434893 0.004132 "" "" "" "" "" 0.28226 ""
297.75720760748 32.24344352337 -0.002413 0.000715 "Gaia EDR3 2033896335872637696" 0.2311 5.122 -2.675 0.201 -4.368 0.256 19.283426 0.00389 "" "" "" "" "" 0.479531 ""
297.74499607534 32.25879510256 -0.012739 0.016068 "Gaia EDR3 2033899290839831552" 0.1726 4.501 -2.4 0.147 -3.808 0.195 18.903152 0.003395 19.749844 0.027899 18.108984 0.013601 1.64086 -0.21696300000000002 0.031037741573767895
297.7602384794 32.25071507888 0.000151 0.007987 "Gaia EDR3 2033896335897688448" 0.2285 5.045 -2.329 0.208 -4.475 0.258 19.292513 0.003644 "" "" "" "" "" 0.229856 ""
297.73368089073 32.22450205453 -0.022316 -0.018223 "Gaia EDR3 2033896198433787520" 0.1061 5.287 -2.64 0.099 -4.58 0.13 18.152267 0.005934 18.948648 0.032695 16.747608 0.017846 2.20104 -0.008219999999999998 0.03724839246195734
297.76538748665 32.23036743613 0.004506 -0.012361 "Gaia EDR3 2033896267152988416" 0.3348 4.534 -2.383 0.299 -3.856 0.365 19.87224 0.004714 20.662699 0.059367 19.011917 0.036733 1.650782 -0.248683 0.0698122766997324
297.75822399922 32.23664771509 -0.001553 -0.006081 "Gaia EDR3 2033896228481347328" 0.1671 4.735 -2.838 0.15 -3.79 0.181 18.693735 0.003238 19.49533 0.033837 17.620237 0.016151 1.875093 -0.181214 0.037493964447628106
297.73515629534 32.24625715458 -0.021063 0.003531 "Gaia EDR3 2033899187755998208" 0.1069 4.465 -2.189 0.097 -3.892 0.117 18.287184 0.003063 19.033216 0.015766 17.46148 0.008629 1.571737 0.034019 0.017972935124792498
297.76384102579 32.22146584656 0.003198 -0.021262 "Gaia EDR3 2033896164073739904" 0.2317 5.302 -2.643 0.21 -4.596 0.253 19.316057 0.003741 20.072954 0.032463 18.536833 0.019364 1.536121 0.072809 0.03779961461443754
297.78146230803 32.22401378018 0.018105 -0.018713 "Gaia EDR3 2033896060994401664" 0.2683 5.33 -2.778 0.239 -4.549 0.285 19.593409 0.004026 20.37951 0.053198 18.784729 0.038132 1.594782 -0.03829 0.06545285805830026
297.76462111618 32.23561651857 0.003858 -0.007112 "Gaia EDR3 2033896331559293952" 0.1555 4.995 -2.936 0.141 -4.042 0.17 18.77988 0.003364 19.802893 0.030104 17.88506 0.013403 1.917833 0.429952 0.03295286368435981
297.77655647767 32.23164070974 0.013954 -0.011086 "Gaia EDR3 2033896267157319168" 0.466 4.621 -2.43 0.434 -3.93 0.51 20.164577 0.005469 20.331678 0.41606 18.869568 0.167374 1.462111 0.515562 0.4484640224990183
297.74793041849 32.26340419605 -0.010257 0.020677 "Gaia EDR3 2033899355216353536" 0.0954 4.505 -2.501 0.084 -3.746 0.104 18.049925 0.003003 18.792015 0.012824 17.212732 0.008958 1.579283 0.393661 0.01564291341151002
297.75880669718 32.24218204562 -0.00106 -0.000546 "Gaia EDR3 2033896335872609664" 0.3114 4.469 -2.609 0.258 -3.629 0.379 19.420248 0.006676 "" "" "" "" "" 0.214974 ""
297.76756506204 32.2355110571 0.006348 -0.007217 "Gaia EDR3 2033896267178188544" 0.1791 5.003 -2.325 0.333 -4.43 0.134 17.3434 0.003938 "" "" "" "" "" 0.41456099999999996 ""
297.7655843296 32.24656561201 0.004672 0.003837 "Gaia EDR3 2033896331560567552" 0.2055 5.204 -3.032 0.178 -4.23 0.22 19.1176 0.003612 "" "" "" "" "" 0.35778499999999996 ""
297.74873165453 32.26490282911 -0.00958 0.022175 "Gaia EDR3 2033899355216357632" 0.2841 5.262 -2.657 0.254 -4.542 0.321 18.819925 0.004719 19.579306 0.027198 17.745716 0.015592 1.83359 0.391703 0.03135030570823832
297.77176545168 32.22264865039 0.009902 -0.020079 "Gaia EDR3 2033896164073685632" 0.4963 5.259 -2.681 0.415 -4.525 0.569 20.239492 0.005832 21.1867 0.092596 19.365759 0.03408 1.820942 0.42337400000000003 0.09866846312778972
297.77273723978 32.25902600649 0.01072 0.016298 "Gaia EDR3 2033896370234276096" 0.399 5.219 -2.803 0.366 -4.402 0.43 20.074509 0.005281 20.835526 0.102328 19.163225 0.041538 1.6723 -0.313946 0.11043742584830561
297.78289946843 32.2359178671 0.019319 -0.006808 "Gaia EDR3 2033896301512619520" 0.2451 5.411 -2.844 0.221 -4.603 0.282 19.460579 0.003901 20.414253 0.051261 18.525568 0.020204 1.888685 0.176491 0.05509892682257977
297.76672691922 32.26020823382 0.005637 0.01748 "Gaia EDR3 2033899325171783296" 0.3656 5.405 -2.927 0.319 -4.543 0.399 19.885418 0.006107 20.328768 0.056481 18.637693 0.035523 1.691074 0.267332 0.06672321102884662
297.73150246946 32.24302147747 -0.024154 0.000296 "Gaia EDR3 2033899187735103104" 0.8077 5.099 -2.881 0.778 -4.208 0.885 20.644478 0.00938 21.368895 0.134668 19.789852 0.105807 1.579042 0.591947 0.17126176302082144
297.77106285298 32.23984765517 0.009306 -0.00288 "Gaia EDR3 2033896267152992768" 0.2031 4.335 -2.427 0.174 -3.591 0.235 19.189522 0.003746 20.05391 0.035462 18.249926 0.013825 1.803984 -0.046560000000000004 0.03806158258664503
297.7545236328 32.24744534088 -0.004683 0.004717 "Gaia EDR3 2033899290810182912" 0.272 4.88 -2.389 0.239 -4.255 0.29 19.564053 0.004905 19.598892 0.08847 18.422234 0.049268 1.176659 -0.42563500000000004 0.10126340268823678
297.77209800586 32.23686601241 0.010182 -0.005862 "Gaia EDR3 2033896267152970240" 0.3391 4.438 -2.478 0.299 -3.682 0.37 19.811369 0.004467 20.392601 0.049976 18.869833 0.03156 1.522768 -0.2745 0.05910697231291753
297.74130042795 32.22112704058 -0.015871 -0.0216 "Gaia EDR3 2033896198433691776" 0.4764 4.286 -2.322 0.408 -3.603 0.481 19.815119 0.005462 "" "" "" "" "" 0.16921799999999998 ""
297.7811568989 32.2393281908 0.017844 -0.003398 "Gaia EDR3 2033896301517071872" 0.6687 5.242 -2.5 0.625 -4.607 0.819 20.50024 0.007288 21.129314 0.159213 19.635561 0.112775 1.493753 0.429917 0.19510761131744708
297.75277299934 32.21246569263 -0.006166 -0.030262 "Gaia EDR3 2033896129716097152" 0.3852 5.042 -2.513 0.351 -4.371 0.458 20.003633 0.004977 20.871157 0.073721 19.291946 0.052506 1.57921 0.639243 0.09050782218681432
297.75345441177 32.24467916052 -0.005587 0.001951 "Gaia EDR3 2033896335876821120" 0.7731 4.392 -2.483 0.668 -3.623 0.753 20.626625 0.007842 21.367579 0.163749 19.75491 0.086364 1.612669 -0.221601 0.18512826768756846
297.73625010502 32.24472639116 -0.020138 0.002 "Gaia EDR3 2033899187731113984" 0.1949 5.336 -2.682 0.17 -4.613 0.207 19.133146 0.003439 20.038626 0.033059 18.345196 0.013439 1.69343 -0.283717 0.035686190634473716
297.76912837483 32.2541810864 0.007669 0.011453 "Gaia EDR3 2033896365920990592" 0.1487 5.506 -3.015 0.131 -4.607 0.163 18.734818 0.003269 19.935516 0.039392 17.688547 0.009472 2.246969 0.048770999999999995 0.04051479295269816
297.7372481539 32.25472894296 -0.019292 0.012003 "Gaia EDR3 2033899256454599680" 0.4511 5.375 -2.885 0.39 -4.535 0.49 20.150879 0.005608 20.98726 0.073391 19.328623 0.036551 1.658638 -0.340522 0.08198911197226129
297.73698828644 32.22917985346 -0.019517 -0.013546 "Gaia EDR3 2033896198463375360" 0.7503 4.995 -2.406 0.631 -4.378 0.619 20.51737 0.006855 21.358078 0.11355 19.618872 0.061576 1.739206 -0.47988700000000006 0.12917122851471222
297.77929654844 32.21926062045 0.016274 -0.023466 "Gaia EDR3 2033896060994391680" 0.5912 5.051 -2.794 0.5 -4.209 0.629 20.39416 0.006691 "" "" "" "" "" 0.722569 ""
297.75572060448 32.22276435845 -0.003671 -0.019964 "Gaia EDR3 2033896159760567168" 0.2537 5.081 -2.849 0.226 -4.208 0.278 19.372566 0.004112 20.086624 0.034553 18.33624 0.015442 1.750383 0.70276 0.03784660054747322
297.74208710557 32.22782069609 -0.015204 -0.014906 "Gaia EDR3 2033896194121604992" 0.1056 4.207 -2.306 0.096 -3.519 0.117 18.199581 0.00304 19.40472 0.018566 17.127516 0.006473 2.277204 0.045475 0.019662046816137937
297.76549364085 32.25010710206 0.004595 0.007379 "Gaia EDR3 2033896335872599424" 0.2712 5.496 -2.703 0.235 -4.785 0.297 19.620596 0.004102 20.384518 0.124174 18.706905 0.024738 1.677612 0.07932399999999999 0.12661418135422273
297.77780281214 32.21775588409 0.01501 -0.024971 "Gaia EDR3 2033895957915182464" 0.186 4.279 -2.478 0.163 -3.488 0.198 19.03988 0.003522 19.977274 0.042011 18.107208 0.014611 1.870066 0.309537 0.04447926980066107
297.7500368221 32.25893953423 -0.008476 0.016212 "Gaia EDR3 2033899290810287104" 0.6637 4.239 -2.366 0.559 -3.518 0.893 20.358881 0.00691 "" "" "" "" "" 0.32167399999999996 ""
297.75191839374 32.23971930578 -0.006887 -0.003009 "Gaia EDR3 2033896232793448960" 1.0316 5.563 -2.988 0.869 -4.693 2.044 20.651733 0.010021 "" "" "" "" "" 0.10327 ""
297.77571037923 32.24688059088 0.013236 0.004153 "Gaia EDR3 2033896370236563584" 1.0022 5.448 -2.763 0.836 -4.696 0.948 20.71574 0.008808 21.875307 0.187771 19.742226 0.08142 2.133081 -0.23895400000000003 0.20466354057574593
297.76005285738 32.22271761306 -6e-06 -0.020011 "Gaia EDR3 2033896159761428864" 0.2641 5.423 -2.665 0.241 -4.723 0.284 19.47694 0.003967 20.147354 0.041402 18.616 0.023942 1.531355 0.44792899999999997 0.04782619541631971
297.73762777899 32.26484105729 -0.018969 0.022115 "Gaia EDR3 2033899359534176640" 0.4435 4.719 -2.361 0.422 -4.086 0.522 20.063332 0.00591 20.43402 0.134223 19.050117 0.104026 1.383902 0.763524 0.1698152596352872
297.77295648798 32.22130190693 0.01091 -0.021426 "Gaia EDR3 2033895957917387648" 0.4122 5.323 -2.624 0.389 -4.631 0.437 20.10179 0.005547 20.88675 0.271656 19.20139 0.082389 1.68536 0.5913670000000001 0.2838748485812014
297.75861703541 32.24317743929 -0.001221 0.000449 "Gaia EDR3 2033896335872609280" 0.2483 4.998 -2.48 0.219 -4.34 0.266 19.370098 0.003977 "" "" "" "" "" 0.7753019999999999 ""
297.75382147379 32.22582777463 -0.005278 -0.0169 "Gaia EDR3 2033896232795318912" 0.4094 4.736 -2.562 0.384 -3.983 0.457 20.087261 0.005235 20.922682 0.1215 19.284365 0.059799 1.638317 0.828775 0.13541850095537167
297.73897021038 32.24078746736 -0.017838 -0.001939 "Gaia EDR3 2033899187735098240" 0.5634 4.317 -2.54 0.456 -3.491 0.616 20.290705 0.005839 21.195118 0.101353 19.522053 0.050385 1.673065 -0.31332699999999997 0.11318603639142065
297.75589001079 32.24696154635 -0.003527 0.004233 "Gaia EDR3 2033896335897690880" 0.0407 5.437 -2.595 0.036 -4.778 0.049 16.315687 0.002829 "" "" "" "" "" 0.450186 ""
297.76716034707 32.25208154979 0.006004 0.009353 "Gaia EDR3 2033896370232335360" 0.2177 5.629 -2.913 0.189 -4.817 0.235 19.292028 0.003747 20.163218 0.045041 18.43554 0.019785 1.727678 0.260379 0.04919489715407483
297.73711541693 32.25001721054 -0.019405 0.007291 "Gaia EDR3 2033899187731134208" 0.6316 4.733 -2.489 0.578 -4.026 0.658 20.54449 0.007729 21.23569 0.104808 19.623926 0.060781 1.611763 0.890292 0.12115711627882202
297.77472157758 32.25234929927 0.012399 0.009622 "Gaia EDR3 2033896370232254976" 1.0316 5.534 -2.802 0.979 -4.772 0.84 20.702244 0.009105 21.479671 0.136925 20.062878 0.102357 1.416794 0.7203940000000001 0.17095441226830033
