RA_ICRS DE_ICRS _x _y EDR3Name e_Plx PM pmRA e_pmRA pmDE e_pmDE Gmag e_Gmag BPmag e_BPmag RPmag e_RPmag BP-RP Plx_corr e_BP-RP
160.35511246303 -55.28606856047 0.001631 0.003017 "Gaia EDR3 5353694983808499584" 0.0468 7.458 -6.712 0.051 3.252 0.042 16.592003 0.002813 17.659271 0.006016 15.576757 0.004106 2.082515 0.175291 0.007283645515811433
160.35253141423 -55.28970045138 0.000161 -0.000614 "Gaia EDR3 5353694983808492288" 0.1438 7.431 -6.663 0.154 3.29 0.125 18.615725 0.003122 19.293789 0.046558 17.701855 0.012529 1.591934 0.179501 0.04821434646451199
160.35317733174 -55.26922625491 0.000529 0.01986 "Gaia EDR3 5353695357449534848" 0.0798 7.468 -6.719 0.085 3.26 0.072 17.6495 0.002923 18.580633 0.015032 16.66166 0.007908 1.918974 0.131933 0.016985213804954002
160.35956647525 -55.28430196479 0.004168 0.004784 "Gaia EDR3 5353695361765627648" 0.1836 7.415 -6.661 0.203 3.259 0.156 18.946619 0.003399 19.681948 0.025692 18.121798 0.011985 1.56015 0.193277 0.028349939841206012
160.32450104696 -55.28476272355 -0.015802 0.00432 "Gaia EDR3 5353695155586110976" 0.1403 7.447 -6.709 0.145 3.231 0.125 18.516943 0.003219 19.30052 0.019077 17.547 0.01314 1.753519 0.190114 0.02316444536353072
160.33179442011 -55.30037483895 -0.011644 -0.01129 "Gaia EDR3 5353694949448723072" 0.0391 7.446 -6.665 0.041 3.321 0.035 16.275612 0.002798 17.254177 0.004296 15.289183 0.003982 1.964994 0.195972 0.005857639456299781
160.33691191882 -55.28248022722 -0.008734 0.006605 "Gaia EDR3 5353694983787481984" 0.2165 7.508 -6.74 0.217 3.308 0.175 19.13814 0.003657 19.985504 0.065426 18.29967 0.020282 1.685835 0.182821 0.06849759849804954
160.31098639854 -55.28909241346 -0.023496 -1.3e-05 "Gaia EDR3 5353695155586051712" 0.166 7.507 -6.731 0.169 3.325 0.143 18.721832 0.00334 19.471462 0.024061 17.912302 0.010578 1.55916 0.125743 0.026283565302294892
160.35609181341 -55.28471331567 0.002189 0.004373 "Gaia EDR3 5353694979487923200" 0.0391 7.413 -6.633 0.042 3.309 0.036 16.299294 0.002803 17.280312 0.006488 15.30488 0.004557 1.975431 0.174032 0.00792845464135351
160.33054634125 -55.30870529009 -0.012352 -0.019621 "Gaia EDR3 5353694846369494784" 0.0401 7.487 -6.696 0.042 3.35 0.036 16.26297 0.002801 17.371248 0.005218 15.231814 0.003984 2.139434 0.184389 0.0065650422694754984
160.35786019838 -55.29862903109 0.003195 -0.009543 "Gaia EDR3 5353694983787440128" 0.1441 7.413 -6.671 0.15 3.232 0.124 18.621458 0.003239 19.317583 0.026052 17.784544 0.011936 1.533039 0.09170400000000001 0.02865614768247819
160.39075652398 -55.27505863728 0.021936 0.014021 "Gaia EDR3 5353695323089798400" 0.1127 7.38 -6.641 0.123 3.219 0.103 18.234648 0.00302 18.977345 0.014785 17.38953 0.007421 1.587814 0.207677 0.016542897750998764
160.31614201053 -55.31283611138 -0.020548 -0.023755 "Gaia EDR3 5353695018168166528" 0.0452 7.438 -6.649 0.049 3.336 0.039 16.405691 0.00282 17.445932 0.00673 15.399565 0.004156 2.046368 0.227142 0.007909818961265802
160.33789352493 -55.28922342954 -0.008174 -0.000138 "Gaia EDR3 5353694983787435648" 0.2114 7.468 -6.671 0.221 3.356 0.182 19.105732 0.003577 19.836468 0.03039 18.286186 0.014085 1.550282 0.104374 0.0334953627387434
160.36560852132 -55.28809369134 0.007608 0.000992 "Gaia EDR3 5353695288729209344" 0.1451 7.509 -6.78 0.154 3.227 0.13 18.633133 0.003199 19.442907 0.025643 17.74801 0.012446 1.694897 0.166213 0.028503795624442718
160.35198245492 -55.2965795199 -0.000151 -0.007493 "Gaia EDR3 5353694949448741888" 0.0462 7.554 -6.79 0.05 3.31 0.042 16.63097 0.002806 17.744473 0.005744 15.591124 0.004259 2.153349 0.116063 0.007150707447518742
160.40162721431 -55.29835497625 0.028112 -0.009279 "Gaia EDR3 5353694537131917440" 0.1419 7.483 -6.705 0.147 3.322 0.123 18.53661 0.003251 19.224934 0.03345 17.743834 0.012829 1.4811 0.056394 0.03582576923109956
160.30304317733 -55.30308519242 -0.028009 -0.014009 "Gaia EDR3 5353695018146990464" 0.2569 7.568 -6.811 0.249 3.299 0.212 19.32328 0.005081 20.302217 0.063937 18.300753 0.019396 2.001465 0.13508299999999998 0.06681425585157706
160.34623066859 -55.28783482349 -0.003427 0.001251 "Gaia EDR3 5353694979492412416" 0.1144 7.488 -6.768 0.121 3.203 0.1 18.238123 0.003052 18.964035 0.016894 17.37641 0.00768 1.587625 0.226627 0.018557737900940403
160.35920943334 -55.29822403456 0.003963 -0.009138 "Gaia EDR3 5353694915067969792" 0.1891 7.457 -6.702 0.199 3.268 0.168 19.019588 0.0035 19.808714 0.038653 18.238356 0.031896 1.570358 0.037224 0.05011396237576909
160.34226428823 -55.28759429211 -0.005685 0.001491 "Gaia EDR3 5353694979487919872" 0.144 7.398 -6.658 0.152 3.225 0.125 18.603003 0.003366 19.256918 0.019387 17.620234 0.013143 1.636684 0.045032 0.023422088250196652
160.37042218599 -55.29574669748 0.010347 -0.006662 "Gaia EDR3 5353694915068025856" 0.2299 7.448 -6.733 0.247 3.183 0.197 19.310818 0.003843 20.171873 0.044569 18.51819 0.018216 1.653683 0.066498 0.04814788071140826
160.36397840957 -55.26735914281 0.006683 0.021726 "Gaia EDR3 5353695396125392384" 0.0468 7.52 -6.78 0.049 3.254 0.041 16.561756 0.002812 17.577301 0.007664 15.555961 0.004229 2.02134 0.06790500000000001 0.008753361468601648
160.34891937882 -55.28861372827 -0.001895 0.000472 "Gaia EDR3 5353694983808491776" 0.1011 7.407 -6.708 0.106 3.142 0.089 18.046394 0.003019 18.730803 0.02645 17.139664 0.013606 1.591139 0.159997 0.029744339562343625
160.33790859552 -55.28574873477 -0.008166 0.003336 "Gaia EDR3 5353694983787461504" 0.1578 7.511 -6.778 0.165 3.236 0.136 18.704065 0.003304 19.509064 0.023203 17.889597 0.011158 1.619467 0.050276 0.025746459426492025
160.34471274635 -55.30909959289 -0.004289 -0.020014 "Gaia EDR3 5353694846369503616" 0.127 7.489 -6.779 0.148 3.182 0.118 18.438574 0.003128 19.241133 0.026022 17.427822 0.012167 1.813311 0.097518 0.028725952951990992
160.34707669966 -55.28981353683 -0.002945 -0.000728 "Gaia EDR3 5353694983787463680" 0.2578 7.566 -6.817 0.268 3.282 0.211 19.420935 0.003924 20.212545 0.046448 18.597237 0.023166 1.615309 0.055416 0.05190453024544197
160.36738256491 -55.30326648052 0.008615 -0.014181 "Gaia EDR3 5353694915067963776" 0.2753 7.459 -6.667 0.281 3.345 0.231 19.505133 0.004061 "" "" "" "" "" 0.269924 ""
160.35831646613 -55.28911234038 0.003456 -2.6e-05 "Gaia EDR3 5353694979487916032" 0.1241 7.521 -6.747 0.133 3.322 0.109 18.333124 0.003127 19.135643 0.022675 17.223999 0.01014 1.911644 0.308183 0.024838985989770194
160.35739589501 -55.29305523106 0.002931 -0.003969 "Gaia EDR3 5353694983787479168" 0.1186 7.549 -6.835 0.129 3.206 0.104 18.315027 0.003078 18.889269 0.01927 17.632864 0.011075 1.256405 0.136925 0.022225852627064724
160.37021965906 -55.28647432138 0.010234 0.00261 "Gaia EDR3 5353695293050461568" 0.5495 7.454 -6.764 0.573 3.132 0.47 20.302431 0.00625 20.958242 0.095445 19.436619 0.04716 1.521624 0.12501400000000001 0.10646038523789025
160.34995982755 -55.28887190186 -0.001303 0.000214 "Gaia EDR3 5353694983808492032" 0.1483 7.593 -6.824 0.155 3.329 0.132 18.623701 0.003453 19.43839 0.044307 17.757101 0.021652 1.68129 0.069194 0.049314494350038714
160.31581424732 -55.2898948559 -0.020746 -0.000814 "Gaia EDR3 5353695155607156864" 0.1304 7.479 -6.643 0.133 3.435 0.111 18.382687 0.003111 19.092787 0.018608 17.585402 0.008275 1.507385 0.147153 0.020365001571323288
160.34286672385 -55.28651993014 -0.005342 0.002566 "Gaia EDR3 5353694979487920768" 0.1097 7.323 -6.597 0.118 3.179 0.097 18.167847 0.003048 19.077541 0.017336 17.182623 0.006658 1.894918 0.066075 0.018570564342528743
160.37171428497 -55.27472110703 0.011089 0.014363 "Gaia EDR3 5353695327385014272" 0.2163 7.58 -6.853 0.229 3.239 0.184 19.21514 0.003693 19.937798 0.042292 18.381672 0.01724 1.556126 0.06601499999999999 0.0456708973417427
160.33837317547 -55.25866167125 -0.007907 0.030424 "Gaia EDR3 5353695602265848448" 0.6959 7.507 -6.701 0.811 3.384 0.63 20.39732 0.007369 20.833937 0.082455 19.417107 0.04104 1.41683 0.351561 0.0921037926743519
160.36548904112 -55.27908752142 0.007542 0.009998 "Gaia EDR3 5353695357447091584" 0.1115 7.303 -6.592 0.117 3.142 0.095 18.156202 0.003004 19.157307 0.017399 17.204723 0.007165 1.952583 0.226661 0.018816546601329375
160.34743342197 -55.31132253277 -0.00274 -0.022237 "Gaia EDR3 5353694846348381184" 0.1938 7.359 -6.654 0.204 3.143 0.163 19.040539 0.003472 19.919441 0.043739 18.241629 0.02025 1.677813 0.281096 0.04819919730659422
160.33745837092 -55.28355166711 -0.008423 0.005533 "Gaia EDR3 5353694983808490752" 0.2583 7.382 -6.657 0.266 3.19 0.213 19.422869 0.003917 20.082375 0.048592 18.520494 0.033465 1.56188 -0.036539 0.05900075159690765
160.32365473586 -55.27839766863 -0.016286 0.010685 "Gaia EDR3 5353695189945893120" 0.3838 7.435 -6.611 0.389 3.402 0.296 19.857363 0.00462 20.672573 0.095688 19.0973 0.031599 1.575273 0.26260700000000003 0.10077048250852032
160.36501360142 -55.29126867886 0.007269 -0.002183 "Gaia EDR3 5353694915068035840" 0.1675 7.631 -6.828 0.177 3.408 0.151 18.779387 0.00361 19.180843 0.051427 17.771677 0.023501 1.409166 0.059995999999999994 0.0565423145086934
160.33249760112 -55.29077546385 -0.011246 -0.001691 "Gaia EDR3 5353694949427670016" 0.2384 7.471 -6.664 0.25 3.377 0.203 19.339533 0.003743 20.122353 0.038497 18.593714 0.021021 1.528639 0.338655 0.043862301011232875
160.35363677952 -55.29088452434 0.000791 -0.001798 "Gaia EDR3 5353694983787481856" 0.2376 7.369 -6.632 0.247 3.213 0.206 19.31341 0.003807 20.090456 0.036123 18.409931 0.020736 1.680525 0.338892 0.041651564496426784
160.37017260661 -55.27834314395 0.01021 0.010742 "Gaia EDR3 5353695293025252480" 0.2235 7.303 -6.539 0.234 3.253 0.186 19.255293 0.003807 20.128445 0.047364 18.435616 0.022641 1.692829 0.30184599999999995 0.05249727018617254
160.35382183603 -55.28704731356 0.000896 0.002039 "Gaia EDR3 5353694983787503488" 0.1904 7.479 -6.636 0.207 3.45 0.16 19.01863 0.003562 "" "" "" "" "" 0.275076 ""
160.34633540589 -55.30375158878 -0.003366 -0.014666 "Gaia EDR3 5353694949448728320" 0.3466 7.555 -6.801 0.356 3.291 0.297 19.863653 0.004671 20.902494 0.104994 19.12411 0.048452 1.778385 -0.0551 0.11563449459395757
160.31214674152 -55.29630621261 -0.022831 -0.007227 "Gaia EDR3 5353695052506797440" 0.3988 7.495 -6.715 0.432 3.33 0.301 19.908691 0.005287 20.736536 0.078434 19.132822 0.029487 1.603714 0.352853 0.0837936484764806
160.3559878376 -55.30355670516 0.002129 -0.014471 "Gaia EDR3 5353694880708189184" 0.1422 7.311 -6.57 0.16 3.207 0.136 18.566362 0.003226 "" "" "" "" "" -0.012617000000000003 ""
160.3358048599 -55.27989910612 -0.009366 0.009186 "Gaia EDR3 5353695189945923200" 0.2601 7.574 -6.829 0.272 3.278 0.22 19.46936 0.00398 20.42804 0.044578 18.646635 0.01848 1.781405 -0.039796000000000005 0.04825669367041219
160.33037435699 -55.28796278875 -0.012456 0.001121 "Gaia EDR3 5353695155586109696" 0.1883 7.273 -6.568 0.203 3.124 0.168 18.938778 0.00341 19.691988 0.032107 18.04947 0.014088 1.642517 0.041888999999999996 0.035061819590546064
160.37201182914 -55.29215167347 0.011253 -0.003067 "Gaia EDR3 5353694915068051456" 0.2309 7.256 -6.474 0.243 3.277 0.191 19.295097 0.003794 "" "" "" "" "" 0.229573 ""
160.34642436612 -55.28152654036 -0.003317 0.007559 "Gaia EDR3 5353694983787516544" 0.3144 7.664 -6.932 0.324 3.269 0.26 19.742218 0.004681 20.592453 0.057727 18.958195 0.019691 1.634258 0.091052 0.060992966889634084
160.34987595743 -55.30891122715 -0.00135 -0.019825 "Gaia EDR3 5353694949448723712" 0.1515 7.601 -6.869 0.165 3.254 0.139 18.667461 0.003273 19.770008 0.029453 17.744905 0.009898 2.025103 0.33573400000000003 0.03107168506856363
160.34759078553 -55.2712901712 -0.002653 0.017796 "Gaia EDR3 5353695361747704448" 1.0631 7.307 -6.542 1.458 3.256 1.353 20.766651 0.011168 21.249891 0.188751 20.081144 0.069513 1.168747 0.04509200000000001 0.20114421982746608
160.36894108709 -55.28970848822 0.009505 -0.000624 "Gaia EDR3 5353695293025177600" 0.1862 7.569 -6.828 0.2 3.265 0.162 18.926067 0.00339 19.631927 0.032813 18.127968 0.019766 1.50396 -0.054859000000000005 0.03830649716431927
160.36743402921 -55.29495054049 0.008646 -0.005865 "Gaia EDR3 5353694915068020096" 0.1804 7.265 -6.491 0.19 3.264 0.157 18.942875 0.003936 19.69741 0.034646 18.128311 0.019088 1.569099 0.311255 0.039556251844683164
160.34019563372 -55.28905989824 -0.006863 2.6e-05 "Gaia EDR3 5353694983787444992" 0.2867 7.559 -6.695 0.296 3.509 0.24 19.619434 0.004292 20.43234 0.05871 18.877747 0.018942 1.554594 0.038926999999999996 0.06169005968549552
160.33326029865 -55.30290839658 -0.010809 -0.013824 "Gaia EDR3 5353694846348389120" 0.3554 7.31 -6.642 0.382 3.051 0.289 19.84057 0.004736 20.704863 0.048051 19.067299 0.032451 1.637564 0.023773 0.05798246288318564
160.35314143339 -55.31138444437 0.000508 -0.022298 "Gaia EDR3 5353694880733588480" 0.2015 7.695 -6.94 0.213 3.324 0.175 19.101995 0.003611 19.917515 0.0344 18.321953 0.013999 1.595562 0.08484799999999999 0.037139359189409825
160.32758154607 -55.30233488722 -0.014041 -0.013251 "Gaia EDR3 5353694846348376704" 0.1924 7.39 -6.723 0.201 3.07 0.164 18.979116 0.003516 19.81783 0.03728 18.178907 0.01462 1.638922 0.008640000000000002 0.04004426051258782
160.34691302192 -55.31217334454 -0.003036 -0.023087 "Gaia EDR3 5353694842051008128" 0.1459 7.607 -6.822 0.151 3.365 0.123 18.607729 0.003253 19.351938 0.023737 17.735374 0.012343 1.616564 -0.052072999999999994 0.026754342040125
160.33785971821 -55.28195815121 -0.008195 0.007127 "Gaia EDR3 5353694983787488512" 0.1865 7.412 -6.727 0.201 3.112 0.161 18.959337 0.003494 19.904184 0.031216 18.027178 0.012923 1.877007 0.36633 0.033785242118416145
160.34902863267 -55.28991593865 -0.001833 -0.00083 "Gaia EDR3 5353694979492412544" 0.1493 7.585 -6.715 0.158 3.528 0.13 18.64876 0.003231 19.657972 0.027861 17.708136 0.008835 1.949837 0.058040999999999995 0.029228283322836463
160.35592692017 -55.29446283625 0.002095 -0.005377 "Gaia EDR3 5353694979492413184" 0.1503 7.497 -6.619 0.164 3.521 0.132 18.632341 0.003239 19.372047 0.035912 17.758453 0.012276 1.613594 0.271291 0.03795223208192108
160.39306576145 -55.29261987285 0.023241 -0.003541 "Gaia EDR3 5353694532815816064" 0.1563 7.345 -6.608 0.168 3.205 0.141 18.673145 0.003246 19.444176 0.029354 17.819286 0.013842 1.624889 -0.090895 0.03245394090091371
160.37811070343 -55.26116779094 0.014737 0.027916 "Gaia EDR3 5353695499183797120" 0.2709 7.285 -6.594 0.292 3.096 0.231 19.566246 0.004122 20.348085 0.063742 18.631731 0.023206 1.716354 0.341685 0.06783480669980566
160.31311598135 -55.29932190452 -0.022277 -0.010242 "Gaia EDR3 5353695052509944704" 0.5038 7.245 -6.463 0.579 3.275 0.455 20.142292 0.006199 20.95025 0.087455 19.345427 0.035337 1.604824 -0.029998 0.09432433723064265
160.35406236157 -55.28746668862 0.001033 0.001619 "Gaia EDR3 5353694979491565312" 0.169 7.207 -6.445 0.179 3.225 0.145 18.835434 0.003526 19.322683 0.036321 17.738111 0.027219 1.584572 0.288704 0.04538820333522798
160.36176936663 -55.30109359502 0.00542 -0.012008 "Gaia EDR3 5353694910772895104" 0.137 7.31 -6.583 0.16 3.179 0.125 18.556374 0.003255 19.313023 0.065494 17.585115 0.015771 1.727907 0.420277 0.06736607808830791
160.35395609426 -55.26151741243 0.000973 0.027569 "Gaia EDR3 5353695391807172736" 0.1244 7.556 -6.716 0.133 3.464 0.108 18.25529 0.003076 18.889688 0.017872 17.515333 0.009177 1.374355 0.388999 0.02009043834763194
160.34278826565 -55.30854106419 -0.005384 -0.019455 "Gaia EDR3 5353694846348378368" 0.2144 7.265 -6.594 0.26 3.049 0.209 18.975529 0.006889 18.177717 0.087925 17.462059 0.052914 0.715658 0.32342499999999996 0.1026191844685973
160.39286866755 -55.28519714797 0.023133 0.003882 "Gaia EDR3 5353695327385014144" 0.6928 7.713 -6.929 0.806 3.389 0.568 20.443892 0.0074 "" "" "" "" "" -0.099659 ""
160.35108592111 -55.29561434986 -0.000662 -0.006528 "Gaia EDR3 5353694983787433728" 0.206 7.19 -6.496 0.221 3.081 0.178 18.90626 0.00405 19.451202 0.034424 17.753744 0.02179 1.697458 0.277368 0.04074083793934533
160.35499689466 -55.28468968341 0.001565 0.004396 "Gaia EDR3 5353694983787520896" 0.1705 7.504 -6.854 0.181 3.055 0.144 18.863123 0.003315 19.449123 0.090142 17.83506 0.046726 1.614063 0.298682 0.10153274959341936
160.33557259764 -55.27109785965 -0.0095 0.017987 "Gaia EDR3 5353695567906097408" 1.0514 7.33 -6.486 0.915 3.415 0.851 20.69824 0.009439 21.982737 0.153299 20.052462 0.069964 1.930275 -0.040126 0.168509776265355
160.39509335343 -55.29502175602 0.024394 -0.005943 "Gaia EDR3 5353694537112918912" 0.4463 7.635 -6.911 0.495 3.246 0.361 20.04932 0.005441 20.906775 0.10544 19.312557 0.037495 1.594217 0.367819 0.11190830453992233
160.40266041362 -55.30048295154 0.028698 -0.011407 "Gaia EDR3 5353694537110973824" 0.2224 7.619 -6.869 0.227 3.297 0.184 19.22555 0.003769 19.930418 0.052653 18.396215 0.028542 1.534203 0.41261 0.05989143655815913
160.3885964523 -55.30637750583 0.020689 -0.017297 "Gaia EDR3 5353694159153769600" 0.2055 7.578 -6.711 0.216 3.52 0.173 19.153378 0.003666 19.932623 0.038392 18.33564 0.017827 1.596983 -0.053072999999999995 0.04232903959458565
160.35732904732 -55.27633737418 0.002894 0.012749 "Gaia EDR3 5353695361765638144" 0.3202 7.368 -6.476 0.285 3.513 0.247 19.43868 0.004887 19.626877 0.15105 18.24496 0.143258 1.381916 0.139848 0.20818010727252495
160.30181035362 -55.30549229499 -0.028709 -0.016417 "Gaia EDR3 5353695018146970368" 0.3356 7.388 -6.521 0.328 3.472 0.279 19.68247 0.004457 19.968792 0.347374 18.973324 0.011954 0.995468 -0.07250200000000001 0.347579622521229
160.34076983122 -55.31039873497 -0.006533 -0.021313 "Gaia EDR3 5353694846348368000" 0.2532 7.691 -6.932 0.271 3.333 0.214 19.325342 0.004127 19.651829 0.06435 18.35357 0.033252 1.298258 -0.069462 0.07243354198159856
160.38975064623 -55.28346754601 0.021358 0.005613 "Gaia EDR3 5353695323087673984" 0.1478 7.411 -6.752 0.159 3.053 0.132 18.591158 0.003309 19.318699 0.023949 17.640154 0.013368 1.678545 -0.085482 0.0274273225999185
160.35084031875 -55.31432871635 -0.000801 -0.025243 "Gaia EDR3 5353694777633471616" 1.5132 7.645 -6.757 1.675 3.575 1.446 20.797613 0.010449 21.540033 0.180633 19.619959 0.07703 1.920074 -0.111753 0.19637184520444878
160.36871301525 -55.28903215469 0.009376 5.3e-05 "Gaia EDR3 5353695288727613184" 0.1841 7.641 -6.899 0.196 3.284 0.16 18.992508 0.003529 19.752234 0.044404 18.217724 0.015793 1.53451 -0.11609 0.04712890901559254
160.347781323 -55.27804422181 -0.002544 0.011042 "Gaia EDR3 5353695357447219328" 0.1462 7.412 -6.618 0.152 3.338 0.123 18.614408 0.003219 19.403929 0.026151 17.761086 0.012178 1.642843 0.49039900000000003 0.028847503964814704
160.33362465478 -55.30065440615 -0.010602 -0.01157 "Gaia EDR3 5353694949427619584" 0.2466 7.185 -6.482 0.256 3.099 0.21 19.380793 0.004014 19.934513 0.046491 18.348135 0.021045 1.586378 0.345963 0.05103239271286425
160.33611809582 -55.27312586417 -0.009189 0.015959 "Gaia EDR3 5353695567903086592" 0.2319 7.721 -6.955 0.229 3.351 0.189 19.179415 0.003775 20.030073 0.031157 18.403534 0.015104 1.626539 -0.057979 0.034624983249093425
160.32347310667 -55.27457675893 -0.016391 0.014506 "Gaia EDR3 5353695189945919360" 0.2134 7.344 -6.477 0.212 3.461 0.175 19.073374 0.00356 19.844994 0.036572 18.229635 0.015747 1.615358 -0.041292 0.03981807620917917
160.35064599593 -55.28964641378 -0.000912 -0.00056 "Gaia EDR3 5353694983787479680" 0.2163 7.625 -6.766 0.231 3.516 0.186 19.132315 0.003627 19.884296 0.068014 18.28677 0.020659 1.597527 0.40424299999999996 0.07108233589999699
160.3585335397 -55.29039037949 0.003579 -0.001304 "Gaia EDR3 5353694983787497856" 0.2226 7.748 -7.03 0.233 3.256 0.189 19.191862 0.00369 19.920385 0.033344 18.33701 0.016693 1.583376 0.044587 0.03728912153698448
160.30966705172 -55.30107549361 -0.02424 -0.011997 "Gaia EDR3 5353695052506763008" 0.2447 7.119 -6.42 0.254 3.077 0.209 19.357456 0.00386 20.012865 0.038249 18.485891 0.018565 1.526974 0.245838 0.042516411254949545
160.37228596573 -55.29168832148 0.01141 -0.002604 "Gaia EDR3 5353694915068051328" 0.2173 7.658 -6.848 0.235 3.427 0.186 19.065235 0.003748 19.584108 0.045817 18.11216 0.030332 1.471949 -0.13151000000000002 0.054947499606442504
160.34386920316 -55.27629794359 -0.004773 0.012788 "Gaia EDR3 5353695361744661120" 0.4195 7.73 -7.04 0.46 3.192 0.334 19.919748 0.005116 20.632116 0.085872 19.11946 0.07067 1.512657 0.187161 0.11121263095530112
160.35122174529 -55.30218766656 -0.000584 -0.013102 "Gaia EDR3 5353694949427658496" 0.1532 7.256 -6.446 0.161 3.33 0.132 18.687824 0.003305 19.494438 0.031898 17.834848 0.011136 1.65959 -0.096825 0.033785986740067254
160.35496777433 -55.29167827141 0.001549 -0.002592 "Gaia EDR3 5353694983787480960" 0.4764 7.582 -6.819 0.571 3.315 0.419 20.181221 0.005909 21.050873 0.112462 19.587917 0.042997 1.462956 -0.207327 0.12040117712464442
160.34717950137 -55.28406161475 -0.002887 0.005024 "Gaia EDR3 5353694983787503616" 0.4339 7.514 -6.669 0.495 3.463 0.357 20.094864 0.005459 21.004488 0.080459 19.263693 0.037137 1.740795 -0.15897099999999997 0.08861606767398338
160.35788093463 -55.29789058022 0.003207 -0.008805 "Gaia EDR3 5353694983787444480" 0.3732 7.58 -6.77 0.399 3.41 0.32 19.800058 0.004707 "" "" 18.852417 0.009872 "" 0.45862 ""
160.38291018586 -55.26848324025 0.017469 0.020599 "Gaia EDR3 5353695327388075648" 0.6141 7.544 -6.911 0.635 3.025 0.522 20.361694 0.006605 21.003138 0.150926 19.346624 0.051628 1.656513 -0.052976 0.15951209314656994
160.33270519008 -55.2963142088 -0.011126 -0.00723 "Gaia EDR3 5353694949427639040" 0.2549 7.176 -6.497 0.257 3.047 0.203 19.352438 0.00385 19.954386 0.0471 18.448528 0.023475 1.505858 0.36144299999999996 0.052625902605086025
160.35825920859 -55.28612358974 0.003423 0.002962 "Gaia EDR3 5353694983787522432" 0.2548 7.56 -6.724 0.267 3.456 0.215 19.433155 0.003799 20.179386 0.043299 18.646244 0.020431 1.533142 -0.188915 0.0478772300994951
160.35086995306 -55.27835132895 -0.000785 0.010735 "Gaia EDR3 5353695361744670208" 0.3595 7.527 -6.912 0.377 2.981 0.308 19.781242 0.004836 20.21733 0.04862 18.489775 0.060388 1.727556 0.240769 0.07752815581451683
160.38788394732 -55.26789920774 0.020303 0.021182 "Gaia EDR3 5353695430467307136" 0.6987 7.09 -6.382 0.801 3.088 0.632 20.537691 0.007745 21.335783 0.117237 19.714863 0.051385 1.62092 -0.069942 0.12800364211224616
160.32235190282 -55.29698657941 -0.017021 -0.007904 "Gaia EDR3 5353695052506822912" 0.434 7.116 -6.316 0.506 3.277 0.357 20.03995 0.005079 20.46939 0.059632 19.079988 0.033532 1.389402 0.063929 0.06841323298894739
160.38952158116 -55.2740413114 0.021233 0.015039 "Gaia EDR3 5353695327405922176" 0.0804 7.243 -6.357 0.092 3.47 0.074 17.676552 0.002926 18.373993 0.008863 16.877703 0.006239 1.49629 0.15814999999999999 0.010838721788107674
160.35916435589 -55.27231484033 0.00394 0.016771 "Gaia EDR3 5353695361744732032" 0.405 7.257 -6.496 0.451 3.234 0.322 19.9326 0.005359 20.764822 0.080065 19.155787 0.025566 1.609036 -0.223413 0.08404775179027693
160.35231441144 -55.28877872459 3.8e-05 0.000307 "Gaia EDR3 5353694983787489536" 0.1638 7.456 -6.79 0.164 3.079 0.144 18.541378 0.003375 "" "" "" "" "" -0.16855699999999998 ""
160.33051416025 -55.30265073433 -0.012372 -0.013567 "Gaia EDR3 5353694846348383360" 0.276 7.207 -6.333 0.29 3.441 0.233 19.5493 0.004134 20.293568 0.062772 18.84819 0.027595 1.445377 0.171283 0.06856973099699312
160.3786380871 -55.2983108263 0.015024 -0.009228 "Gaia EDR3 5353694915068034816" 0.1725 7.36 -6.677 0.187 3.097 0.153 18.976822 0.003496 19.778818 0.030928 18.191563 0.012772 1.587255 0.518053 0.0334613981776016
160.33857796046 -55.31823254644 -0.007779 -0.029147 "Gaia EDR3 5353694846348317952" 0.3063 7.081 -6.417 0.317 2.994 0.251 19.631376 0.004327 20.333546 0.08169 18.76583 0.034229 1.567717 0.239587 0.08857133024291777
160.36581714274 -55.28072582396 0.007728 0.008359 "Gaia EDR3 5353695361744703360" 0.3386 7.429 -6.771 0.349 3.058 0.279 19.761312 0.004782 20.376183 0.050776 18.887043 0.035527 1.48914 -0.18981900000000002 0.06197071812557928
160.36095782884 -55.29064166066 0.004959 -0.001556 "Gaia EDR3 5353694983787506560" 0.2816 7.441 -6.77 0.294 3.089 0.235 19.601398 0.004058 20.361347 0.058067 18.817846 0.024143 1.543501 -0.242858 0.06288609494951965
160.35920217993 -55.31553437967 0.003957 -0.026449 "Gaia EDR3 5353694880710287488" 0.2103 7.07 -6.414 0.218 2.974 0.19 19.051886 0.003585 19.857407 0.03351 18.134237 0.014284 1.723169 -0.023958 0.036427362737370926
160.35066145907 -55.26513640011 -0.000904 0.02395 "Gaia EDR3 5353695396104482176" 0.211 7.501 -6.779 0.228 3.211 0.187 18.985962 0.003587 19.56917 0.038681 17.997986 0.02371 1.571184 0.601622 0.045369415480034564
160.38221818746 -55.27292765383 0.017073 0.016155 "Gaia EDR3 5353695327405919360" 0.017 7.284 -6.361 0.018 3.549 0.016 14.451777 0.003221 15.191789 0.005664 13.590196 0.005898 1.601593 0.32380000000000003 0.008177242811608323
160.31896957178 -55.30821162203 -0.018941 -0.01913 "Gaia EDR3 5353695052509957376" 0.6345 7.876 -7.154 0.699 3.294 0.587 20.48156 0.006679 21.103355 0.10044 19.498026 0.050922 1.60533 0.122656 0.11261102825212103
160.34383041818 -55.30037125557 -0.004792 -0.011285 "Gaia EDR3 5353694949427648768" 0.2732 7.569 -6.587 0.287 3.728 0.233 19.541626 0.004007 20.456205 0.059469 18.756655 0.02386 1.699551 0.14115599999999998 0.06407699712845477
160.33941922435 -55.29055282125 -0.007305 -0.001467 "Gaia EDR3 5353694949427694080" 0.1497 7.451 -6.475 0.157 3.687 0.129 18.68372 0.003333 19.431438 0.020499 17.945173 0.012097 1.486265 0.16004700000000002 0.023802235399222486
160.31421835245 -55.30650342311 -0.021646 -0.017423 "Gaia EDR3 5353695052506745216" 0.2282 7.525 -6.767 0.236 3.292 0.19 19.276335 0.003663 19.982897 0.040933 18.349821 0.026839 1.633076 0.615385 0.048947343237401554
160.36035806244 -55.27343431679 0.00462 0.015651 "Gaia EDR3 5353695361765644160" 0.1855 7.009 -6.294 0.196 3.084 0.15 17.562565 0.003074 17.947521 0.010692 16.45238 0.007758 1.495142 0.324218 0.013210050264855165
160.37333535183 -55.29108002913 0.012007 -0.001996 "Gaia EDR3 5353695293025183104" 0.3671 7.73 -6.863 0.414 3.556 0.313 19.967129 0.005218 20.912386 0.1156 19.2661 0.049761 1.646286 0.472905 0.12585514340304094
160.34472109797 -55.27992968801 -0.004287 0.009156 "Gaia EDR3 5353694983789513984" 0.4671 7.216 -6.301 0.487 3.517 0.418 20.235332 0.005731 21.164986 0.127749 19.4317 0.043147 1.733286 0.20082400000000003 0.13483868365569282
160.34887822712 -55.30071414948 -0.001918 -0.011628 "Gaia EDR3 5353694949427661952" 0.4256 7.059 -6.32 0.465 3.146 0.359 20.010395 0.005446 20.712585 0.071866 19.181305 0.028226 1.531281 0.34780700000000003 0.07721029097212366
160.39024827778 -55.27668463181 0.021645 0.012396 "Gaia EDR3 5353695327385054720" 0.2384 7.358 -6.642 0.252 3.165 0.205 19.262684 0.003741 20.01702 0.036269 18.446415 0.020258 1.570604 -0.311674 0.04154307312898265
160.36199813598 -55.29120094234 0.005552 -0.002115 "Gaia EDR3 5353694979487913344" 0.1486 7.402 -6.456 0.16 3.62 0.129 18.630922 0.003581 19.089874 0.021058 17.53418 0.013009 1.555695 -0.08796499999999999 0.024752241211655965
160.35517891724 -55.32084428717 0.001668 -0.031758 "Gaia EDR3 5353694777631069696" 0.3991 7.726 -6.85 0.399 3.572 0.329 19.9216 0.005111 20.59375 0.10403 19.032808 0.035782 1.560942 0.498566 0.11001178311435553
160.35481508364 -55.27852215386 0.001462 0.010564 "Gaia EDR3 5353695357449535104" 0.255 7.911 -7.135 0.268 3.418 0.219 19.039194 0.003809 19.666763 0.027145 18.109575 0.014357 1.557188 -0.025654999999999997 0.030707889442291535
160.35299763071 -55.28890350113 0.000427 0.000183 "Gaia EDR3 5353694983808493824" 0.0676 7.826 -6.873 0.072 3.743 0.062 16.631187 0.003034 17.413395 0.016133 15.471315 0.008183 1.942079 0.17260899999999998 0.018089642837822974
160.35330819808 -55.28511869063 0.000604 0.003967 "Gaia EDR3 5353694983808499840" 0.2384 7.181 -6.379 0.249 3.296 0.2 19.35193 0.003816 20.088186 0.048193 18.456203 0.021522 1.631983 0.5330079999999999 0.05278031577207548
160.34730010278 -55.27952261511 -0.002818 0.009563 "Gaia EDR3 5353694983787527808" 0.5889 7.159 -6.569 0.85 2.846 0.913 19.940245 0.00757 "" "" "" "" "" -0.12398400000000001 ""
160.3733824721 -55.31277124926 0.012028 -0.023687 "Gaia EDR3 5353694880712709888" 0.9525 7.879 -7.03 0.979 3.556 0.928 20.333345 0.011359 19.36317 0.104833 17.4925 0.235751 1.87067 0.348887 0.25800870506632134
160.36621895966 -55.29889249527 0.007954 -0.009807 "Gaia EDR3 5353694915067991296" 0.4767 7.321 -6.425 0.58 3.509 0.402 20.05273 0.008939 19.79504 0.125619 18.329536 0.063308 1.465504 -0.222094 0.140669954236859
160.32355698029 -55.31445871705 -0.016327 -0.025376 "Gaia EDR3 5353694812009740544" 0.0765 6.949 -6.263 0.091 3.012 0.07 17.541933 0.002885 18.075874 0.007344 16.880888 0.005497 1.194986 0.252874 0.009173404220898585
160.37430434889 -55.27473600572 0.012564 0.014348 "Gaia EDR3 5353695327385020288" 0.4691 6.964 -6.331 0.565 2.902 0.421 20.177097 0.005996 20.709661 0.081346 19.12216 0.058459 1.587501 0.19856300000000002 0.10017298237049749
160.39974848945 -55.29000667601 0.027048 -0.00093 "Gaia EDR3 5353694571472660736" 0.2829 7.351 -6.652 0.306 3.129 0.255 19.594927 0.008157 20.362667 0.071554 18.809954 0.038426 1.552713 -0.36294899999999997 0.08121903959048027
160.35210798977 -55.28616814912 -8e-05 0.002918 "Gaia EDR3 5353694983787507840" 0.364 7.364 -6.404 0.362 3.634 0.345 19.674704 0.005337 "" "" "" "" "" 0.412917 ""
160.37254337197 -55.28925588379 0.011557 -0.000172 "Gaia EDR3 5353695293025191424" 0.208 7.008 -6.352 0.222 2.961 0.173 19.143284 0.003742 19.756237 0.034594 18.213017 0.0169 1.543221 -0.12681900000000002 0.03850136148242033
160.34732017786 -55.2914779966 -0.002806 -0.002392 "Gaia EDR3 5353694983787453696" 0.3623 7.821 -7.131 0.381 3.212 0.296 19.818546 0.004821 20.640099 0.083712 18.99133 0.039795 1.648769 -0.21606599999999998 0.0926894868310317
160.36204602861 -55.27218154235 0.005582 0.016904 "Gaia EDR3 5353695361744739200" 0.3987 7.982 -7.232 0.419 3.376 0.31 19.919466 0.005224 20.772663 0.074749 19.210638 0.041935 1.562025 0.044527 0.08570855981755847
160.36135563978 -55.29861156462 0.005185 -0.009526 "Gaia EDR3 5353694915067975040" 0.259 7.857 -6.96 0.275 3.646 0.221 19.448677 0.003996 20.113258 0.055288 18.613297 0.031202 1.499962 0.46410399999999996 0.06348486235316259
160.35143924757 -55.29188557642 -0.000461 -0.0028 "Gaia EDR3 5353694983787464064" 0.1566 7.272 -6.536 0.17 3.186 0.136 18.73709 0.003237 19.529413 0.024811 17.946135 0.010366 1.583279 0.684818 0.02688939711112914
160.33810980395 -55.29827828226 -0.008049 -0.009193 "Gaia EDR3 5353694949427643904" 0.2443 6.991 -6.396 0.255 2.824 0.207 19.333847 0.004019 20.142279 0.043013 18.441086 0.021033 1.701193 0.022169 0.0478801133875015
160.3488081137 -55.29644417532 -0.001958 -0.007358 "Gaia EDR3 5353694949448739712" 0.0586 7.27 -6.32 0.064 3.594 0.053 17.019728 0.002835 17.607807 0.008935 16.253471 0.005772 1.354336 0.434183 0.010637208703414633
160.34618229383 -55.28078021584 -0.003455 0.008306 "Gaia EDR3 5353694983787518336" 0.3805 8.013 -7.22 0.395 3.477 0.315 19.82098 0.004646 20.690699 0.093062 19.063591 0.035956 1.627108 0.27183599999999997 0.09976657646727184
160.3665264484 -55.28812083646 0.008131 0.000964 "Gaia EDR3 5353695293025177088" 0.4992 7.514 -6.845 0.539 3.101 0.401 20.034294 0.006274 "" "" "" "" "" 0.604475 ""
160.35232410177 -55.26721420547 4.3e-05 0.021872 "Gaia EDR3 5353695357448697088" 0.1586 8.01 -7.115 0.168 3.679 0.138 18.789953 0.003245 19.418324 0.025837 18.053026 0.013203 1.365297 0.184541 0.02901499229708669
160.34936954029 -55.27799724285 -0.00164 0.011089 "Gaia EDR3 5353695361765629824" 0.1379 7.992 -7.27 0.145 3.319 0.118 18.541044 0.003174 19.348577 0.025334 17.613451 0.007491 1.735127 -0.00033200000000000243 0.02641830117551089
160.33962027446 -55.3121514776 -0.007187 -0.023066 "Gaia EDR3 5353694846348354048" 0.3723 7.925 -7.163 0.432 3.39 0.329 19.87929 0.004675 20.855755 0.113313 19.118624 0.049272 1.737131 -0.23218700000000003 0.12356199234797081
160.36480803784 -55.27633651333 0.007154 0.012749 "Gaia EDR3 5353695361765643264" 0.3423 6.821 -6.132 0.347 2.988 0.276 19.678352 0.004775 20.154839 0.062575 18.525639 0.021459 1.6292 0.155993 0.06615224339355394
160.37256379662 -55.28445979821 0.01157 0.004625 "Gaia EDR3 5353695293025224960" 0.1959 6.898 -6.098 0.21 3.223 0.167 19.100039 0.003671 19.8907 0.029779 18.301136 0.015373 1.589563 0.41388600000000003 0.03351295227221857
160.3468670091 -55.28823646115 -0.003064 0.000849 "Gaia EDR3 5353694983808490496" 0.4288 7.554 -6.706 0.476 3.478 0.346 19.959085 0.005406 "" "" "" "" "" -0.49275899999999995 ""
160.3786216629 -55.28346579145 0.01502 0.005617 "Gaia EDR3 5353695288725569408" 0.0771 8.104 -7.343 0.086 3.431 0.069 17.653019 0.002915 18.234013 0.007414 16.966671 0.005935 1.267342 0.3815 0.009496926924010735
160.34143856734 -55.29057469602 -0.006155 -0.001489 "Gaia EDR3 5353694983787439744" 0.2714 7.983 -7.325 0.28 3.173 0.225 19.474554 0.004052 20.355848 0.044729 18.635357 0.025276 1.720491 -0.15901200000000001 0.05137664466467229
160.33219169751 -55.2769261685 -0.011424 0.012158 "Gaia EDR3 5353695185648727040" 0.2142 8.109 -7.187 0.22 3.756 0.191 19.063185 0.003591 19.906273 0.040416 18.2171 0.016568 1.689173 0.351969 0.04368010622697706
160.35541194611 -55.25731932635 0.001803 0.031767 "Gaia EDR3 5353695396108773632" 1.0041 7.625 -6.884 1.433 3.28 1.077 20.708117 0.010973 21.36467 0.147532 20.04578 0.114846 1.31889 0.8632550000000001 0.18696335132854247
160.3859590207 -55.29472209248 0.019194 -0.005641 "Gaia EDR3 5353695293025199872" 0.2333 7.366 -6.518 0.246 3.432 0.209 19.193727 0.003645 19.979721 0.038009 18.325695 0.020798 1.654026 0.85183 0.043327137973791896
160.34467058713 -55.31054576491 -0.004313 -0.02146 "Gaia EDR3 5353694846351607680" 0.303 7.112 -6.389 0.307 3.124 0.26 19.661678 0.004397 20.082525 0.088995 18.812616 0.029042 1.269909 0.775344 0.09361382263853987
160.35670141022 -55.27617168394 0.002537 0.012914 "Gaia EDR3 5353695361744703872" 0.2508 6.977 -6.201 0.259 3.199 0.208 19.317953 0.004055 19.745348 0.047943 18.130415 0.037605 1.614933 0.716421 0.0609316606863788
160.38691988494 -55.29639176021 0.01974 -0.007311 "Gaia EDR3 5353695293027160448" 0.3672 7.965 -7.033 0.398 3.737 0.335 19.879261 0.004899 20.733883 0.056993 18.99837 0.023062 1.735514 -0.379566 0.061482175408812595
160.34333934543 -55.29438612935 -0.005072 -0.0053 "Gaia EDR3 5353694949427681792" 0.6005 7.639 -6.716 0.696 3.641 0.483 20.227165 0.006527 "" "" "" "" "" -0.567053 ""
160.34576151929 -55.27922389596 -0.003695 0.009862 "Gaia EDR3 5353694983787527552" 0.2612 8.118 -7.273 0.274 3.608 0.216 19.46412 0.003997 20.200823 0.046021 18.567606 0.022011 1.633217 -0.284987 0.0510138859723507
