RA_ICRS DE_ICRS _x _y EDR3Name e_Plx PM pmRA e_pmRA pmDE e_pmDE Gmag e_Gmag BPmag e_BPmag RPmag e_RPmag BP-RP Plx_corr e_BP-RP
198.85469895436 -65.90538012406 0.015765 0.015546 "Gaia EDR3 5857909816393029376" 0.0976 5.143 -5.123 0.088 -0.448 0.109 18.004374 0.002961 18.428947 0.009252 17.469103 0.010538 0.959845 0.084646 0.014023157561690591
198.80198260523 -65.92710224532 -0.005751 -0.006172 "Gaia EDR3 5857909713297191808" 0.0335 5.119 -5.102 0.031 -0.424 0.038 16.000805 0.002787 17.08264 0.004653 14.95527 0.004072 2.12737 0.078311 0.0061831701416021215
198.83048812702 -65.9235277286 0.005877 -0.002598 "Gaia EDR3 5857909644577796736" 0.0838 5.105 -5.086 0.081 -0.433 0.103 17.722397 0.002951 18.116318 0.011343 16.988794 0.008394 1.127523 0.063001 0.014111090850816603
198.85401897996 -65.91277048159 0.015483 0.008156 "Gaia EDR3 5857909743327023744" 0.0981 5.121 -5.106 0.092 -0.402 0.114 18.003738 0.002951 18.450922 0.010824 17.368166 0.012247 1.082756 0.093506 0.016344662278554425
198.7929156647 -65.92721057097 -0.009449 -0.006282 "Gaia EDR3 5857909678954485120" 0.1384 5.124 -5.106 0.124 -0.428 0.176 18.566984 0.003194 18.798962 0.03415 17.563301 0.036148 1.235661 0.152105 0.04972826564439986
198.83804122988 -65.90167855725 0.008966 0.019251 "Gaia EDR3 5857912771330538880" 0.0498 5.166 -5.15 0.044 -0.396 0.058 16.666204 0.002814 17.605461 0.005409 15.716359 0.004355 1.889102 0.10612100000000001 0.006944300252725252
198.80062490187 -65.9306955246 -0.006304 -0.009766 "Gaia EDR3 5857909610217934592" 0.0778 5.162 -5.147 0.077 -0.389 0.083 17.145325 0.002969 "" "" "" "" "" 0.142225 ""
198.84905842694 -65.92470049016 0.013452 -0.003773 "Gaia EDR3 5857909747656997248" 0.0455 5.181 -5.167 0.04 -0.391 0.055 16.54003 0.002855 17.347086 0.016389 15.508091 0.009045 1.838995 0.101807 0.01871927738989943
198.81385136776 -65.92167543404 -0.00091 -0.000745 "Gaia EDR3 5857909713313757824" 0.052 5.167 -5.151 0.046 -0.41 0.063 16.7334 0.003222 17.565733 0.018742 15.399204 0.01365 2.166529 0.051773 0.023185880703566128
198.84933815382 -65.92187907228 0.013568 -0.000952 "Gaia EDR3 5857909743308243072" 0.0595 5.204 -5.18 0.056 -0.495 0.068 17.107416 0.00287 17.501053 0.010967 16.42853 0.008283 1.072523 0.064652 0.013743477653054193
198.85724391416 -65.91194036092 0.0168 0.008985 "Gaia EDR3 5857909747673533184" 0.0259 5.219 -5.2 0.023 -0.444 0.03 14.963481 0.002782 16.088593 0.003643 13.905234 0.003873 2.183358 0.091312 0.005317102406386396
198.80896934115 -65.92076269557 -0.002902 0.000168 "Gaia EDR3 5857909708948517888" 0.0544 5.132 -5.11 0.048 -0.471 0.06 15.816808 0.003186 16.235067 0.016544 14.505372 0.005121 1.729695 0.197513 0.017318446148543463
198.78151454935 -65.92581362595 -0.014101 -0.004887 "Gaia EDR3 5857909674607553792" 0.1412 5.205 -5.183 0.133 -0.472 0.172 18.699312 0.003184 19.189053 0.021623 17.937521 0.022647 1.251532 0.15825899999999998 0.03131199032319728
198.79124063335 -65.92688194868 -0.010133 -0.005953 "Gaia EDR3 5857909674588755200" 0.0888 5.113 -5.096 0.078 -0.408 0.112 17.836658 0.002997 18.143124 0.014609 16.990734 0.009505 1.152389 0.016877 0.01742893875139849
198.83367224772 -65.92155737511 0.007177 -0.000628 "Gaia EDR3 5857909640233811456" 0.09 5.069 -5.054 0.08 -0.39 0.108 17.842592 0.002981 18.28557 0.009493 17.064196 0.009307 1.221375 0.072599 0.013294258083849583
198.75896082635 -65.9291329811 -0.023298 -0.008213 "Gaia EDR3 5857912633891495808" 0.06 5.165 -5.152 0.054 -0.362 0.065 17.086338 0.002827 17.999231 0.007887 16.117834 0.005505 1.881397 0.069644 0.009618201183173494
198.84715043311 -65.91592734093 0.012678 0.005 "Gaia EDR3 5857909747673520384" 0.0263 5.163 -5.15 0.024 -0.365 0.031 15.443993 0.002772 15.955122 0.003157 14.749598 0.003914 1.205524 0.065224 0.0050285231430311625
198.83024411307 -65.91645425957 0.005779 0.004476 "Gaia EDR3 5857909713297375744" 0.1366 5.107 -5.092 0.132 -0.383 0.167 18.518322 0.004151 18.33357 0.027841 17.31155 0.014383 1.02202 0.171568 0.03133675110792438
198.83663339086 -65.92041499725 0.008385 0.000514 "Gaia EDR3 5857909747673504256" 0.0438 5.162 -5.148 0.039 -0.383 0.052 16.493156 0.002827 17.5931 0.006332 15.461302 0.004227 2.131798 0.024084 0.0076132616531943784
198.76919796108 -65.91920813755 -0.01913 0.001715 "Gaia EDR3 5857912629545051904" 0.1264 5.21 -5.19 0.116 -0.457 0.146 18.434387 0.003073 18.847584 0.017086 17.928743 0.013149 0.91884 0.184944 0.021559860783409525
198.81841433743 -65.90596322007 0.000952 0.014967 "Gaia EDR3 5857912668235067776" 0.1372 5.032 -5.011 0.123 -0.454 0.161 18.56844 0.003188 19.022568 0.013416 18.036228 0.012877 0.98634 0.057594000000000006 0.018595864728481976
198.78554064786 -65.936719061 -0.012453 -0.015791 "Gaia EDR3 5857909610234501376" 0.1134 5.03 -5.008 0.103 -0.477 0.136 18.275248 0.00306 18.690508 0.013344 17.58382 0.010393 1.106688 0.129365 0.01691380456904951
198.7852634938 -65.92002290657 -0.012574 0.000905 "Gaia EDR3 5857912629526268544" 0.2218 5.096 -5.082 0.204 -0.377 0.24 19.2353 0.00357 "" "" "" "" "" 0.005172000000000001 ""
198.84428300433 -65.90083494081 0.011515 0.020093 "Gaia EDR3 5857909816393044608" 0.0476 5.18 -5.162 0.042 -0.437 0.055 16.464956 0.002823 17.286833 0.012694 15.456805 0.007765 1.830028 -0.013144 0.014880620316371223
198.80472493713 -65.9160063307 -0.004635 0.004924 "Gaia EDR3 5857909713297388160" 0.0649 5.265 -5.246 0.059 -0.439 0.074 16.939623 0.002952 17.694492 0.012746 15.871703 0.006519 1.822789 0.085836 0.014316349988736654
198.82522067658 -65.9195156043 0.003729 0.001415 "Gaia EDR3 5857909713297343104" 0.2615 5.17 -5.148 0.246 -0.477 0.296 19.480696 0.004043 "" "" "" "" "" -0.047069 ""
198.80652347514 -65.92298354927 -0.0039 -0.002053 "Gaia EDR3 5857909708953282560" 0.067 5.251 -5.226 0.059 -0.521 0.08 17.245232 0.002878 18.165676 0.013601 16.24522 0.005849 1.920456 0.060300000000000006 0.014805336943143173
198.80488917528 -65.94435182491 -0.004562 -0.023422 "Gaia EDR3 5857909404076053632" 0.0467 5.173 -5.143 0.04 -0.554 0.055 16.512262 0.002807 17.498835 0.006409 15.497909 0.004268 2.000926 0.017382 0.0077000717529124366
198.79607868976 -65.92042372758 -0.008161 0.000506 "Gaia EDR3 5857909713314224768" 0.2038 5.216 -5.197 0.185 -0.444 0.237 19.067429 0.00405 19.182755 0.031489 18.104809 0.045363 1.077946 0.202492 0.05522100044367179
198.80874750514 -65.9171446965 -0.002993 0.003786 "Gaia EDR3 5857909713297354752" 0.1078 5.246 -5.232 0.094 -0.376 0.117 18.117666 0.00303 18.580751 0.014931 17.333452 0.010562 1.247299 0.070173 0.01828908431278067
198.83053137154 -65.92119477727 0.005895 -0.000265 "Gaia EDR3 5857909644594284928" 0.0574 5.178 -5.166 0.05 -0.356 0.071 16.69086 0.002881 17.592653 0.013804 15.525567 0.006348 2.067086 0.19614499999999999 0.015193667101789482
198.84959913077 -65.90142942806 0.013685 0.019498 "Gaia EDR3 5857909816393040128" 0.0552 5.09 -5.08 0.048 -0.316 0.062 16.865187 0.002859 17.715082 0.006873 15.856491 0.005465 1.858591 0.10131299999999999 0.008780908495138759
198.79237203094 -65.929522955 -0.00967 -0.008594 "Gaia EDR3 5857909678939846016" 0.2017 5.237 -5.216 0.191 -0.466 0.246 19.169567 0.003502 19.66913 0.026931 18.592388 0.022156 1.076742 -0.013920000000000002 0.03487358738357727
198.84008182882 -65.91560115941 0.009794 0.005328 "Gaia EDR3 5857909816376633344" 0.1801 5.088 -5.059 0.176 -0.547 0.212 18.994404 0.003375 19.365206 0.028145 18.30882 0.026205 1.056385 0.200074 0.03845572844193697
198.84453692453 -65.93979365474 0.011601 -0.018866 "Gaia EDR3 5857909438435804672" 0.1563 4.998 -4.982 0.135 -0.388 0.18 18.151077 0.003156 18.3627 0.023345 16.979673 0.034853 1.383026 0.0837 0.04194902423179829
198.78591430957 -65.91921984202 -0.012309 0.001708 "Gaia EDR3 5857912629545050880" 0.0758 5.202 -5.192 0.069 -0.319 0.089 17.51606 0.002878 18.01744 0.010792 16.859587 0.007063 1.157854 0.09587999999999999 0.012897799541006985
198.84065913391 -65.91702207623 0.010029 0.003907 "Gaia EDR3 5857909747673514240" 0.0526 5.071 -5.06 0.051 -0.327 0.064 16.875162 0.002831 17.314947 0.006251 16.185204 0.005811 1.129744 0.16494499999999998 0.008534794783707457
198.81019131593 -65.9230411183 -0.002403 -0.002111 "Gaia EDR3 5857909713313754880" 0.0497 5.27 -5.251 0.041 -0.447 0.055 16.289543 0.002891 16.760204 0.051518 15.293973 0.025161 1.466231 0.023307 0.05733393624198499
198.85825743239 -65.91358522206 0.017212 0.00734 "Gaia EDR3 5857909747657197952" 0.1657 5.233 -5.201 0.158 -0.579 0.204 18.823261 0.003271 19.149107 0.025563 18.110994 0.029473 1.038113 0.051825 0.039014416540555874
198.85196461457 -65.91068024946 0.014646 0.010246 "Gaia EDR3 5857909812027741952" 0.1036 5.057 -5.031 0.096 -0.516 0.124 18.118944 0.002978 18.577295 0.009614 17.553268 0.009864 1.024027 0.21359199999999998 0.013774160301085506
198.8409673022 -65.9136633329 0.010156 0.007265 "Gaia EDR3 5857909816376664704" 0.1101 5.051 -5.04 0.101 -0.321 0.123 17.968472 0.00302 "" "" "" "" "" 0.04553 ""
198.84118646021 -65.92282231081 0.010242 -0.001894 "Gaia EDR3 5857909747657035904" 0.1806 5.126 -5.089 0.17 -0.615 0.213 18.9619 0.003364 "" "" "" "" "" 0.09038099999999999 ""
198.82811487946 -65.92229477524 0.004909 -0.001365 "Gaia EDR3 5857909644577821952" 0.1766 4.999 -4.986 0.155 -0.358 0.209 18.51396 0.003313 18.706654 0.036905 17.328594 0.027121 1.378059 0.076117 0.04579877362986917
198.81676692623 -65.91499038376 0.00028 0.00594 "Gaia EDR3 5857909713297412992" 0.0622 5.292 -5.276 0.055 -0.42 0.075 16.717728 0.002881 17.561071 0.013124 15.664319 0.005861 1.896752 0.07188 0.014373263269000538
198.77736453985 -65.90819107687 -0.015804 0.012735 "Gaia EDR3 5857912698245769088" 0.0818 5.237 -5.209 0.071 -0.548 0.091 16.745665 0.002961 17.517242 0.01343 15.669903 0.008917 1.84734 -0.0011510000000000062 0.01612072544893684
198.80538579866 -65.90533946227 -0.004367 0.015591 "Gaia EDR3 5857912668235063168" 0.1053 5.057 -5.027 0.089 -0.542 0.119 17.905739 0.003031 18.170853 0.023332 16.990091 0.033718 1.180761 -0.020691000000000005 0.041003484583630206
198.83145181484 -65.91882597429 0.006271 0.002104 "Gaia EDR3 5857909708953287680" 0.069 5.224 -5.188 0.065 -0.608 0.082 17.392136 0.002879 18.354006 0.012758 16.41929 0.005073 1.934715 0.066047 0.013729599156566808
198.79916121636 -65.91771255495 -0.006904 0.003217 "Gaia EDR3 5857909713299596928" 0.2185 5.203 -5.176 0.183 -0.526 0.232 19.072668 0.003617 19.333483 0.043338 18.33563 0.029774 0.997852 0.236952 0.05258016089743355
198.83936196271 -65.93609978119 0.009493 -0.015171 "Gaia EDR3 5857909438419187584" 0.0734 5.135 -5.101 0.066 -0.59 0.089 17.518562 0.002905 17.995735 0.008415 16.836637 0.007487 1.159098 -0.006598000000000003 0.011263542693131678
198.84898302198 -65.90007422849 0.013434 0.020853 "Gaia EDR3 5857909816376887424" 0.2566 4.966 -4.945 0.242 -0.463 0.273 19.285065 0.003852 19.839317 0.031061 18.893421 0.073159 0.945896 0.08817900000000001 0.07947971440562679
198.80884081748 -65.9250879918 -0.002954 -0.004157 "Gaia EDR3 5857909713297220992" 0.1527 5.105 -5.078 0.122 -0.526 0.248 18.261906 0.003186 "" "" "" "" "" -0.06631500000000001 ""
198.81117114394 -65.92188757613 -0.002004 -0.000957 "Gaia EDR3 5857909713313759232" 0.0855 5.315 -5.295 0.074 -0.46 0.094 17.238274 0.003038 17.676323 0.009146 16.47492 0.00652 1.201403 0.081913 0.011232084223330949
198.85163200129 -65.93136951817 0.014498 -0.010443 "Gaia EDR3 5857909541498467072" 0.2758 5.092 -5.07 0.259 -0.482 0.308 19.555285 0.004063 20.098434 0.05156 19.004032 0.031625 1.094402 -0.10486999999999999 0.060486149034303716
198.81395930431 -65.91968877908 -0.000866 0.001242 "Gaia EDR3 5857909713297289472" 0.1093 5.3 -5.27 0.104 -0.566 0.135 18.218172 0.003107 18.780828 0.018813 17.246939 0.011449 1.53389 0.113858 0.02202291011651276
198.86105565393 -65.90796120586 0.018358 0.012963 "Gaia EDR3 5857909816393022464" 0.0474 5.289 -5.268 0.042 -0.475 0.059 16.751911 0.002846 17.042976 0.004565 16.15119 0.005229 0.891787 -0.013500999999999999 0.006941301462982284
198.83076648023 -65.92170179917 0.005991 -0.000772 "Gaia EDR3 5857909644577834240" 0.132 5.299 -5.268 0.126 -0.566 0.179 18.378393 0.003304 "" "" "" "" "" 0.057635 ""
198.81328846236 -65.93529667294 -0.001139 -0.014366 "Gaia EDR3 5857909644577606144" 0.1448 5.022 -5.013 0.134 -0.303 0.174 18.68695 0.003909 18.825693 0.086173 17.71678 0.023582 1.108913 0.145496 0.08934146099656083
198.80075303967 -65.91373831562 -0.006256 0.007192 "Gaia EDR3 5857912668237103360" 0.1328 4.959 -4.945 0.119 -0.373 0.169 18.499294 0.003092 18.887787 0.02638 17.835032 0.018677 1.052755 0.053288 0.032322356488969056
198.82964218869 -65.93441366361 0.00553 -0.013484 "Gaia EDR3 5857909644577630976" 0.232 5.161 -5.138 0.21 -0.493 0.259 19.31194 0.003841 19.88371 0.050234 18.907326 0.063258 0.976385 -0.09981799999999999 0.08077765359305752
198.81531539514 -65.91754859824 -0.000313 0.003382 "Gaia EDR3 5857909713297352832" 0.111 5.038 -5.026 0.105 -0.351 0.136 18.187613 0.003059 18.62519 0.035562 17.2962 0.026251 1.328991 -0.044912999999999995 0.04420148012227645
198.83290980363 -65.8980445668 0.006872 0.022885 "Gaia EDR3 5857912771314416256" 0.1999 5.332 -5.312 0.169 -0.456 0.207 18.92396 0.003571 19.0714 0.033773 17.91777 0.049375 1.153629 0.139068 0.05982061646288844
198.80421715332 -65.91435009035 -0.004842 0.00658 "Gaia EDR3 5857909713297421952" 0.1069 5.061 -5.05 0.098 -0.347 0.118 18.12138 0.003026 18.406649 0.01935 17.420448 0.013651 0.9862 -0.058792 0.023680631347157956
198.84852007419 -65.91195321159 0.013239 0.008974 "Gaia EDR3 5857909816376699008" 0.1504 4.951 -4.926 0.14 -0.501 0.181 18.72776 0.003204 19.22524 0.016563 18.134329 0.01428 1.090912 0.048471 0.021868959028723794
198.81635927991 -65.9317896946 0.000113 -0.010859 "Gaia EDR3 5857909644577662080" 0.3112 4.989 -4.969 0.321 -0.454 0.382 19.755465 0.004409 20.447933 0.055853 19.084717 0.04199 1.363216 -0.073231 0.06987644602439366
198.84446471112 -65.91954093009 0.011581 0.001387 "Gaia EDR3 5857909747657094144" 0.284 5.005 -4.997 0.299 -0.288 0.333 19.634052 0.004163 20.21263 0.145055 19.043663 0.084727 1.168966 0.067957 0.16798695649960443
198.82341586939 -65.93122269805 0.002991 -0.010292 "Gaia EDR3 5857909644594255616" 0.072 5.114 -5.099 0.065 -0.38 0.085 17.20474 0.003009 18.02245 0.012904 16.084259 0.006426 1.93819 0.298205 0.014415501794942831
198.8152680968 -65.91565029757 -0.000332 0.00528 "Gaia EDR3 5857909708948518400" 0.0296 5.034 -5.027 0.026 -0.265 0.034 15.771812 0.002788 16.872252 0.004893 14.700789 0.00396 2.171462 0.08712800000000001 0.006294684185882561
198.8417473868 -65.91826564405 0.010472 0.002663 "Gaia EDR3 5857909747657112832" 0.1471 5.092 -5.064 0.146 -0.54 0.178 18.72295 0.003242 19.172798 0.020817 18.279623 0.019614 0.893175 -0.09124499999999999 0.028601686750959286
198.8027471004 -65.92102505628 -0.005441 -9.5e-05 "Gaia EDR3 5857909713297309824" 0.172 5.045 -5.039 0.173 -0.261 0.209 18.633322 0.003674 18.079666 0.098277 17.075127 0.01959 1.004539 0.045913999999999996 0.10021046267231781
198.80217810896 -65.92083109068 -0.005673 9.9e-05 "Gaia EDR3 5857909713313761536" 0.1128 5.142 -5.104 0.107 -0.623 0.144 18.215673 0.003384 18.181974 0.018913 17.071606 0.012996 1.110369 0.22426 0.02294771415631631
198.79561442658 -65.92818896625 -0.008348 -0.00726 "Gaia EDR3 5857909678937424256" 0.2436 4.984 -4.959 0.228 -0.498 0.288 19.3681 0.003774 19.710032 0.065549 18.43241 0.024156 1.277622 -0.049391000000000004 0.06985831186766539
198.81457645934 -65.93468804773 -0.000614 -0.013757 "Gaia EDR3 5857909644577623424" 0.1077 5.215 -5.176 0.101 -0.632 0.13 18.175467 0.003032 18.585886 0.015737 17.45963 0.011323 1.126257 -0.01748 0.01938719933358091
198.8471019569 -65.90743915374 0.012663 0.013488 "Gaia EDR3 5857909812046497408" 0.135 5.191 -5.151 0.127 -0.646 0.166 18.609407 0.003178 19.071878 0.018146 18.083603 0.0156 0.988275 0.192647 0.023929841537293974
198.8090297957 -65.92098090321 -0.002877 -5e-05 "Gaia EDR3 5857909713313761024" 0.1152 4.968 -4.95 0.199 -0.424 0.087 16.909056 0.003339 "" "" "" "" "" -0.04004 ""
198.81634557056 -65.91883080324 0.000108 0.0021 "Gaia EDR3 5857909713297353344" 0.1884 5.178 -5.163 0.179 -0.389 0.22 18.975254 0.003908 19.096174 0.05312 17.881035 0.051565 1.215139 0.297676 0.07403163935102343
198.81055911944 -65.92016101367 -0.002253 0.00077 "Gaia EDR3 5857909708953283200" 0.0383 4.984 -4.976 0.037 -0.286 0.044 15.726241 0.002884 16.66513 0.013309 14.613501 0.004823 2.05163 0.111317 0.014155946100490775
198.81162388785 -65.94006524012 -0.001818 -0.019135 "Gaia EDR3 5857909644577559680" 0.274 4.962 -4.941 0.265 -0.456 0.339 19.633682 0.004049 20.239098 0.041585 19.18858 0.035855 1.050518 -0.048327999999999996 0.054908043581974396
198.81490638266 -65.90050274856 -0.00048 0.020428 "Gaia EDR3 5857912668235150720" 0.1618 5.245 -5.203 0.149 -0.663 0.186 18.751133 0.003299 19.622688 0.030459 18.016966 0.012753 1.605722 0.133684 0.033021049195929554
198.76656719532 -65.90852184572 -0.020212 0.012401 "Gaia EDR3 5857912702611035648" 0.1138 5.22 -5.21 0.097 -0.332 0.12 17.999767 0.003058 18.357647 0.011759 17.39348 0.008995 0.964167 0.271531 0.014804867645473903
198.82588570941 -65.91502503007 0.004001 0.005905 "Gaia EDR3 5857909713313782528" 0.0613 4.996 -4.986 0.058 -0.324 0.074 17.210453 0.002854 18.163044 0.009472 16.239492 0.005478 1.923552 0.23926199999999997 0.010941995613232534
198.82554401976 -65.9218697392 0.00386 -0.000939 "Gaia EDR3 5857909644577830400" 0.0723 5.125 -5.119 0.066 -0.249 0.086 17.441353 0.002939 18.479736 0.02863 16.359354 0.010001 2.120382 0.212113 0.030326504925559754
198.82077651451 -65.9184779021 0.001916 0.002453 "Gaia EDR3 5857909713297289088" 0.1794 5.281 -5.25 0.171 -0.568 0.219 18.875452 0.003606 19.07008 0.059698 17.717054 0.050672 1.353025 -0.065867 0.07830391298013147
198.7707649597 -65.91272219021 -0.018495 0.008202 "Gaia EDR3 5857912633893970688" 0.1422 5.063 -5.056 0.129 -0.27 0.163 18.552948 0.003211 19.21801 0.022535 17.715483 0.016015 1.502527 -0.037399 0.027646092852336292
198.81706231137 -65.91130766803 0.0004 0.009623 "Gaia EDR3 5857909713297467648" 0.1196 4.964 -4.935 0.11 -0.537 0.14 18.261272 0.00316 18.507723 0.017855 17.354052 0.017653 1.153671 -0.036950000000000004 0.025108353868782393
198.80597972456 -65.90981949251 -0.004123 0.011111 "Gaia EDR3 5857912668234996096" 0.306 4.944 -4.912 0.278 -0.563 0.308 19.593788 0.004123 20.16579 0.068183 19.061256 0.055679 1.104534 0.022555 0.08802881647506115
198.83533135913 -65.93007985048 0.007851 -0.00915 "Gaia EDR3 5857909644577691648" 0.5061 5.238 -5.2 0.564 -0.629 0.537 20.203829 0.005945 20.672264 0.103254 19.306442 0.069362 1.365822 -0.098607 0.12438840605136799
198.83486476656 -65.90029766447 0.007669 0.020632 "Gaia EDR3 5857912766965262336" 0.0914 5.276 -5.26 0.081 -0.41 0.104 17.758398 0.002923 18.197426 0.011817 17.124182 0.00638 1.073244 -0.10012599999999999 0.013429292200261338
198.80157710469 -65.92544667475 -0.005917 -0.004517 "Gaia EDR3 5857909713299588096" 0.4529 5.121 -5.082 0.484 -0.632 0.522 20.131557 0.005643 20.86441 0.097257 19.590647 0.073646 1.273764 -0.130619 0.12199449727344262
198.81723668304 -65.92976177828 0.000471 -0.008831 "Gaia EDR3 5857909644577689600" 0.1905 5.258 -5.233 0.185 -0.505 0.22 19.027308 0.003518 19.823109 0.034523 18.416327 0.020519 1.406782 0.31221299999999996 0.040160514065434964
198.79998767957 -65.91277144944 -0.006569 0.008158 "Gaia EDR3 5857912663886021760" 0.1247 5.098 -5.078 0.111 -0.459 0.156 18.22184 0.003324 18.354956 0.037054 17.259241 0.021553 1.095715 -0.158339 0.04286642888088533
198.78588795455 -65.91778619805 -0.012321 0.003142 "Gaia EDR3 5857912633875118848" 0.1352 5.357 -5.325 0.124 -0.588 0.157 18.523521 0.003067 19.027689 0.018695 17.811388 0.014902 1.216301 0.011765 0.0239075851770939
198.82003708655 -65.91955523249 0.001614 0.001375 "Gaia EDR3 5857909713297289216" 0.1847 5.221 -5.206 0.18 -0.392 0.219 18.812918 0.003406 "" "" "" "" "" 0.334047 ""
198.79058445935 -65.94050761946 -0.010395 -0.019579 "Gaia EDR3 5857909605874065152" 0.1482 5.251 -5.231 0.142 -0.448 0.201 18.714085 0.003268 19.662853 0.033791 17.76698 0.011366 1.895874 0.340976 0.03565133429480586
198.80654043578 -65.9197202955 -0.003893 0.00121 "Gaia EDR3 5857909713297326848" 0.2103 5.212 -5.203 0.311 -0.319 0.217 18.94971 0.003623 "" "" "" "" "" 0.302666 ""
198.78327597237 -65.91960199734 -0.013385 0.001325 "Gaia EDR3 5857912633875084544" 0.1151 5.365 -5.352 0.105 -0.371 0.132 18.260592 0.003012 18.769156 0.019081 17.611687 0.009689 1.157469 0.196939 0.021400029953250067
198.81677145533 -65.92634425783 0.000281 -0.005414 "Gaia EDR3 5857909644577738496" 0.741 5.099 -5.069 0.834 -0.552 1.417 20.440739 0.008338 "" "" "" "" "" 0.31189999999999996 ""
198.83590496336 -65.92385895622 0.008087 -0.00293 "Gaia EDR3 5857909644577794048" 0.0942 5.396 -5.383 0.084 -0.381 0.112 17.662167 0.002976 18.097624 0.010212 16.840572 0.011294 1.257051 0.050996 0.015226272689006986
198.84211453931 -65.90828848633 0.010626 0.01264 "Gaia EDR3 5857909816376756096" 0.1327 4.95 -4.935 0.129 -0.394 0.164 18.558474 0.003191 18.88255 0.030512 17.728989 0.051035 1.153561 -0.10750799999999999 0.059460519414145714
198.80661007589 -65.9290333454 -0.003863 -0.008103 "Gaia EDR3 5857909644594259840" 0.0749 4.906 -4.898 0.073 -0.285 0.088 17.42181 0.002896 "" "" "" "" "" 0.08467 ""
198.85350339086 -65.92592211697 0.015265 -0.004996 "Gaia EDR3 5857909747656976512" 0.1238 5.299 -5.257 0.114 -0.667 0.149 18.457449 0.003037 18.892374 0.013354 17.90233 0.012761 0.990044 0.219219 0.018470853716057632
198.8360465285 -65.90800921617 0.00815 0.01292 "Gaia EDR3 5857909816376754048" 0.3525 5.369 -5.336 0.296 -0.589 0.367 19.593128 0.004472 "" "" "" "" "" 0.234807 ""
198.8527014997 -65.91950000494 0.014941 0.001426 "Gaia EDR3 5857909747657096960" 0.3069 5.114 -5.11 0.328 -0.199 0.344 19.714758 0.004233 20.439999 0.046317 19.10431 0.04051 1.335689 0.20821299999999998 0.06153311782284398
198.79951539193 -65.92031422186 -0.006759 0.000616 "Gaia EDR3 5857909713297319168" 0.1804 5.125 -5.112 0.181 -0.364 0.273 18.941256 0.003762 19.098026 0.034142 17.86249 0.024517 1.235537 -0.183682 0.04203283779380117
198.80223165889 -65.91914275596 -0.005651 0.001787 "Gaia EDR3 5857909713297325952" 0.3584 4.966 -4.961 0.356 -0.23 0.454 19.639296 0.006951 19.042532 0.242732 17.952778 0.107372 1.089754 0.191774 0.26541961157382477
198.84392660219 -65.90965686009 0.011366 0.011271 "Gaia EDR3 5857909816376732032" 0.1271 4.927 -4.889 0.117 -0.61 0.154 18.469194 0.003168 18.784258 0.018685 17.691587 0.012461 1.09267 0.004978999999999999 0.02245897918428173
198.79747419602 -65.93056592341 -0.007589 -0.009636 "Gaia EDR3 5857909678939844736" 0.2525 4.964 -4.921 0.249 -0.651 0.298 19.389446 0.003877 19.912296 0.029366 18.733177 0.019231 1.179119 0.172586 0.035102611256144466
198.80968799307 -65.91151848801 -0.00261 0.009412 "Gaia EDR3 5857912668234974080" 0.3692 5.02 -4.972 0.347 -0.691 0.41 19.873856 0.004828 20.225445 0.073504 19.303423 0.098489 0.922022 0.172212 0.12289394263754418
198.82918730716 -65.9162014816 0.005348 0.004729 "Gaia EDR3 5857909713297401856" 0.2153 5.25 -5.241 0.243 -0.296 0.24 19.079868 0.003538 "" "" "" "" "" -0.12948300000000001 ""
198.81981668614 -65.92185918644 0.001524 -0.000929 "Gaia EDR3 5857909713297293568" 0.1574 4.884 -4.853 0.145 -0.546 0.19 18.335045 0.004093 18.02205 0.028625 16.793955 0.020264 1.228096 0.192872 0.03507164554166228
198.81240546711 -65.9039784824 -0.001501 0.016952 "Gaia EDR3 5857912668235090432" 0.1155 5.422 -5.408 0.101 -0.389 0.124 18.083498 0.003008 18.404469 0.025586 17.3208 0.017563 1.083668 0.14632 0.031033890587549608
198.820531432 -65.91803601714 0.001816 0.002895 "Gaia EDR3 5857909713297288832" 0.2514 5.12 -5.106 0.238 -0.388 0.281 19.421654 0.00395 "" "" "" "" "" -0.20102399999999998 ""
198.82503746002 -65.92127033707 0.003654 -0.00034 "Gaia EDR3 5857909713297317248" 0.0525 4.84 -4.823 0.046 -0.403 0.063 16.640507 0.002999 17.637026 0.037231 15.435543 0.024506 2.201483 0.181077 0.04457231648680603
198.82947030218 -65.9172303513 0.005463 0.0037 "Gaia EDR3 5857909713297375872" 0.0638 5.419 -5.406 0.053 -0.374 0.074 16.538528 0.00333 16.821718 0.213089 15.219728 0.054567 1.60199 0.022727999999999998 0.2199647231035013
198.80852883785 -65.93035001477 -0.003081 -0.00942 "Gaia EDR3 5857909644577680768" 0.0739 5.169 -5.119 0.064 -0.714 0.086 16.757223 0.003047 17.555733 0.009259 15.681777 0.004519 1.873956 0.272248 0.01030293365988542
198.82981507734 -65.92700952657 0.005602 -0.006079 "Gaia EDR3 5857909644577735808" 0.1382 5.394 -5.374 0.136 -0.458 0.169 18.630236 0.003223 18.972998 0.030242 17.957586 0.024151 1.015411 0.271249 0.038702058924558524
198.80330572336 -65.92420525201 -0.005212 -0.003275 "Gaia EDR3 5857909708953281664" 0.0854 5.264 -5.219 0.078 -0.69 0.101 17.34167 0.003149 18.033258 0.017793 16.244965 0.008189 1.788294 0.276824 0.019587000025527136
198.78604472878 -65.93224440985 -0.01225 -0.011317 "Gaia EDR3 5857909674607554432" 0.1564 5.336 -5.317 0.15 -0.456 0.19 18.771175 0.003225 19.180227 0.020482 18.150278 0.019611 1.029949 0.339793 0.028356721337277343
198.76030498576 -65.92529078574 -0.022753 -0.00437 "Gaia EDR3 5857912633874970112" 0.2702 5.048 -5.027 0.226 -0.46 0.277 19.365284 0.003895 20.062134 0.072484 18.684786 0.026847 1.377348 -0.211275 0.07729612968965523
198.83112701073 -65.91050177291 0.006141 0.010428 "Gaia EDR3 5857909816376711296" 0.1551 5.424 -5.389 0.143 -0.619 0.183 18.807104 0.003237 19.274744 0.03573 18.272722 0.037249 1.002022 0.10130600000000001 0.05161512279361544
198.83527893935 -65.92514557372 0.007831 -0.004216 "Gaia EDR3 5857909644594275456" 0.0418 5.072 -5.016 0.037 -0.752 0.052 16.413948 0.002811 17.690725 0.00735 15.331326 0.004282 2.3594 0.13538 0.00850635197955034
198.78777131514 -65.91881058654 -0.011552 0.002118 "Gaia EDR3 5857912633875100288" 0.1427 5.162 -5.16 0.129 -0.155 0.163 18.60726 0.003135 19.094233 0.019855 17.987 0.014776 1.107233 0.206474 0.024749771736321126
198.80438883603 -65.93188013308 -0.004769 -0.01095 "Gaia EDR3 5857909644594252544" 0.106 5.101 -5.061 0.098 -0.638 0.126 18.19784 0.003054 18.593582 0.014767 17.494799 0.009545 1.098783 0.360994 0.0175832680125169
198.83771305776 -65.90378431112 0.008831 0.017145 "Gaia EDR3 5857909816393033344" 0.3846 5.023 -5.002 0.35 -0.46 0.406 19.689 0.005228 20.495749 0.072797 18.70629 0.026317 1.789459 -0.218301 0.0774079304593528
198.82034123077 -65.92203369267 0.001738 -0.001103 "Gaia EDR3 5857909713297293696" 0.1579 5.213 -5.211 0.153 -0.137 0.187 18.59702 0.003553 "" "" "" "" "" 0.038561 ""
198.82072288785 -65.92756173357 0.001893 -0.006631 "Gaia EDR3 5857909644577722240" 0.2107 5.353 -5.304 0.207 -0.719 0.239 19.156939 0.003464 19.736795 0.035322 18.351337 0.020021 1.385458 0.177904 0.040601528604228686
198.77995424601 -65.92003042635 -0.014741 0.000896 "Gaia EDR3 5857912629545051008" 0.138 4.847 -4.838 0.135 -0.301 0.159 18.57541 0.003157 19.06057 0.017705 17.964575 0.013235 1.095995 -0.010560000000000003 0.022105027708645832
198.82788083173 -65.91115009361 0.004816 0.00978 "Gaia EDR3 5857909713297488512" 0.1996 5.129 -5.074 0.177 -0.746 0.218 19.026852 0.003463 19.432968 0.027433 18.414034 0.023154 1.018934 0.265394 0.03589815043982071
198.83291774507 -65.92708943594 0.006867 -0.00616 "Gaia EDR3 5857909644594268800" 0.3785 4.811 -4.799 0.428 -0.34 0.449 20.051836 0.004944 20.793194 0.177537 19.499937 0.14882 1.293257 0.116174 0.2316609133388712
198.82660052851 -65.89782282645 0.004295 0.023108 "Gaia EDR3 5857912771314417408" 0.4919 5.015 -5.01 0.496 -0.224 0.604 20.231424 0.006179 21.039223 0.096465 19.343157 0.039151 1.696066 0.30663 0.10410714205086988
198.82017388114 -65.93490903609 0.001669 -0.013978 "Gaia EDR3 5857909640233808128" 0.0977 5.253 -5.197 0.089 -0.771 0.112 18.00331 0.002936 18.758867 0.016167 17.162418 0.007469 1.596449 0.205028 0.017808926132700985
198.79860047543 -65.92889390506 -0.00713 -0.007964 "Gaia EDR3 5857909678953999616" 0.0407 5.421 -5.414 0.036 -0.279 0.051 16.304615 0.002831 17.933456 0.012459 15.030587 0.006404 2.902869 0.080901 0.014008493744867791
198.81777834151 -65.92365643096 0.000692 -0.002726 "Gaia EDR3 5857909713297267328" 0.2184 5.455 -5.427 0.202 -0.544 0.238 19.116734 0.00367 19.792389 0.036005 18.300749 0.025071 1.49164 0.219046 0.04387385401352382
198.81653851517 -65.9152718019 0.000186 0.005659 "Gaia EDR3 5857909713313781120" 0.4535 5.138 -5.075 0.936 -0.799 0.4 19.684591 0.005311 "" "" "" "" "" 0.056785999999999996 ""
198.79506064347 -65.89750836518 -0.008584 0.023421 "Gaia EDR3 5857912736957888512" 0.5958 5.428 -5.401 0.665 -0.54 0.861 20.470345 0.006817 21.076796 0.227529 19.71358 0.108034 1.363216 0.294321 0.2518745540879428
198.81045884431 -65.93726953621 -0.002293 -0.016339 "Gaia EDR3 5857909644596701568" 0.3603 4.793 -4.778 0.348 -0.389 0.433 20.006145 0.004941 20.573732 0.187952 19.857992 0.141215 0.71574 0.117541 0.2350906857555186
198.83133292054 -65.9056697944 0.006226 0.01526 "Gaia EDR3 5857909816376787584" 0.2007 4.995 -4.984 0.184 -0.327 0.219 19.11276 0.003454 19.581055 0.022379 18.584604 0.021276 0.99645 0.393211 0.030878598041361914
198.80822751609 -65.90751326257 -0.003206 0.013417 "Gaia EDR3 5857912668235039744" 0.1871 5.066 -5.064 0.163 -0.148 0.204 18.93338 0.003368 19.360548 0.020743 18.414865 0.020885 0.945682 -0.07107 0.029435612342874746
198.84147205586 -65.92384885673 0.010358 -0.00292 "Gaia EDR3 5857909747657010432" 0.2811 5.417 -5.392 0.276 -0.522 0.324 19.616491 0.004144 20.369938 0.165257 19.101734 0.091392 1.268204 0.302464 0.18884484031341708
198.8201338023 -65.92014578693 0.001653 0.000785 "Gaia EDR3 5857909713297289856" 0.1085 5.215 -5.211 0.101 -0.211 0.123 17.887201 0.003408 18.097836 0.079474 16.935204 0.10073 1.162632 -0.149463 0.12830685708877762
198.86550115976 -65.90829421995 0.020173 0.012629 "Gaia EDR3 5857909747673546240" 0.3127 5.244 -5.238 0.306 -0.252 0.363 19.801628 0.004408 20.233992 0.081647 19.305399 0.053756 0.928593 -0.180751 0.09775448912965583
198.85602838805 -65.90700953703 0.016307 0.013916 "Gaia EDR3 5857909816376780160" 0.0706 5.402 -5.357 0.064 -0.697 0.077 17.109158 0.002876 17.413952 0.008543 16.392864 0.012185 1.021088 0.21447799999999997 0.014881433869086675
198.82314465596 -65.91910635097 0.002882 0.001824 "Gaia EDR3 5857909713297342336" 0.1642 4.892 -4.848 0.153 -0.654 0.184 18.585274 0.005291 18.497065 0.114656 17.48249 0.173493 1.014574 -0.032700999999999994 0.20795629200627713
198.81896468183 -65.92552178542 0.001176 -0.004591 "Gaia EDR3 5857909644577746304" 0.4534 5.062 -5.008 0.458 -0.743 0.538 20.072443 0.005402 "" "" "" "" "" -0.173533 ""
198.80411632772 -65.93351128775 -0.00488 -0.012581 "Gaia EDR3 5857909644577628032" 0.1341 5.37 -5.357 0.128 -0.362 0.164 18.569666 0.00323 18.859842 0.024448 17.738348 0.024305 1.121494 -0.163268 0.03447372519760521
198.82083445268 -65.91910752932 0.001939 0.001823 "Gaia EDR3 5857909713297288192" 0.1065 5.278 -5.219 0.091 -0.785 0.124 16.783031 0.003153 17.536446 0.00853 15.638799 0.004793 1.897647 0.221491 0.009784362472844104
198.83150696878 -65.92824733679 0.006292 -0.007317 "Gaia EDR3 5857909644577718400" 0.1182 5.024 -4.971 0.112 -0.732 0.135 18.102797 0.003145 18.617329 0.012956 17.24935 0.009279 1.367979 0.287628 0.0159360527421316
198.82035187701 -65.91586875368 0.001742 0.005062 "Gaia EDR3 5857909713297403008" 0.1402 5.397 -5.376 0.133 -0.472 0.171 18.647865 0.003217 19.038876 0.024205 17.90101 0.01852 1.137865 -0.174788 0.03047740843641401
198.83423218385 -65.92817759448 0.007403 -0.007248 "Gaia EDR3 5857909644594263168" 0.1109 4.861 -4.857 0.107 -0.218 0.132 18.217339 0.003109 18.546665 0.021511 17.438997 0.026254 1.107668 0.21058500000000002 0.033941061223833294
198.82372940646 -65.92008871499 0.00312 0.000842 "Gaia EDR3 5857909713297333632" 0.1142 5.321 -5.293 0.105 -0.537 0.127 18.128784 0.003087 18.643616 0.072832 17.1628 0.02007 1.480816 0.413134 0.07554670822742708
198.79630541764 -65.92086336635 -0.008069 6.6e-05 "Gaia EDR3 5857909713299593984" 0.3935 5.5 -5.483 0.366 -0.43 0.511 19.921057 0.00519 "" "" "" "" "" 0.140405 ""
198.78675673794 -65.91312428384 -0.011968 0.007804 "Gaia EDR3 5857912633875196416" 0.2551 5.427 -5.407 0.197 -0.471 0.404 19.050016 0.003817 "" "" "" "" "" -0.149769 ""
198.78149681925 -65.91523658049 -0.014114 0.00569 "Gaia EDR3 5857912633875158400" 0.3025 5.423 -5.382 0.282 -0.667 0.32 19.58594 0.004838 19.572777 0.072393 18.374857 0.039087 1.19792 -0.072244 0.08227113721105354
198.7700875899 -65.93152262312 -0.018758 -0.010599 "Gaia EDR3 5857909678937386496" 0.1541 4.782 -4.759 0.146 -0.464 0.185 18.736118 0.003241 "" "" "" "" "" -0.035935 ""
198.8047922075 -65.92244836986 -0.004606 -0.001518 "Gaia EDR3 5857909713297278464" 0.3758 4.999 -4.973 0.662 -0.506 0.337 19.576942 0.004806 "" "" "" "" "" 0.42583499999999996 ""
198.77271848058 -65.92033238053 -0.017693 0.000592 "Gaia EDR3 5857912633875069056" 0.2655 4.973 -4.92 0.254 -0.727 0.291 19.47439 0.003924 20.283539 0.041743 18.71856 0.021855 1.56498 0.26108 0.0471181395430677
198.87316337398 -65.92880259904 0.023282 -0.007882 "Gaia EDR3 5857909541498509184" 0.2901 5.062 -5.061 0.279 -0.098 0.34 19.729958 0.004366 20.46408 0.046277 19.088974 0.029541 1.375107 0.194044 0.05490201644748579
198.78632168808 -65.92871131828 -0.012138 -0.007783 "Gaia EDR3 5857909678937432192" 0.264 5.211 -5.143 0.251 -0.84 0.298 19.482187 0.003941 "" "" "" "" "" 0.041936999999999995 ""
198.78604347276 -65.92322780145 -0.012255 -0.0023 "Gaia EDR3 5857909678937510016" 0.5693 5.132 -5.118 0.682 -0.377 0.854 20.42241 0.006602 "" "" "" "" "" -0.38281699999999996 ""
198.85146030884 -65.91367517292 0.014438 0.007251 "Gaia EDR3 5857909743327024000" 0.1549 5.52 -5.503 0.148 -0.43 0.187 18.728119 0.003283 19.182173 0.017649 18.052483 0.013578 1.12969 0.151951 0.022267673542604314
198.78523659987 -65.92811957126 -0.012581 -0.007192 "Gaia EDR3 5857909678954000640" 0.1454 5.453 -5.423 0.132 -0.574 0.17 18.257072 0.003191 18.54977 0.01651 17.364166 0.013114 1.185604 0.301037 0.021084522664741548
198.79818181359 -65.91824974048 -0.007304 0.00268 "Gaia EDR3 5857909713299596288" 0.4615 5.069 -5.049 0.493 -0.446 0.578 20.20399 0.005948 "" "" "" "" "" -0.35529099999999997 ""
198.82248278525 -65.91809825714 0.002612 0.002832 "Gaia EDR3 5857909713297288960" 0.1966 5.181 -5.153 0.184 -0.537 0.232 18.869263 0.004338 18.804977 0.027574 17.577759 0.021516 1.227219 -0.288708 0.03497518737619572
198.79103027924 -65.92149181732 -0.010221 -0.000563 "Gaia EDR3 5857909678940394368" 0.4049 5.421 -5.408 0.403 -0.375 0.562 20.079502 0.00512 20.569426 0.073206 19.525122 0.036017 1.044304 0.32192899999999997 0.08158641262489728
198.79725165168 -65.91115752333 -0.007686 0.009772 "Gaia EDR3 5857912668237107072" 0.3806 4.767 -4.748 0.365 -0.426 0.465 19.95828 0.005055 "" "" "" "" "" -0.051784000000000004 ""
198.80324596121 -65.90967354997 -0.005239 0.011257 "Gaia EDR3 5857912668234996608" 0.5457 5.162 -5.16 0.441 -0.146 0.689 20.039547 0.01052 20.137098 0.52871 18.352821 0.028754 1.784277 0.29872299999999996 0.5294913187352556
198.79598272588 -65.92347555432 -0.0082 -0.002546 "Gaia EDR3 5857909713299590912" 0.2751 5.101 -5.065 0.249 -0.608 0.31 18.115173 0.004419 18.3229 0.015803 17.17344 0.00845 1.14946 -0.272186 0.01792030437799537
198.76072206677 -65.93043259151 -0.022578 -0.009512 "Gaia EDR3 5857909674593538048" 0.1025 4.766 -4.758 0.095 -0.271 0.114 18.084476 0.002981 18.99713 0.02007 17.12124 0.006996 1.875889 0.097516 0.021254385806228324
198.83205568614 -65.92624004233 0.006516 -0.00531 "Gaia EDR3 5857909644577746944" 0.2422 5.087 -5.084 0.234 -0.17 0.279 19.428661 0.003857 19.938074 0.043368 18.922834 0.041421 1.01524 -0.20103900000000002 0.05997068171198323
198.80008797661 -65.93592707402 -0.006522 -0.014997 "Gaia EDR3 5857909610234502784" 0.2642 5.256 -5.203 0.241 -0.745 0.283 19.035057 0.00499 19.09596 0.026068 17.892088 0.023739 1.203873 -0.18906399999999998 0.03525735022658396
198.7920541277 -65.90285925063 -0.00981 0.01807 "Gaia EDR3 5857912736954577152" 0.1744 4.975 -4.945 0.194 -0.543 0.179 18.538284 0.003457 "" "" "" "" "" -0.270118 ""
198.86166487673 -65.91670970111 0.018601 0.004214 "Gaia EDR3 5857909743308248960" 0.1728 5.518 -5.497 0.158 -0.482 0.205 18.469572 0.003419 18.579813 0.01793 17.074112 0.008806 1.505701 -0.06490699999999999 0.0199757486968574
198.79665550635 -65.9182071457 -0.007927 0.002722 "Gaia EDR3 5857909713299596416" 0.2191 5.47 -5.426 0.199 -0.694 0.251 19.149088 0.003639 19.634285 0.034891 18.533367 0.028079 1.100918 -0.045468999999999996 0.04478629390784641
198.83263430515 -65.91514500083 0.006755 0.005785 "Gaia EDR3 5857909816376635904" 0.1235 5.551 -5.531 0.119 -0.472 0.152 18.383844 0.003085 18.771832 0.023557 17.675615 0.016475 1.096216 0.081187 0.02874644106667815
198.81610131407 -65.91998090008 8e-06 0.00095 "Gaia EDR3 5857909713297289728" 0.5167 5.171 -5.13 0.615 -0.653 0.636 20.097889 0.00669 "" "" "" "" "" -0.266062 ""
198.82452250673 -65.92621638548 0.003443 -0.005286 "Gaia EDR3 5857909644577733504" 0.54 5.071 -4.998 0.778 -0.858 0.555 20.104557 0.005865 "" "" "" "" "" 0.04587 ""
198.80254207728 -65.93401158389 -0.005521 -0.013081 "Gaia EDR3 5857909610217889792" 0.1573 5.041 -5.037 0.145 -0.203 0.186 18.717972 0.003869 "" "" "" "" "" -0.24026899999999998 ""
198.81117785322 -65.93267726034 -0.002 -0.011747 "Gaia EDR3 5857909644577646720" 0.2428 5.043 -5.043 0.226 -0.042 0.274 19.353905 0.003951 19.755762 0.032225 18.618095 0.033903 1.137667 0.0066869999999999985 0.046774608859935965
198.77838506822 -65.92497515532 -0.015378 -0.004049 "Gaia EDR3 5857909678940370304" 0.4784 5.115 -5.113 0.48 -0.16 0.662 20.212048 0.005457 20.562496 0.067057 19.415966 0.044672 1.14653 0.318531 0.08057436833757992
198.83269320007 -65.91276351678 0.006779 0.008166 "Gaia EDR3 5857909816376676352" 0.3938 5.252 -5.251 0.339 -0.105 0.451 19.853117 0.004712 "" "" "" "" "" -0.154854 ""
198.82956622342 -65.92039718804 0.005502 0.000533 "Gaia EDR3 5857909644594288896" 0.1106 5.267 -5.263 0.101 -0.218 0.132 18.135284 0.002973 18.721165 0.026925 17.418306 0.013671 1.302858 0.438954 0.03019688503803
198.8239826137 -65.92974817172 0.003222 -0.008818 "Gaia EDR3 5857909644577692544" 0.1144 5.507 -5.464 0.104 -0.68 0.13 17.973139 0.003022 18.209412 0.038781 17.112299 0.027174 1.097113 -0.070436 0.0473539041368291
198.77095191422 -65.93490530784 -0.018403 -0.013981 "Gaia EDR3 5857909678937347456" 0.3886 5.349 -5.34 0.39 -0.301 0.443 20.013744 0.004974 20.440437 0.002842 19.28264 0.067232 1.157797 -0.26359699999999997 0.0672920410449854
198.80645704257 -65.90629784828 -0.003929 0.014633 "Gaia EDR3 5857912668235056640" 0.4 4.691 -4.673 0.359 -0.418 0.457 19.849808 0.004871 20.021025 0.085998 19.144905 0.258038 0.87612 0.038242 0.27199129664016825
198.81323345196 -65.93635711548 -0.001161 -0.015426 "Gaia EDR3 5857909640247832960" 0.185 4.793 -4.787 0.178 -0.244 0.208 18.969658 0.003425 19.433382 0.032428 18.246286 0.019572 1.187096 0.31339799999999995 0.03787662033497709
198.81270840779 -65.92337962307 -0.001376 -0.002449 "Gaia EDR3 5857909713313755648" 0.0865 5.461 -5.459 0.076 -0.158 0.101 17.71132 0.003284 17.891926 0.026374 16.734402 0.018682 1.157524 0.128368 0.0323203496268218
198.83664795121 -65.92368778608 0.00839 -0.002758 "Gaia EDR3 5857909644594279552" 0.3407 5.056 -5.055 0.261 -0.064 0.357 19.44784 0.004598 "" "" "" "" "" -0.133918 ""
198.77447574226 -65.91563706316 -0.016979 0.005288 "Gaia EDR3 5857912633891537408" 0.0864 4.722 -4.697 0.077 -0.485 0.096 17.422401 0.002897 18.463383 0.011882 16.391485 0.005275 2.071897 0.26571 0.013000290342911577
198.83816364525 -65.9413344771 0.009002 -0.020405 "Gaia EDR3 5857909438438268416" 0.0195 4.751 -4.745 0.017 -0.228 0.022 14.3938 0.002762 15.187819 0.002998 13.511494 0.003808 1.676325 0.24162999999999998 0.004846531543279173
198.80686848775 -65.91370256614 -0.00376 0.007228 "Gaia EDR3 5857909713297434240" 0.2506 5.204 -5.201 0.233 -0.156 0.272 19.31261 0.004125 19.498873 0.036509 18.25226 0.029783 1.246612 0.425596 0.04711617737041068
198.80878762174 -65.91078290899 -0.002977 0.010148 "Gaia EDR3 5857912668237680256" 0.5297 5.401 -5.4 0.544 -0.096 0.718 20.24291 0.006058 "" "" "" "" "" 0.042185 ""
198.79387777204 -65.93117304436 -0.009056 -0.010244 "Gaia EDR3 5857909678939843200" 0.1118 4.802 -4.8 0.1 -0.134 0.14 18.19762 0.003041 18.69157 0.014853 17.551981 0.01028 1.139589 0.006571999999999998 0.018063499356437
198.79748649323 -65.92155380153 -0.007587 -0.000624 "Gaia EDR3 5857909713299592832" 0.2401 5.005 -4.948 0.219 -0.751 0.285 19.352777 0.003756 19.856783 0.039803 18.828686 0.030158 1.028097 -0.216755 0.04993779904040625
198.83438862093 -65.91677299111 0.00747 0.004157 "Gaia EDR3 5857909816376609664" 0.1954 5.167 -5.167 0.188 -0.055 0.221 19.06107 0.003727 19.425762 0.024045 18.206984 0.015915 1.218779 0.31732899999999997 0.02883486171286417
198.82377792653 -65.93261107936 0.003138 -0.011681 "Gaia EDR3 5857909644580104576" 0.6044 5.209 -5.133 0.724 -0.887 1.215 20.360996 0.007266 20.734247 0.08972 19.303038 0.05883 1.43121 0.161205 0.10728768475458868
198.81268402069 -65.91835905983 -0.001387 0.002572 "Gaia EDR3 5857909713297365504" 0.6147 4.82 -4.765 0.617 -0.726 0.898 20.302444 0.00748 "" "" "" "" "" 0.196335 ""
198.83405943776 -65.91267724101 0.007337 0.008252 "Gaia EDR3 5857909816376679552" 0.3894 5.311 -5.302 0.358 -0.317 0.413 19.893608 0.00491 "" "" "" "" "" 0.453074 ""
198.80415202267 -65.90970956626 -0.00487 0.011221 "Gaia EDR3 5857912668234996736" 0.312 4.95 -4.903 0.269 -0.683 0.309 19.433315 0.004646 19.75051 0.040859 18.567465 0.03744 1.183044 0.432831 0.055418512078546464
198.83527460181 -65.92803024906 0.007828 -0.007101 "Gaia EDR3 5857909644577708160" 0.3411 4.984 -4.939 0.295 -0.668 0.339 19.674177 0.004734 "" "" "" "" "" -0.288329 ""
198.84814982688 -65.93586041973 0.013076 -0.014933 "Gaia EDR3 5857909541515032448" 0.4538 5.054 -5.052 0.469 -0.171 0.592 20.224503 0.005371 20.706171 0.084937 19.458534 0.061825 1.247637 -0.291387 0.10505534062578636
198.81108339925 -65.91747134465 -0.00204 0.003459 "Gaia EDR3 5857909713300908928" 0.5004 4.813 -4.799 0.523 -0.374 0.667 20.217999 0.00628 20.885141 0.218131 19.41159 0.201264 1.473551 0.449702 0.2967967837713205
198.77591755854 -65.91331491807 -0.016392 0.007611 "Gaia EDR3 5857912633875186944" 0.2828 5.116 -5.107 0.256 -0.293 0.295 19.529072 0.003961 20.03822 0.030331 19.113813 0.028094 0.924406 -0.35464 0.041342984858377126
198.85277669186 -65.90833294098 0.014979 0.012593 "Gaia EDR3 5857909816393021056" 0.5184 5.359 -5.359 0.792 -0.045 0.67 20.401981 0.00676 21.243315 0.086508 19.951311 0.078549 1.292004 0.063468 0.11684853214739156
198.83803422924 -65.93697998863 0.008951 -0.016051 "Gaia EDR3 5857909438419177216" 0.2473 4.671 -4.648 0.257 -0.466 0.282 19.416597 0.004077 19.939322 0.128203 18.73435 0.238093 1.204971 0.024176 0.2704150252075502
198.87101477521 -65.91502589389 0.022418 0.005895 "Gaia EDR3 5857909747659977344" 0.771 5.312 -5.307 0.923 -0.225 0.913 20.547255 0.007786 21.242926 0.62151 19.717545 0.042746 1.525381 -0.32259 0.6229782505160192
198.82171296362 -65.91560657443 0.002298 0.005324 "Gaia EDR3 5857909713297408384" 0.1983 4.981 -4.949 0.188 -0.567 0.225 19.126045 0.003597 19.603209 0.068745 18.365374 0.031651 1.237835 0.5301480000000001 0.07568131094266273
198.80425203577 -65.92318537898 -0.004826 -0.002255 "Gaia EDR3 5857909713297268352" 0.4214 5.4 -5.352 0.601 -0.716 0.442 20.003134 0.005073 20.711233 0.167323 19.385382 0.071199 1.325851 -0.260301 0.18184137023790817
198.84826844881 -65.90217138274 0.013142 0.018756 "Gaia EDR3 5857909816376847232" 0.201 4.945 -4.885 0.184 -0.766 0.212 19.07682 0.003395 19.844858 0.029914 18.364853 0.01791 1.480005 0.379052 0.03486567790822372
198.85578060382 -65.92377014126 0.016195 -0.002845 "Gaia EDR3 5857909747657016320" 0.3742 5.211 -5.141 0.367 -0.852 0.444 20.014194 0.00484 20.710106 0.150852 19.208158 0.073881 1.501947 0.35551299999999997 0.167972402688656
198.84310947175 -65.9147919461 0.01103 0.006136 "Gaia EDR3 5857909816376640512" 0.5347 4.87 -4.853 0.992 -0.414 0.607 20.005522 0.006685 "" "" "" "" "" -0.346008 ""
198.83196092701 -65.92410089009 0.006478 -0.003171 "Gaia EDR3 5857909644577773696" 0.1922 5.561 -5.544 0.178 -0.429 0.223 18.838121 0.003889 19.02774 0.03859 17.851337 0.028851 1.176403 -0.155328 0.04818265560344303
198.79064558693 -65.92933848361 -0.010375 -0.00841 "Gaia EDR3 5857909678939846144" 0.2142 5.186 -5.132 0.204 -0.752 0.262 19.27652 0.003564 19.67645 0.044611 18.688017 0.041394 0.988434 -0.30727400000000005 0.06085724736627512
198.84529792236 -65.92189711117 0.01192 -0.000969 "Gaia EDR3 5857909747657052544" 0.3059 4.896 -4.888 0.305 -0.286 0.367 19.756218 0.004283 20.45367 0.071037 19.056295 0.056764 1.397375 -0.333152 0.0909307817243424
198.83295566196 -65.91208041435 0.006887 0.008849 "Gaia EDR3 5857909816395424768" 0.517 4.692 -4.673 0.37 -0.42 0.476 19.879702 0.007775 "" "" "" "" "" -0.160894 ""
198.79242457677 -65.91279634245 -0.009655 0.008133 "Gaia EDR3 5857912668234928128" 0.4225 4.868 -4.811 0.345 -0.742 0.392 19.751001 0.005042 19.811707 0.063421 17.644175 0.090985 2.167532 -0.216437 0.11090758975832087
198.85894969123 -65.92598645437 0.017486 -0.005062 "Gaia EDR3 5857909541498547968" 0.324 4.771 -4.768 0.316 -0.148 0.372 19.861269 0.004551 20.351871 0.052692 19.2159 0.038852 1.135971 0.28621199999999997 0.06546697463607128
198.8347430755 -65.92238340523 0.007613 -0.001454 "Gaia EDR3 5857909644577826304" 0.1511 4.833 -4.833 0.144 -0.047 0.189 18.743374 0.003261 19.26163 0.086802 18.197165 0.034189 1.064465 0.198479 0.09329241622447133
198.79803119558 -65.90720365321 -0.007369 0.013726 "Gaia EDR3 5857912668237679232" 0.5238 5.127 -5.055 0.507 -0.859 0.628 20.207531 0.007527 "" "" "" "" "" 0.35573899999999997 ""
198.8137532787 -65.92124324202 -0.00095 -0.000313 "Gaia EDR3 5857909713297292672" 0.1908 5.196 -5.189 0.289 -0.267 0.213 18.686222 0.003537 "" "" "" "" "" -0.377103 ""
198.82562891775 -65.91333443427 0.003896 0.007596 "Gaia EDR3 5857909713297447168" 0.2637 5.028 -5.028 0.251 0.026 0.289 19.518908 0.003925 20.138952 0.062327 19.130169 0.037863 1.008783 -0.06603500000000001 0.07292641289683732
198.82140161599 -65.91780965213 0.002171 0.003121 "Gaia EDR3 5857909713297287168" 0.6658 4.983 -4.927 0.65 -0.745 1.118 20.30079 0.007557 "" "" "" "" "" 0.389794 ""
198.83325736761 -65.90941229963 0.007011 0.011517 "Gaia EDR3 5857909816393015808" 0.0433 5.451 -5.375 0.038 -0.907 0.052 16.554855 0.00281 17.523943 0.011109 15.541808 0.004789 1.982135 0.058497 0.012097289035151637
198.79118374927 -65.92834714971 -0.010155 -0.007418 "Gaia EDR3 5857909678939846656" 0.2822 5.615 -5.574 0.276 -0.683 0.352 19.678127 0.004218 20.248373 0.077013 19.265558 0.059109 0.982815 0.211465 0.09708180081766098
198.79047176385 -65.91721933231 -0.01045 0.003709 "Gaia EDR3 5857912668234869632" 0.1522 4.707 -4.704 0.136 -0.166 0.165 18.485184 0.003158 18.149763 0.464842 17.027391 0.661185 1.122372 0.23577099999999998 0.8082349220300988
198.81590213463 -65.92640565168 -7.3e-05 -0.005475 "Gaia EDR3 5857909644577738624" 0.3357 5.546 -5.517 0.331 -0.573 0.387 19.789999 0.005664 20.19068 0.085378 18.630703 0.038778 1.559977 -0.25912599999999997 0.09377172371242837
198.85369338709 -65.93981011853 0.015334 -0.018884 "Gaia EDR3 5857909541498358016" 0.2751 5.376 -5.375 0.262 -0.124 0.317 19.668169 0.004093 20.241413 0.057912 19.267757 0.035993 0.973656 -0.233524 0.06818574479317506
198.78843380897 -65.92017135063 -0.011281 0.000757 "Gaia EDR3 5857909678939856000" 0.3739 4.766 -4.724 0.367 -0.636 0.48 20.019539 0.005042 20.66727 0.197608 19.172024 0.075267 1.495247 0.347755 0.21145695295496908
198.8095693522 -65.92509159873 -0.002657 -0.004161 "Gaia EDR3 5857909713297220864" 0.1444 5.048 -5.047 0.129 -0.041 0.216 17.304628 0.003558 17.793118 0.01924 16.068035 0.00837 1.725082 -0.218872 0.02098176589327028
198.81993025228 -65.92427276001 0.00157 -0.003342 "Gaia EDR3 5857909644577765760" 0.2127 4.94 -4.883 0.194 -0.749 0.233 19.0758 0.003857 "" "" "" "" "" 0.46541099999999996 ""
198.80261756404 -65.91980711912 -0.005494 0.001123 "Gaia EDR3 5857909713297326208" 0.3154 4.739 -4.68 0.283 -0.745 0.343 18.544046 0.004686 "" "" "" "" "" 0.005705000000000002 ""
198.77786264059 -65.92247800436 -0.015592 -0.001552 "Gaia EDR3 5857912633891517056" 0.3341 5.351 -5.297 0.333 -0.761 0.389 18.812904 0.004406 19.375095 0.019804 17.755272 0.01158 1.619824 0.490649 0.022941116276240788
198.81152922354 -65.93490022923 -0.001857 -0.01397 "Gaia EDR3 5857909644594245632" 0.0699 4.949 -4.872 0.065 -0.872 0.085 17.443525 0.002873 18.004812 0.006931 16.763845 0.006273 1.240967 0.32239799999999996 0.009348223895478756
198.85722198046 -65.91395650983 0.01679 0.006969 "Gaia EDR3 5857909747673524864" 0.3 5.551 -5.531 0.299 -0.471 0.361 19.596685 0.004621 19.43679 0.065605 18.174429 0.115667 1.262361 0.416901 0.13297695632702683
198.80912544446 -65.92457014464 -0.002838 -0.00364 "Gaia EDR3 5857909713297243904" 0.1929 5.347 -5.336 0.183 -0.339 0.214 18.884949 0.00362 "" "" "" "" "" 0.5700369999999999 ""
198.77926956521 -65.9050598287 -0.015029 0.015866 "Gaia EDR3 5857912732624255744" 0.4047 5.149 -5.065 0.388 -0.923 0.417 19.790983 0.005147 20.188562 0.053157 18.696493 0.030093 1.492069 0.361863 0.06108400198087876
198.81445675207 -65.90872293519 -0.000663 0.012208 "Gaia EDR3 5857912668251300992" 0.4303 5.271 -5.207 0.39 -0.815 0.449 20.006823 0.005593 20.934029 0.086504 19.171215 0.045728 1.762814 -0.387961 0.0978467781789467
198.79349049127 -65.94182634381 -0.00921 -0.020897 "Gaia EDR3 5857909610220859264" 0.3178 4.993 -4.992 0.335 -0.106 0.447 19.800829 0.004574 20.578575 0.042787 19.08845 0.027248 1.490126 -0.318629 0.05072653026770114
198.86535754173 -65.91544499699 0.020109 0.005478 "Gaia EDR3 5857909747657168896" 0.2094 4.647 -4.642 0.205 -0.225 0.246 19.247684 0.003569 19.825733 0.02757 18.767262 0.02562 1.058472 -0.080568 0.03763627638329807
198.85619639727 -65.9110588472 0.016373 0.009867 "Gaia EDR3 5857909747657235840" 0.3361 5.056 -5.036 0.361 -0.446 0.345 19.540432 0.00585 19.383574 0.142356 18.424501 0.025877 0.959072 0.6538280000000001 0.1446888035232858
198.80105099553 -65.91819988739 -0.006133 0.00273 "Gaia EDR3 5857909713297325696" 0.2631 5.334 -5.331 0.253 -0.16 0.307 19.50597 0.003901 20.106428 0.063401 18.99572 0.051991 1.110708 0.518196 0.08199238307306356
198.79978599762 -65.91399068279 -0.006651 0.006939 "Gaia EDR3 5857912668237103488" 0.4268 5.299 -5.299 0.395 0.04 0.554 19.9823 0.00525 "" "" "" "" "" -0.158653 ""
198.81605786356 -65.92201689948 -1e-05 -0.001086 "Gaia EDR3 5857909713297293952" 0.4614 4.741 -4.695 0.481 -0.658 0.751 19.71224 0.006132 "" "" "" "" "" -0.20237999999999998 ""
198.80366598852 -65.92997155519 -0.005064 -0.009041 "Gaia EDR3 5857909644577683328" 0.2216 4.969 -4.927 0.218 -0.648 0.253 19.19604 0.003936 19.516802 0.030456 18.31942 0.018417 1.197382 -0.41449400000000003 0.03559148528791683
198.86784931002 -65.92254629189 0.02112 -0.001624 "Gaia EDR3 5857909541515070592" 0.2662 5.288 -5.189 0.204 -1.018 0.373 18.78534 0.003788 18.660437 0.029641 17.264078 0.02087 1.396359 0.164882 0.036251148685248584
198.79519933134 -65.91393298934 -0.008522 0.006996 "Gaia EDR3 5857912668251725696" 0.1223 5.099 -5.097 0.105 -0.141 0.15 18.191906 0.003139 18.5788 0.01703 17.3046 0.015876 1.2742 0.570349 0.023282359760127408
198.76324782432 -65.91123728631 -0.021564 0.009684 "Gaia EDR3 5857912702594693888" 0.2492 5.275 -5.267 0.236 -0.293 0.269 19.416594 0.003775 19.84429 0.031055 18.85344 0.02509 0.99085 0.62753 0.03992394175178598
198.78262422287 -65.93518969624 -0.013643 -0.014263 "Gaia EDR3 5857909678937347584" 0.2663 5.486 -5.431 0.248 -0.775 0.287 19.484325 0.003921 20.062286 0.043846 18.961767 0.03578 1.100519 -0.281118 0.056592226639353926
198.86218250304 -65.90763476094 0.018819 0.013289 "Gaia EDR3 5857909816376774016" 0.4377 4.977 -4.976 0.398 0.11 0.525 20.038458 0.005661 "" "" "" "" "" -0.030443 ""
198.82547797376 -65.91679969471 0.003834 0.004131 "Gaia EDR3 5857909713313776000" 0.1516 4.811 -4.81 0.14 -0.072 0.18 18.53288 0.003704 18.43808 0.021541 17.34589 0.01587 1.09219 0.412243 0.026755776591233526
198.77968747997 -65.94010045909 -0.014838 -0.019174 "Gaia EDR3 5857909610217810048" 0.1989 4.566 -4.54 0.19 -0.485 0.228 19.16203 0.003478 19.952906 0.036563 18.338976 0.017016 1.61393 0.0018569999999999993 0.04032861546098502
198.81471893922 -65.92184574415 -0.000556 -0.000915 "Gaia EDR3 5857909713297286784" 0.1011 5.586 -5.516 0.092 -0.884 0.124 17.778149 0.003122 "" "" "" "" "" 0.088898 ""
198.81673182749 -65.92216058804 0.000265 -0.00123 "Gaia EDR3 5857909713297294208" 0.1604 5.419 -5.418 0.145 -0.079 0.175 17.116114 0.003537 17.712955 0.025552 15.757388 0.030959 1.955567 0.444451 0.04014180345973509
198.82853713987 -65.94051649511 0.005078 -0.019586 "Gaia EDR3 5857909438419121664" 0.2421 5.535 -5.473 0.25 -0.824 0.258 19.12575 0.004116 18.946098 0.079122 17.555374 0.072167 1.390724 -0.204654 0.10709046070028833
198.8041316795 -65.92415573711 -0.004875 -0.003226 "Gaia EDR3 5857909713297248000" 0.2672 4.996 -4.995 0.208 0.078 0.424 18.991352 0.003841 "" "" "" "" "" 0.318295 ""
198.81353093242 -65.92314182836 -0.001041 -0.002211 "Gaia EDR3 5857909713297257472" 0.2047 5.473 -5.385 0.171 -0.973 0.24 18.94198 0.004423 "" "" "" "" "" 0.204517 ""
198.76181650515 -65.92679156445 -0.022135 -0.00587 "Gaia EDR3 5857912633874950912" 0.2642 5.637 -5.632 0.255 -0.253 0.287 19.385933 0.003958 20.394276 0.098003 18.46801 0.032036 1.926266 0.30961299999999997 0.10310622340576732
198.78091465666 -65.91763398704 -0.01435 0.003293 "Gaia EDR3 5857912633875119232" 0.474 5.647 -5.596 0.467 -0.752 0.573 20.18401 0.005379 20.803041 0.123348 19.4029 0.051997 1.400141 -0.04913100000000001 0.13385969189042682
198.80850036479 -65.91788548862 -0.003094 0.003045 "Gaia EDR3 5857909713297353600" 0.2463 5.215 -5.214 0.228 0.127 0.264 19.227448 0.003983 "" "" "" "" "" 0.18825399999999998 ""
198.84438763747 -65.91138327134 0.011553 0.009545 "Gaia EDR3 5857909816376705664" 0.485 5.125 -5.077 0.526 -0.705 0.676 20.294619 0.006003 21.144184 0.103524 20.301685 0.125575 0.842499 -0.459745 0.16274611885080392
198.85207163 -65.92689263809 0.01468 -0.005966 "Gaia EDR3 5857909743327041792" 0.2057 5.366 -5.33 0.196 -0.627 0.233 19.155985 0.004012 19.525524 0.021789 18.48179 0.021931 1.043734 0.625927 0.030914871534586715
198.84336686589 -65.94134901813 0.011123 -0.020421 "Gaia EDR3 5857909438419124736" 0.2981 4.968 -4.967 0.281 0.063 0.338 19.553091 0.004264 20.343407 0.06803 18.328398 0.032044 2.015009 -0.21787600000000001 0.07519906140371699
198.7944296495 -65.90765497041 -0.008839 0.013274 "Gaia EDR3 5857912668237111296" 0.2978 4.831 -4.772 0.264 -0.751 0.313 19.48145 0.004063 20.10008 0.044073 18.724766 0.031247 1.375315 -0.319219 0.05402595985264862
198.79874233897 -65.90303938347 -0.007079 0.01789 "Gaia EDR3 5857912668251727872" 0.0553 5.738 -5.71 0.048 -0.575 0.066 16.846601 0.00282 17.76114 0.008846 15.893481 0.005008 1.86766 0.158861 0.01016522405065427
198.83655209908 -65.90468199266 0.008357 0.016247 "Gaia EDR3 5857909816376804736" 0.1505 5.191 -5.189 0.136 0.148 0.173 18.639978 0.00332 19.145388 0.016305 17.659811 0.012276 1.485577 0.013651 0.020409635004085692
198.82958397175 -65.90786502345 0.005512 0.013065 "Gaia EDR3 5857909816379431936" 0.4416 5.499 -5.414 0.465 -0.959 0.625 20.136564 0.005684 20.782253 0.067148 19.418661 0.047298 1.363592 -0.08221800000000001 0.0821337610730204
198.8277303991 -65.91294820873 0.004754 0.007982 "Gaia EDR3 5857909713297456128" 0.3872 4.864 -4.832 0.376 -0.558 0.44 19.975534 0.004828 20.723293 0.106969 19.619793 0.053556 1.1035 0.631289 0.11962697060863825
198.84012384983 -65.901520198 0.009816 0.019409 "Gaia EDR3 5857909816376856704" 0.3361 5.709 -5.661 0.308 -0.74 0.356 19.700968 0.004347 20.088533 0.064158 18.60763 0.02985 1.480904 0.227858 0.07076207645342243
198.80641855992 -65.92008898378 -0.003943 0.000841 "Gaia EDR3 5857909713297326976" 0.1106 5.716 -5.676 0.104 -0.674 0.13 18.135132 0.003583 18.286133 0.018242 17.092896 0.016026 1.193237 0.279916 0.02428174705411454
198.86007025284 -65.91258881475 0.017953 0.008336 "Gaia EDR3 5857909747657216640" 0.4589 5.27 -5.231 0.466 -0.644 0.508 19.864851 0.006305 20.171844 0.143589 18.750143 0.068724 1.421701 0.616038 0.15918790499595123
198.81762115336 -65.93703421615 0.000628 -0.016104 "Gaia EDR3 5857909644594240384" 0.0845 5.238 -5.238 0.074 0.005 0.107 16.421665 0.003097 17.41206 0.006759 15.333301 0.004143 2.078759 -0.315133 0.007927706477916548
198.81330782797 -65.92432170303 -0.001132 -0.003391 "Gaia EDR3 5857909708953283584" 0.1244 4.519 -4.488 0.106 -0.529 0.144 17.388115 0.003791 17.547668 0.018154 16.356339 0.014297 1.19133 0.143934 0.02310783254656308
198.83592835387 -65.91617549502 0.008099 0.004754 "Gaia EDR3 5857909816376619520" 0.369 5.636 -5.623 0.352 -0.377 0.419 19.952484 0.00472 20.365564 0.070503 19.031115 0.049164 1.33445 0.429265 0.08595214892601581
198.80771575774 -65.92931440169 -0.003412 -0.008384 "Gaia EDR3 5857909644594259968" 0.0421 5.524 -5.43 0.037 -1.011 0.051 16.435732 0.002852 17.081528 0.022763 15.431067 0.00891 1.65046 0.149843 0.02444467772338183
198.81684455057 -65.92460606559 0.000311 -0.003675 "Gaia EDR3 5857909644577752960" 0.3636 4.771 -4.771 0.561 0.038 0.362 19.753647 0.004706 "" "" "" "" "" -0.193568 ""
198.80364474142 -65.92644765635 -0.005073 -0.005517 "Gaia EDR3 5857909713297211136" 0.1359 5.067 -5.064 0.11 0.188 0.154 18.02885 0.004515 17.860615 0.067684 16.648693 0.06465 1.211922 0.122086 0.09359885873235849
198.80775278365 -65.9164685217 -0.003399 0.004462 "Gaia EDR3 5857909713297389312" 0.3036 5.166 -5.05 0.29 -1.089 0.331 19.48378 0.004497 19.902122 0.120541 18.345097 0.057259 1.557026 0.193659 0.13344933781027166
198.76027467051 -65.92143904943 -0.022769 -0.000518 "Gaia EDR3 5857912633875037056" 0.4408 5.363 -5.302 0.375 -0.808 0.455 19.930891 0.005397 20.63327 0.075764 18.806942 0.037035 1.826328 0.530078 0.0843313400877752
198.80592964881 -65.91782031236 -0.004143 0.00311 "Gaia EDR3 5857909713297355008" 0.276 4.775 -4.688 0.526 -0.904 0.251 19.189814 0.004078 "" "" "" "" "" 0.264529 ""
198.84295152809 -65.933932221 0.010957 -0.013004 "Gaia EDR3 5857909434089399168" 0.2436 4.564 -4.514 0.23 -0.67 0.277 19.429718 0.003845 19.985434 0.043068 18.856892 0.023126 1.128542 0.19597900000000001 0.0488841947872725
198.81745446262 -65.91437138209 0.00056 0.006559 "Gaia EDR3 5857909713297412864" 0.1583 5.591 -5.591 0.144 -0.084 0.188 18.280523 0.003467 18.617662 0.021033 17.341196 0.024 1.276466 0.345659 0.03191217775395468
198.854879666 -65.92924946005 0.015824 -0.008324 "Gaia EDR3 5857909541500894336" 0.4858 5.007 -5.006 0.495 0.071 0.59 20.240816 0.005642 20.766565 0.089903 19.3376 0.051488 1.428965 -0.365541 0.10360291285962958
198.82991841463 -65.9247572718 0.005644 -0.003827 "Gaia EDR3 5857909644577773568" 0.3985 5.052 -5.01 0.399 -0.65 0.489 19.834927 0.013149 "" "" "" "" "" -0.537821 ""
198.83725658484 -65.92148958604 0.008639 -0.00056 "Gaia EDR3 5857909747673501952" 0.3496 5.348 -5.295 0.335 -0.749 0.4 19.45177 0.005133 "" "" "" "" "" 0.6567890000000001 ""
198.80016732133 -65.93043510223 -0.006491 -0.009505 "Gaia EDR3 5857909610234518016" 0.0978 4.5 -4.476 0.091 -0.459 0.11 16.946617 0.003679 17.444437 0.020659 15.392394 0.015676 2.052043 0.261469 0.025933207611091996
198.81413419657 -65.89957374974 -0.000795 0.021357 "Gaia EDR3 5857912668235165696" 0.3935 4.778 -4.718 0.387 -0.755 0.423 20.02981 0.004924 20.822351 0.093336 19.758429 0.081764 1.063923 -0.34967200000000004 0.12408448973179526
198.81895070123 -65.9181321317 0.001171 0.002799 "Gaia EDR3 5857909713299597056" 0.4995 4.903 -4.879 0.549 -0.483 0.637 20.257036 0.005715 20.693235 0.14343 19.224497 0.105107 1.468739 -0.512605 0.1778191394338641
198.81092667475 -65.91623789456 -0.002104 0.004693 "Gaia EDR3 5857909713297393408" 0.3124 5.349 -5.24 0.301 -1.073 0.461 19.468046 0.005195 "" "" "" "" "" 0.302724 ""
198.83399144055 -65.90899192521 0.00731 0.011938 "Gaia EDR3 5857909816376740864" 0.224 5.202 -5.201 0.211 0.099 0.254 18.992607 0.003859 "" "" "" "" "" -0.276798 ""
198.83555635629 -65.92845267633 0.007943 -0.007523 "Gaia EDR3 5857909644594263040" 0.4082 4.639 -4.639 0.426 0.015 0.421 20.021725 0.005016 "" "" "" "" "" 0.088944 ""
198.81213493409 -65.90336887927 -0.001611 0.017562 "Gaia EDR3 5857912668235097600" 0.4184 5.376 -5.374 0.37 -0.136 0.368 19.525957 0.007079 "" "" "" "" "" -0.45620900000000003 ""
198.79129150354 -65.92544323229 -0.010113 -0.004515 "Gaia EDR3 5857909678939849600" 0.518 5.118 -5.042 0.576 -0.883 0.675 20.370623 0.006337 21.351915 0.160918 20.03417 0.104561 1.317745 -0.452696 0.19190519910883083
198.80893263468 -65.92143791363 -0.002917 -0.000507 "Gaia EDR3 5857909713297293184" 0.3719 5.223 -5.125 0.384 -1.007 0.411 19.839605 0.005479 "" "" "" "" "" -0.355707 ""
198.81093502794 -65.91079277786 -0.002101 0.010138 "Gaia EDR3 5857909708948523136" 0.2667 4.715 -4.715 0.238 0.025 0.275 19.38705 0.003846 19.95116 0.051435 18.87904 0.03023 1.072121 0.35764399999999996 0.05966080895361711
198.79446898714 -65.92177111098 -0.008818 -0.000842 "Gaia EDR3 5857909713314224640" 0.2194 5.016 -5.009 0.215 -0.27 0.254 18.61816 0.003456 18.511923 0.017377 17.49496 0.015361 1.016962 -0.558738 0.023193112124076837
198.80238566427 -65.91725425354 -0.005589 0.003676 "Gaia EDR3 5857909713300157184" 0.4819 5.181 -5.176 0.447 0.219 0.599 20.160458 0.005656 20.953844 0.113918 19.730803 0.111029 1.223041 0.130996 0.15907466663488565
198.7828521447 -65.9202686372 -0.013558 0.000658 "Gaia EDR3 5857912633875074816" 0.3315 4.882 -4.88 0.302 -0.149 0.335 19.718489 0.004367 20.196232 0.163635 19.064766 0.093262 1.131466 0.631808 0.1883459950967899
198.83456012969 -65.92651877326 0.007537 -0.005589 "Gaia EDR3 5857909644577743488" 0.376 4.689 -4.604 0.409 -0.893 0.442 20.01862 0.005068 20.74016 0.092133 19.53777 0.058088 1.202391 -0.02905 0.10891604763761858
198.78956614386 -65.94092981571 -0.01081 -0.020001 "Gaia EDR3 5857909610220857728" 0.7642 4.95 -4.875 1.043 -0.859 1.082 20.5851 0.008369 21.32618 0.463236 20.084452 0.214699 1.241728 0.585815 0.5105714957740982
198.83776256088 -65.92124827466 0.008845 -0.000319 "Gaia EDR3 5857909747657057920" 0.1545 5.827 -5.812 0.14 -0.417 0.186 18.181732 0.003347 18.720568 0.038581 17.134426 0.01751 1.586142 0.164422 0.04236854565594623
198.84459111151 -65.92360444004 0.01163 -0.002676 "Gaia EDR3 5857909747657014272" 0.1892 5.662 -5.599 0.177 -0.839 0.216 18.906563 0.003331 19.494364 0.038274 18.30084 0.022885 1.193523 -0.238359 0.044593971576884696
198.8076635064 -65.90654387451 -0.003437 0.014387 "Gaia EDR3 5857912668251727616" 0.5997 5.695 -5.656 0.641 -0.673 0.678 20.057634 0.006979 "" "" "" "" "" -0.32579400000000003 ""
198.82837716157 -65.91790928024 0.005017 0.003021 "Gaia EDR3 5857909713297376128" 0.1017 5.698 -5.686 0.105 -0.367 0.116 17.69617 0.003059 "" "" "" "" "" 0.49872 ""
198.79729359538 -65.93205359276 -0.007662 -0.011124 "Gaia EDR3 5857909610220365824" 0.4554 5.447 -5.445 0.415 0.151 0.592 19.632772 0.006274 19.845997 0.035103 18.377695 0.020501 1.468302 0.276625 0.04065109604918421
198.83508695858 -65.91308995186 0.007756 0.00784 "Gaia EDR3 5857909816376665984" 0.2697 5.792 -5.765 0.255 -0.552 0.305 19.36082 0.003949 19.711172 0.034372 18.266237 0.030333 1.444935 0.360745 0.04584239602158683
198.86243277145 -65.9108540441 0.018918 0.01007 "Gaia EDR3 5857909747657243264" 0.4413 4.882 -4.878 0.401 0.195 0.442 19.952938 0.004987 20.552574 0.075091 19.01201 0.042598 1.540564 -0.151385 0.08633219495066716
198.80478878072 -65.92222937079 -0.004607 -0.001299 "Gaia EDR3 5857909713297278336" 0.2645 4.428 -4.412 0.24 -0.371 0.297 18.722641 0.004005 18.744387 0.028649 17.559217 0.017828 1.185169 0.023413 0.033743188720095796
198.82619679731 -65.92087456436 0.004127 5.6e-05 "Gaia EDR3 5857909713316199808" 0.4798 5.188 -5.187 0.415 0.124 0.51 20.002249 0.005962 "" "" "" "" "" -0.282971 ""
198.81719272054 -65.9199053161 0.000453 0.001025 "Gaia EDR3 5857909713297289600" 0.3814 5.701 -5.701 0.369 -0.042 0.445 19.767866 0.006213 19.347628 0.139038 17.985847 0.046723 1.36178 -0.031915 0.1466785743488121
198.79928722515 -65.91862447478 -0.006853 0.002305 "Gaia EDR3 5857909713297325568" 0.3104 5.301 -5.178 0.307 -1.139 0.404 19.656744 0.004591 19.834566 0.110716 18.761436 0.044602 1.07313 -0.16719 0.11936235193728381
198.87276352239 -65.91266555629 0.023133 0.008255 "Gaia EDR3 5857909747659985408" 0.5003 4.421 -4.404 0.533 -0.381 0.736 20.30196 0.005967 21.001013 0.204563 19.826271 0.13339 1.174742 0.095279 0.2442107963809135
198.8196431445 -65.92597829893 0.001453 -0.005048 "Gaia EDR3 5857909644594271488" 0.1899 4.825 -4.825 0.18 0.021 0.223 18.723797 0.003576 19.233612 0.04356 17.855303 0.033409 1.378309 0.5491999999999999 0.05489658350935876
198.82315728745 -65.91794752142 0.002887 0.002983 "Gaia EDR3 5857909713297288704" 0.3824 4.555 -4.555 0.295 -0.011 0.393 19.63342 0.004914 "" "" "" "" "" 0.003940000000000001 ""
198.82049911738 -65.92328239974 0.001802 -0.002352 "Gaia EDR3 5857909644577795968" 0.1486 5.823 -5.775 0.136 -0.74 0.173 18.561247 0.0034 19.11453 0.034725 17.374062 0.016424 1.740469 0.199735 0.03841319305915612
198.81483795611 -65.91626492365 -0.000508 0.004666 "Gaia EDR3 5857909713313778048" 0.1698 5.625 -5.543 0.169 -0.954 0.199 18.738712 0.003468 18.91893 0.035905 17.401026 0.036364 1.517904 0.40478000000000003 0.05110293064981694
198.78602618233 -65.93331204561 -0.012257 -0.012384 "Gaia EDR3 5857909678937368320" 0.4426 4.549 -4.533 0.433 -0.374 0.517 20.138084 0.005683 20.620115 0.085679 19.071499 0.047533 1.548616 0.432769 0.09798100392423013
198.8168206197 -65.93312350051 0.000301 -0.012193 "Gaia EDR3 5857909644577638784" 0.2826 5.148 -5.054 0.271 -0.98 0.316 19.582407 0.004092 19.78738 0.054618 18.49746 0.05756 1.289921 -0.419931 0.07934909907491074
198.80919673779 -65.91823635248 -0.002809 0.002694 "Gaia EDR3 5857909713297353472" 0.2158 5.318 -5.313 0.173 0.219 0.477 18.541458 0.003763 "" "" "" "" "" 0.288263 ""
198.81606538099 -65.92725722441 -7e-06 -0.006327 "Gaia EDR3 5857909644594266624" 0.0605 4.597 -4.596 0.057 0.055 0.07 16.933283 0.002881 18.312733 0.010379 15.811361 0.004614 2.501371 0.078944 0.0113583729908821
198.81928159615 -65.90859942923 0.001306 0.012331 "Gaia EDR3 5857912668235021696" 0.4573 5.746 -5.688 0.432 -0.816 0.583 20.058226 0.005447 18.333889 1.737303 18.805294 0.614164 -0.471405 0.337843 1.8426663107315442
198.85680267093 -65.90699172529 0.016623 0.013934 "Gaia EDR3 5857909816393025408" 0.4743 5.089 -5.082 0.434 0.276 0.851 19.988167 0.006527 "" "" "" "" "" 0.199935 ""
198.82124689531 -65.91711979086 0.002108 0.003811 "Gaia EDR3 5857909713297383040" 0.3776 5.513 -5.421 0.307 -1.007 0.677 19.488163 0.005234 "" "" "" "" "" -0.293543 ""
198.82805468027 -65.92802294279 0.004883 -0.007093 "Gaia EDR3 5857909644577719552" 0.2207 4.625 -4.625 0.223 -0.02 0.253 19.205832 0.003793 19.715288 0.030601 18.599861 0.026159 1.115427 -0.246792 0.04025809834058236
198.81265297179 -65.92729031051 -0.001399 -0.00636 "Gaia EDR3 5857909644577723392" 0.1951 4.454 -4.45 0.186 -0.18 0.219 18.992493 0.003845 19.34497 0.045637 18.091257 0.041505 1.253714 -0.086454 0.06168793069961093
198.80407377094 -65.92690412413 -0.004898 -0.005974 "Gaia EDR3 5857909713297202816" 0.1627 5.004 -4.997 0.144 0.265 0.201 18.540037 0.003323 "" "" "" "" "" 0.242708 ""
198.78711733503 -65.90880346983 -0.011823 0.012125 "Gaia EDR3 5857912668235006720" 0.3389 5.658 -5.627 0.307 -0.598 0.347 19.737871 0.004195 20.214588 0.050667 19.061413 0.04351 1.153175 -0.43851599999999996 0.06678521534741054
198.81371375044 -65.91902261757 -0.000966 0.001908 "Gaia EDR3 5857909713297348096" 0.2859 5.321 -5.321 0.281 0.085 0.346 19.578968 0.004176 20.193989 0.081477 18.85636 0.068505 1.337629 -0.392515 0.10644922054200302
198.80439020201 -65.93411966151 -0.004768 -0.013189 "Gaia EDR3 5857909605869265920" 0.173 5.855 -5.812 0.166 -0.706 0.213 18.832714 0.00363 "" "" "" "" "" 0.20771900000000001 ""
198.85276963204 -65.92883472774 0.014964 -0.007908 "Gaia EDR3 5857909541498502656" 0.3422 5.141 -5.102 0.334 -0.635 0.426 19.95348 0.004686 20.768518 0.095595 19.16907 0.045227 1.599449 -0.6469699999999999 0.1057538914366748
198.79596237743 -65.9199828251 -0.008209 0.000947 "Gaia EDR3 5857909708967291520" 0.327 4.557 -4.553 0.328 -0.195 0.426 19.66151 0.00422 "" "" "" "" "" 0.493935 ""
198.80277459911 -65.91442980817 -0.005431 0.0065 "Gaia EDR3 5857909713297419904" 0.2822 4.409 -4.398 0.253 -0.306 0.312 19.413755 0.004957 19.569534 0.123469 18.365541 0.033219 1.203993 -0.076871 0.1278596727744913
198.82272249145 -65.92084722067 0.002709 8.3e-05 "Gaia EDR3 5857909640247810304" 0.1266 5.551 -5.465 0.109 -0.968 0.183 16.979795 0.00359 "" "" "" "" "" 0.539898 ""
198.83427120051 -65.92168621062 0.007421 -0.000757 "Gaia EDR3 5857909644577838080" 0.6466 5.23 -5.164 0.677 -0.829 1.171 20.163403 0.006639 "" "" "" "" "" -0.5684389999999999 ""
198.76475026619 -65.9173867851 -0.020946 0.003535 "Gaia EDR3 5857912633877878400" 0.6624 4.813 -4.812 0.782 0.089 0.832 20.418596 0.006456 21.773314 0.158129 19.92082 0.123288 1.852493 -0.359699 0.2005111258384432
198.84290598428 -65.9008129774 0.010953 0.020115 "Gaia EDR3 5857909816376874496" 0.1069 4.405 -4.401 0.089 -0.202 0.115 17.731773 0.003018 18.183172 0.046828 16.822046 0.027315 1.361126 0.173155 0.05421227544569588
198.81154674469 -65.92724460444 -0.00185 -0.006314 "Gaia EDR3 5857909644594266368" 0.3481 5.881 -5.863 0.293 -0.469 0.318 19.550056 0.004373 "" "" "" "" "" 0.24275999999999998 ""
198.80856204984 -65.91642456066 -0.003069 0.004506 "Gaia EDR3 5857909713313776512" 1.3196 4.444 -4.393 1.655 -0.673 2.053 20.70361 0.013186 "" "" "" "" "" 0.111794 ""
198.77504177046 -65.91438892832 -0.016749 0.006536 "Gaia EDR3 5857912633893969024" 0.047 4.555 -4.555 0.04 -0.019 0.054 16.583096 0.002805 17.075283 0.005705 15.939942 0.004784 1.135341 0.39078599999999997 0.007445379842560083
198.80414901718 -65.92582736046 -0.004868 -0.004897 "Gaia EDR3 5857909713297210752" 0.384 4.598 -4.596 0.352 -0.164 0.381 19.80888 0.005069 "" "" "" "" "" 0.566201 ""
198.80567948048 -65.93138171872 -0.004242 -0.010451 "Gaia EDR3 5857909644577663104" 0.1268 4.796 -4.789 0.116 0.244 0.153 18.502127 0.00317 18.955173 0.017904 17.866825 0.011511 1.088348 0.051157999999999995 0.021285120084227855
198.81463946996 -65.91396192977 -0.000589 0.006969 "Gaia EDR3 5857909713297426432" 0.3114 5.345 -5.293 0.284 -0.742 0.552 19.213806 0.004886 "" "" "" "" "" 0.7808700000000001 ""
198.83027735711 -65.9436817106 0.005787 -0.022752 "Gaia EDR3 5857909438422202496" 0.8088 5.525 -5.424 1.266 -1.052 1.442 20.70378 0.008893 21.431911 0.258014 19.743942 0.180491 1.687969 0.43382600000000004 0.3148781117781927
198.80770579165 -65.92118961833 -0.003417 -0.000259 "Gaia EDR3 5857909713297292800" 0.2752 5.403 -5.264 0.231 -1.219 0.288 19.150036 0.004257 "" "" "" "" "" 0.11479900000000001 ""
198.77127436125 -65.92320073761 -0.01828 -0.002277 "Gaia EDR3 5857912629545054208" 0.3204 5.579 -5.468 0.303 -1.11 0.395 19.55352 0.004205 20.082693 0.108119 18.567068 0.021891 1.515625 -0.161055 0.11031289154944676
198.80295931432 -65.92005324543 -0.005354 0.000877 "Gaia EDR3 5857909713297325312" 0.1152 5.871 -5.815 0.107 -0.808 0.126 17.007051 0.003864 17.592695 0.017328 15.845205 0.007478 1.74749 0.163844 0.01887273345331831
198.76192374479 -65.93002814089 -0.022089 -0.009107 "Gaia EDR3 5857909678937404672" 0.4283 4.441 -4.44 0.398 -0.099 0.435 19.939474 0.005177 "" "" "" "" "" 0.285267 ""
198.8197069112 -65.90750302325 0.00148 0.013428 "Gaia EDR3 5857912668237703808" 0.5168 5.474 -5.47 0.616 -0.199 0.664 20.305656 0.006281 21.263826 0.125177 20.081743 0.087253 1.182083 -0.590827 0.15258560658856393
198.85403198798 -65.90213925917 0.015495 0.018787 "Gaia EDR3 5857909816376849664" 0.1485 4.625 -4.612 0.136 -0.353 0.171 18.642008 0.003145 19.314753 0.01982 17.852242 0.014604 1.462511 0.709174 0.024619285448607156
198.82746326987 -65.91672605969 0.004644 0.004204 "Gaia EDR3 5857909713297385984" 0.8131 4.569 -4.533 0.67 -0.57 0.833 20.126173 0.007743 "" "" "" "" "" 0.589073 ""
198.83585916741 -65.92163463849 0.008069 -0.000705 "Gaia EDR3 5857909644577837952" 0.1513 5.639 -5.523 0.148 -1.138 0.189 18.739067 0.003246 19.207615 0.031352 18.08598 0.022331 1.121635 -0.064663 0.03849183634226873
198.77171845527 -65.91656340512 -0.018103 0.004361 "Gaia EDR3 5857912633875133824" 0.5286 5.779 -5.699 0.515 -0.96 0.526 20.266413 0.00589 21.204567 0.08053 19.490294 0.054225 1.714274 -0.222665 0.09708466163612046
198.77171339461 -65.91423476934 -0.018107 0.00669 "Gaia EDR3 5857912633875170176" 0.3853 4.717 -4.688 0.351 -0.527 0.386 19.83716 0.004836 20.22591 0.050491 19.102152 0.05122 1.123758 0.7809130000000001 0.07192238511756963
198.84116785759 -65.91917322056 0.010236 0.001755 "Gaia EDR3 5857909747659928448" 0.7595 4.397 -4.384 0.757 -0.33 1.105 20.562181 0.007695 21.176058 0.149598 20.655722 0.208693 0.520336 0.378882 0.25677291495210314
198.81360933644 -65.93341816653 -0.001008 -0.012487 "Gaia EDR3 5857909644577638272" 0.3656 5.632 -5.624 0.358 -0.291 0.449 19.943933 0.00497 20.342028 0.050982 18.947886 0.035244 1.394142 0.6432059999999999 0.06197825312155869
198.76233501799 -65.92930352877 -0.021921 -0.008382 "Gaia EDR3 5857909678937414784" 0.3186 5.55 -5.461 0.305 -0.987 0.348 19.790705 0.004317 20.530008 0.083363 19.018091 0.056681 1.511917 -0.48021400000000003 0.10080736843108247
198.84317836953 -65.92640861919 0.011053 -0.00548 "Gaia EDR3 5857909747659909760" 0.7099 5.654 -5.533 0.676 -1.163 1.07 20.466663 0.007485 21.145628 0.389106 18.841263 0.192318 2.304365 0.000761 0.4340388143472885
198.80870727111 -65.91828060574 -0.003009 0.00265 "Gaia EDR3 5857909713313770368" 0.1982 5.467 -5.373 0.166 -1.009 0.21 17.032824 0.003146 17.216864 0.007855 16.058048 0.006911 1.158815 0.643564 0.010462454109815727
198.8435114599 -65.92167109033 0.011191 -0.000743 "Gaia EDR3 5857909747657057280" 0.1804 5.72 -5.682 0.172 -0.654 0.217 18.971666 0.003512 19.27674 0.025946 18.11046 0.027568 1.166279 -0.478835 0.0378574898798111
198.8394670449 -65.9132695945 0.009544 0.007659 "Gaia EDR3 5857909816376670720" 0.0696 5.945 -5.917 0.064 -0.578 0.083 17.443487 0.002859 17.919352 0.020665 16.71121 0.008342 1.208141 0.296267 0.02228522355732605
198.80452689466 -65.91206722847 -0.004716 0.008863 "Gaia EDR3 5857912668234960512" 0.2261 5.811 -5.809 0.211 -0.144 0.24 19.18226 0.004856 19.33758 0.040977 18.281776 0.029141 1.055803 -0.25508200000000003 0.05028232701456845
198.82220964101 -65.92775721094 0.002499 -0.006827 "Gaia EDR3 5857909644577721088" 0.3751 4.559 -4.559 0.374 -0.07 0.429 19.914825 0.004875 "" "" "" "" "" 0.558744 ""
198.80736028958 -65.91331614603 -0.003559 0.007614 "Gaia EDR3 5857909713313784448" 0.9615 5.681 -5.577 2.255 -1.082 1.778 20.595991 0.009795 "" "" "" "" "" 0.35155000000000003 ""
198.82273908297 -65.92662707873 0.002715 -0.005697 "Gaia EDR3 5857909644577732736" 0.7396 4.558 -4.555 1.248 0.169 1.107 20.521381 0.009489 "" "" "" "" "" 0.048924 ""
198.8136747174 -65.92399242179 -0.000982 -0.003062 "Gaia EDR3 5857909713297249280" 0.181 5.605 -5.601 0.255 0.213 0.2 18.648891 0.003442 "" "" "" "" "" -0.08926300000000001 ""
198.81685207291 -65.93348047826 0.000314 -0.01255 "Gaia EDR3 5857909644577638912" 0.3585 5.284 -5.235 0.451 -0.714 0.382 19.66471 0.004524 19.618528 0.045986 18.428238 0.140861 1.19029 -0.747679 0.1481773718116231
198.76124381382 -65.92973457891 -0.022366 -0.008814 "Gaia EDR3 5857909678937404544" 0.3404 4.838 -4.788 0.313 -0.688 0.366 19.632938 0.007383 19.262627 0.058651 18.010855 0.030296 1.251772 0.83843 0.06601353964907503
198.82059630664 -65.92488416209 0.001842 -0.003954 "Gaia EDR3 5857909644577766016" 0.3285 5.566 -5.484 0.398 -0.951 0.326 19.35459 0.004626 "" "" "" "" "" -0.5152509999999999 ""
198.83757086135 -65.92995011624 0.008764 -0.009021 "Gaia EDR3 5857909644577695488" 0.4288 5.418 -5.301 0.388 -1.121 0.43 19.932613 0.004702 20.858822 0.072212 19.217012 0.038944 1.641809 -0.426921 0.08204393993464722
198.82441132746 -65.92426638841 0.003398 -0.003336 "Gaia EDR3 5857909644577778944" 0.1323 5.823 -5.739 0.115 -0.985 0.217 17.233418 0.003604 17.35031 0.011048 15.622592 0.006411 1.727717 0.388872 0.012773379544975559
198.77540687803 -65.92336854619 -0.016594 -0.002443 "Gaia EDR3 5857912633877872128" 0.5274 4.452 -4.452 0.578 0.071 0.81 20.321682 0.005951 21.043146 0.097657 19.518404 0.066761 1.524742 -0.16165000000000002 0.11829590343710132
198.85540024549 -65.93882209665 0.016031 -0.017896 "Gaia EDR3 5857909541498374528" 0.3631 4.712 -4.706 0.343 0.232 0.397 19.89531 0.004626 20.5053 0.075645 18.83144 0.051796 1.67386 0.408227 0.09167874148896242
198.84772309754 -65.9099970142 0.012915 0.01093 "Gaia EDR3 5857909816378824832" 0.4816 5.994 -5.973 0.546 -0.496 0.639 20.352125 0.005944 20.942863 0.108429 19.941393 0.085356 1.001471 -0.096875 0.1379945461857098
198.8578904629 -65.90501452632 0.017068 0.01591 "Gaia EDR3 5857909816376811008" 0.283 5.584 -5.578 0.262 -0.259 0.318 19.635273 0.004385 20.167915 0.046882 18.969618 0.032008 1.198298 0.825198 0.05676648648630634
198.77399484731 -65.91147022699 -0.017178 0.009455 "Gaia EDR3 5857912633875218816" 0.469 5.562 -5.501 0.446 -0.827 0.459 20.038828 0.005167 20.353695 0.064678 19.003473 0.055009 1.350222 -0.615357 0.0849072067907077
198.83413598001 -65.91434292691 0.007368 0.006587 "Gaia EDR3 5857909816393000192" 0.1415 5.975 -5.971 0.129 -0.241 0.166 16.402418 0.003014 17.23966 0.004972 15.362381 0.004334 1.877279 -0.014433000000000001 0.006595781985481327
198.77816980622 -65.93679376968 -0.015458 -0.015868 "Gaia EDR3 5857909678937327744" 0.2685 5.736 -5.698 0.256 -0.653 0.312 19.582838 0.003996 19.90843 0.079433 18.739826 0.040441 1.168604 -0.5549919999999999 0.08913515563457552
198.86008106127 -65.92901242287 0.017946 -0.008088 "Gaia EDR3 5857909541498502784" 0.3583 4.715 -4.707 0.355 0.268 0.402 19.927319 0.004457 20.460014 0.049374 19.282013 0.043437 1.178001 0.39676399999999995 0.06576142368440635
198.83167591616 -65.93922178881 0.006358 -0.018292 "Gaia EDR3 5857909438419143168" 0.3478 5.208 -5.155 0.4 -0.737 0.344 19.639505 0.004689 19.676704 0.215545 18.206455 0.11263 1.470249 0.949254 0.24319778766469072
198.82158872511 -65.92458627578 0.002246 -0.003656 "Gaia EDR3 5857909644577772032" 0.3691 5.933 -5.854 0.357 -0.964 0.582 19.884102 0.00489 "" "" "" "" "" 0.175859 ""
198.78572402313 -65.90990123797 -0.012391 0.011026 "Gaia EDR3 5857912663904787840" 0.3582 5.462 -5.36 0.338 -1.05 0.373 19.780537 0.004728 20.118546 0.052923 18.816574 0.039247 1.301971 0.697326 0.06588756284762701
198.80536574547 -65.92695933278 -0.004371 -0.006029 "Gaia EDR3 5857909713297201536" 0.3379 5.494 -5.379 0.327 -1.122 0.372 19.818586 0.004762 "" "" "" "" "" 0.6126280000000001 ""
198.8456274727 -65.93227935118 0.012049 -0.011351 "Gaia EDR3 5857909541498456064" 0.5967 5.518 -5.392 0.669 -1.17 0.883 20.350616 0.007365 "" "" "" "" "" -0.489131 ""
198.80099025347 -65.92158053769 -0.006157 -0.000651 "Gaia EDR3 5857909713297309568" 0.811 4.501 -4.486 1.339 -0.375 1.278 20.58954 0.007936 21.356739 0.350648 20.77127 0.390289 0.585468 0.8116019999999999 0.5246708715232817
198.83856220797 -65.91235518022 0.009175 0.008574 "Gaia EDR3 5857909816376686336" 0.1815 5.763 -5.688 0.168 -0.928 0.201 18.986563 0.003503 19.665407 0.030322 18.030739 0.015898 1.634668 0.646425 0.03423696960888916
198.80036545415 -65.92053459238 -0.006412 0.000395 "Gaia EDR3 5857909713297319296" 0.2312 5.062 -4.989 0.229 -0.857 0.316 19.305958 0.004036 "" "" "" "" "" -0.735392 ""
198.80561499691 -65.91822480926 -0.004271 0.002706 "Gaia EDR3 5857909713313770496" 0.1985 4.559 -4.552 0.17 0.237 0.225 16.649103 0.003743 16.985756 0.014045 15.311035 0.006592 1.674721 -0.136299 0.015515040734719326
198.81558018266 -65.91434682879 -0.000205 0.006584 "Gaia EDR3 5857909713297412608" 0.1604 5.932 -5.842 0.151 -1.032 0.192 18.779114 0.0035 18.73822 0.310874 17.723938 0.014794 1.014282 0.21461400000000003 0.3112258124127881
198.79437341195 -65.92155869446 -0.008857 -0.00063 "Gaia EDR3 5857909713299592448" 0.2856 5.799 -5.752 0.54 -0.734 0.308 18.998405 0.005184 "" "" "" "" "" -0.549421 ""
198.79161926762 -65.91358745741 -0.009984 0.007341 "Gaia EDR3 5857912668251725952" 0.0199 6.009 -5.936 0.017 -0.933 0.024 13.813337 0.002955 15.863448 0.007546 12.488529 0.004459 3.374919 0.092276 0.008764975584677917
198.81381734443 -65.92088999314 -0.000924 4.1e-05 "Gaia EDR3 5857909713297292032" 0.1296 5.377 -5.324 0.116 -0.755 0.148 17.943834 0.003536 18.157864 0.037829 16.625418 0.021769 1.532446 0.978765 0.043645419026514115
198.83440916373 -65.90600972656 0.007482 0.01492 "Gaia EDR3 5857909816379441280" 0.4832 4.642 -4.632 0.513 0.306 0.578 20.215765 0.005614 20.759968 0.092064 19.456001 0.048372 1.303967 -0.263838 0.10399822344636468
198.82484164512 -65.92429516 0.003573 -0.003365 "Gaia EDR3 5857909644577778688" 0.1177 5.614 -5.453 0.099 -1.333 0.226 17.704025 0.004784 "" "" "" "" "" -0.10579899999999999 ""
198.81152531702 -65.93002775636 -0.001858 -0.009097 "Gaia EDR3 5857909644580107520" 0.4768 5.517 -5.373 0.493 -1.255 0.6 20.276056 0.005789 21.305603 0.122134 19.976955 0.165087 1.328648 0.555088 0.20535440468857735
198.82949511425 -65.91181543516 0.005474 0.009115 "Gaia EDR3 5857909816378822784" 0.3216 4.971 -4.956 0.309 -0.381 0.383 19.776028 0.004404 20.47468 0.06448 19.346426 0.047858 1.128254 -0.848187 0.08029980425879006
198.77312680293 -65.92822072518 -0.017521 -0.007296 "Gaia EDR3 5857909678937434752" 0.3305 5.841 -5.779 0.303 -0.849 0.365 19.804787 0.004381 20.643093 0.071888 19.015942 0.029341 1.627152 0.648142 0.0776452112174344
198.84767887608 -65.92068339626 0.012892 0.000244 "Gaia EDR3 5857909747673504640" 0.0355 5.871 -5.742 0.034 -1.222 0.041 16.173363 0.002789 17.135017 0.00599 15.213165 0.00434 1.921852 0.117616 0.007397006151139797
198.80299547395 -65.92939804287 -0.005337 -0.008468 "Gaia EDR3 5857909644580645888" 0.6271 5.018 -5.017 0.865 0.103 0.896 20.572275 0.00699 21.783613 0.158233 19.887423 0.13294 1.896191 -0.796985 0.20666573467558672
198.82098903541 -65.91322788801 0.002003 0.007703 "Gaia EDR3 5857909708948520064" 0.0863 6.007 -5.918 0.082 -1.027 0.103 17.388317 0.002938 18.237307 0.010028 16.446283 0.006143 1.791023 0.27642900000000004 0.011759984396248152
198.84214628204 -65.92750201988 0.010631 -0.006574 "Gaia EDR3 5857909747656946432" 0.3296 4.188 -4.187 0.291 -0.098 0.378 18.88229 0.004661 18.90032 0.041249 17.602442 0.036017 1.297878 0.16512100000000002 0.054760426313168895
198.82421387152 -65.90299430544 0.00332 0.017936 "Gaia EDR3 5857912771317628416" 0.6395 4.736 -4.726 0.711 -0.301 0.988 20.428047 0.006717 21.166544 0.086276 19.571394 0.054626 1.59515 1.0340179999999999 0.10211536638528014
198.82154183247 -65.92232597935 0.002227 -0.001395 "Gaia EDR3 5857909713297297152" 0.3066 5.579 -5.521 0.261 -0.804 0.317 19.213787 0.005297 "" "" "" "" "" 0.952304 ""
198.8163658536 -65.9182179642 0.000116 0.002713 "Gaia EDR3 5857909713313769984" 0.109 6.04 -5.952 0.101 -1.027 0.131 17.843924 0.003193 18.118765 0.015143 16.833279 0.014947 1.285486 -0.091477 0.021277294423868838
