RA_ICRS DE_ICRS _x _y EDR3Name e_Plx PM pmRA e_pmRA pmDE e_pmDE Gmag e_Gmag BPmag e_BPmag RPmag e_RPmag BP-RP Plx_corr e_BP-RP
234.77178544534 -50.0589484617 -0.006545 -0.008564 "Gaia EDR3 5985413200471731840" 0.0587 5.0 -3.945 0.058 -3.073 0.057 16.580854 0.002832 17.723297 0.008531 15.499465 0.004687 2.223832 0.07972699999999999 0.009733752102863522
234.8133225953 -50.05264293078 0.020125 -0.002263 "Gaia EDR3 5985412517645814784" 0.0928 5.034 -3.972 0.097 -3.093 0.081 17.569256 0.002913 18.677315 0.012755 16.518524 0.006114 2.158791 0.090989 0.014144646372391217
234.77141330344 -50.03765329363 -0.006787 0.012731 "Gaia EDR3 5985413303550156416" 0.1115 5.002 -3.912 0.12 -3.117 0.101 17.822895 0.002998 18.595695 0.022561 16.827953 0.008332 1.767742 0.095384 0.024050383468876335
234.74924601331 -50.04745393488 -0.02102 0.002926 "Gaia EDR3 5985413406630589312" 0.1462 5.007 -3.921 0.148 -3.113 0.117 18.168371 0.003202 19.030388 0.019496 17.113724 0.011369 1.916664 0.112708 0.022568743363333282
234.75727822427 -50.04230207619 -0.015864 0.00808 "Gaia EDR3 5985413406630178944" 0.1288 5.053 -3.959 0.13 -3.139 0.118 18.043701 0.002986 18.959007 0.038791 17.126629 0.016567 1.832378 0.11454800000000001 0.04218064923635007
234.80279519571 -50.03332218311 0.013371 0.01706 "Gaia EDR3 5985413273560103040" 0.0696 4.977 -3.954 0.071 -3.023 0.059 16.968073 0.002847 18.201147 0.012877 15.89794 0.004433 2.303207 0.036537 0.01361868635368331
234.79882588105 -50.02209635797 0.010823 0.028287 "Gaia EDR3 5985414815379872000" 0.0812 4.997 -3.967 0.085 -3.039 0.069 17.265448 0.002852 18.469172 0.011683 16.2165 0.00532 2.252672 0.138294 0.012837246161073644
234.78268253979 -50.03021916859 0.000451 0.020165 "Gaia EDR3 5985413342279595520" 0.0854 5.035 -3.937 0.088 -3.139 0.073 17.355183 0.002886 18.253996 0.01151 16.42946 0.007501 1.824535 0.029783999999999998 0.013738453370012215
234.76781136072 -50.03927195091 -0.0091 0.011112 "Gaia EDR3 5985413514044473216" 0.1268 4.994 -3.89 0.119 -3.132 0.107 18.042286 0.003122 "" "" "" "" "" 0.046128 ""
234.8005204507 -50.04694705199 0.011906 0.003436 "Gaia EDR3 5985413273560080000" 0.1023 5.095 -4.046 0.108 -3.097 0.096 17.730366 0.002929 18.642988 0.012543 16.78266 0.008816 1.860329 0.091198 0.01533129821639381
234.76653880645 -50.05662887621 -0.009914 -0.006245 "Gaia EDR3 5985413200472154496" 0.5166 5.07 -4.047 0.538 -3.055 0.413 19.772045 0.00573 19.840282 0.129459 18.14066 0.131317 1.699623 0.040648 0.18440115826642736
234.75236548624 -50.06002956744 -0.019012 -0.009649 "Gaia EDR3 5985413170480869888" 0.0772 5.012 -4.004 0.08 -3.015 0.067 17.206627 0.002875 18.320297 0.011833 16.168192 0.004645 2.152105 0.008702999999999999 0.012712038152869113
234.79732280113 -50.05331521287 0.009851 -0.002932 "Gaia EDR3 5985413234831894656" 0.1408 4.979 -3.956 0.134 -3.024 0.108 18.116941 0.00304 19.031937 0.025112 17.161928 0.008998 1.870008 0.16242199999999998 0.026675392180809637
234.78301410507 -50.05331324592 0.000664 -0.002929 "Gaia EDR3 5985413307885853312" 0.0381 4.99 -3.971 0.038 -3.022 0.034 15.44389 0.002939 17.497625 0.009719 14.093111 0.004302 3.404514 0.016109 0.010628554229056744
234.80036671933 -50.04095135739 0.011809 0.009432 "Gaia EDR3 5985413273560091264" 0.0989 4.986 -3.967 0.12 -3.02 0.071 17.17429 0.003071 "" "" "" "" "" 0.17998 ""
234.77829826738 -50.0565816282 -0.002364 -0.006197 "Gaia EDR3 5985413204840594432" 0.0442 5.016 -4.011 0.042 -3.011 0.039 16.090809 0.002837 17.59913 0.011861 14.878761 0.004866 2.720369 0.017321000000000003 0.012820346212173836
234.80239569277 -50.07131434552 0.013104 -0.020932 "Gaia EDR3 5985412375838426112" 0.1032 5.052 -4.047 0.109 -3.024 0.089 17.75017 0.002955 18.844055 0.015671 16.7565 0.007446 2.087555 0.1195 0.01735001893370725
234.80975791033 -50.05856383909 0.017834 -0.008183 "Gaia EDR3 5985412478926509952" 0.0941 4.948 -3.961 0.097 -2.966 0.082 17.58276 0.002915 18.746803 0.015487 16.561998 0.005667 2.184805 0.117402 0.0164912721765181
234.77762414507 -50.04306424593 -0.002797 0.00732 "Gaia EDR3 5985413307919838592" 0.0733 5.075 -4.012 0.075 -3.108 0.069 17.060047 0.002846 18.158123 0.014234 16.05914 0.005287 2.098984 0.182757 0.015184173504013973
234.76723727143 -50.03477260685 -0.00947 0.015611 "Gaia EDR3 5985413514044510720" 0.134 5.118 -4.079 0.133 -3.091 0.114 18.044413 0.003024 19.007318 0.020926 17.11585 0.008325 1.891468 0.023602 0.022521170062854194
234.80203502108 -50.03886504376 0.012881 0.011518 "Gaia EDR3 5985413269200491648" 0.0725 4.982 -4.0 0.076 -2.97 0.061 17.035488 0.002867 18.190035 0.018028 15.919613 0.006787 2.270422 0.146343 0.019263233191756775
234.77182479809 -50.02946514496 -0.006524 0.020919 "Gaia EDR3 5985413514044535552" 0.2113 4.976 -3.852 0.214 -3.151 0.163 18.729343 0.003448 "" "" "" "" "" 0.008741 ""
234.77898016366 -50.04863141554 -0.001926 0.001753 "Gaia EDR3 5985413307885924480" 0.0619 4.924 -3.835 0.058 -3.088 0.053 15.589411 0.003999 18.364779 0.033803 14.115745 0.008607 4.249034 0.044435 0.034881560429545
234.80540608865 -50.06020972771 0.015039 -0.009828 "Gaia EDR3 5985412483286065792" 0.0552 5.059 -4.031 0.053 -3.057 0.047 16.613432 0.002822 17.849586 0.007754 15.540791 0.004409 2.308795 0.20171 0.008919854090734891
234.78768282755 -50.0447485695 0.003662 0.005636 "Gaia EDR3 5985413307919831424" 0.0849 5.148 -4.092 0.09 -3.124 0.072 17.331423 0.002915 18.358147 0.021429 16.241852 0.007528 2.116295 0.09372 0.022712833927099454
234.81475141017 -50.05718792242 0.02104 -0.006808 "Gaia EDR3 5985412517645803904" 0.159 4.916 -3.812 0.15 -3.104 0.118 18.197393 0.003054 19.221062 0.022441 17.174517 0.007566 2.046545 0.032204 0.023682120618728382
234.79414580883 -50.02445606191 0.007816 0.025928 "Gaia EDR3 5985413337911120384" 0.1656 5.102 -3.962 0.162 -3.215 0.126 18.316736 0.00312 19.402601 0.031419 17.37462 0.009848 2.027981 0.003484000000000001 0.03292623065277895
234.78356274346 -50.05269303567 0.001016 -0.002309 "Gaia EDR3 5985413307885853056" 0.1254 5.064 -3.956 0.123 -3.162 0.106 18.036343 0.003375 18.616312 0.027955 16.809288 0.014749 1.807024 -0.057855000000000004 0.031607198958465144
234.81003963818 -50.05429139106 0.018016 -0.00391 "Gaia EDR3 5985412517611783040" 0.2396 5.107 -3.992 0.248 -3.186 0.189 18.920294 0.003509 19.927786 0.035211 17.856771 0.011868 2.071014 -0.033568 0.03715728656670183
234.75853329182 -50.06246780502 -0.015052 -0.012086 "Gaia EDR3 5985413170446889856" 0.0583 5.138 -3.999 0.057 -3.225 0.05 16.646404 0.002855 17.716791 0.007858 15.536578 0.004257 2.180213 0.100566 0.008937013651102924
234.78478739978 -50.02884902035 0.001804 0.021535 "Gaia EDR3 5985413342245820288" 0.4324 5.153 -4.02 0.489 -3.224 0.34 19.672297 0.004436 20.666641 0.086657 18.893248 0.035742 1.773394 0.03789 0.09373860577691563
234.78768147268 -50.05123946758 0.003661 -0.000855 "Gaia EDR3 5985413239166390656" 0.1615 5.054 -4.083 0.174 -2.979 0.124 18.060282 0.003528 "" "" "" "" "" 0.093989 ""
234.75018663385 -50.02568299984 -0.020425 0.024697 "Gaia EDR3 5985413582797782144" 0.045 5.086 -4.102 0.044 -3.007 0.04 16.032217 0.002821 17.446522 0.008909 14.836048 0.004604 2.610474 0.091839 0.010028314763707809
234.7576312168 -50.05237087962 -0.015634 -0.001989 "Gaia EDR3 5985413410999050240" 0.0772 5.11 -4.093 0.081 -3.06 0.059 16.938711 0.002847 18.073452 0.009648 15.889353 0.004648 2.184099 0.180283 0.010709239375417845
234.76250125367 -50.05428706329 -0.012506 -0.003904 "Gaia EDR3 5985413200471736832" 0.1344 4.877 -3.796 0.132 -3.063 0.112 18.084032 0.003025 18.966755 0.021346 17.084791 0.007973 1.881964 0.150292 0.022786409216899447
234.79659372567 -50.03565968789 0.009387 0.014724 "Gaia EDR3 5985413337910707712" 0.1651 5.165 -4.132 0.153 -3.098 0.14 18.067207 0.003528 18.685074 0.0248 16.899357 0.016964 1.785717 0.093812 0.030046918244638666
234.77229393496 -50.05727658936 -0.006219 -0.006893 "Gaia EDR3 5985413200481010944" 0.1427 5.067 -3.959 0.148 -3.161 0.124 18.11756 0.003134 19.100464 0.025247 17.183107 0.008769 1.917356 -0.088483 0.02672651062147844
234.77497892633 -50.05775750604 -0.004495 -0.007373 "Gaia EDR3 5985413200471003520" 0.0798 5.156 -4.129 0.084 -3.088 0.075 17.262432 0.002903 18.378786 0.015507 16.157473 0.006495 2.221313 0.131083 0.01681225963396949
234.77403517376 -50.05413743954 -0.005101 -0.003753 "Gaia EDR3 5985413204806659456" 0.1293 5.16 -4.136 0.184 -3.086 0.194 17.561249 0.003118 "" "" "" "" "" 0.10745099999999999 ""
234.77997702696 -50.04844522927 -0.001286 0.001939 "Gaia EDR3 5985413307885921920" 0.1329 4.85 -3.829 0.132 -2.977 0.108 18.106497 0.003097 19.09746 0.034893 16.98316 0.022699 2.1143 -0.009113000000000003 0.041626506579341964
234.79728531843 -50.07265822278 0.009823 -0.022275 "Gaia EDR3 5985412380206830848" 0.1358 5.123 -4.085 0.13 -3.092 0.107 18.108282 0.003054 19.112871 0.023392 17.19011 0.007949 1.922762 0.20254 0.024705713205653464
234.80283069056 -50.06374854133 0.013385 -0.013366 "Gaia EDR3 5985412483286060928" 0.1523 4.978 -3.835 0.147 -3.174 0.126 18.190592 0.003066 19.199371 0.02459 17.25205 0.010041 1.947321 -0.033338999999999994 0.026561057603190427
234.78805026628 -50.03952581214 0.003899 0.010858 "Gaia EDR3 5985413307919838720" 0.0635 5.04 -4.079 0.065 -2.961 0.055 16.838575 0.002847 17.984339 0.006927 15.791071 0.004702 2.193268 0.004485000000000003 0.008372104454675658
234.78277874996 -50.04299432112 0.000513 0.00739 "Gaia EDR3 5985413307885964928" 0.1462 5.035 -3.856 0.149 -3.237 0.124 18.163626 0.003083 19.163017 0.020362 17.146854 0.01192 2.016163 0.07298 0.02359443671715856
234.77067154393 -50.02999078755 -0.007264 0.020393 "Gaia EDR3 5985413509718656000" 0.1336 4.979 -4.039 0.136 -2.912 0.122 18.049505 0.003014 19.052732 0.034391 17.094593 0.010338 1.958139 0.053825 0.035911211689387476
234.77853466152 -50.04224975513 -0.002213 0.008135 "Gaia EDR3 5985413307885986432" 0.1055 4.831 -3.791 0.112 -2.995 0.097 17.750267 0.00308 18.443007 0.065941 16.692438 0.033693 1.750568 0.034989 0.07405021087073284
234.79960038176 -50.06202051802 0.011312 -0.011637 "Gaia EDR3 5985413239166247808" 0.1224 4.987 -3.918 0.127 -3.085 0.115 17.950502 0.003752 18.53325 0.031074 16.639023 0.013758 1.894228 -0.114425 0.03398346715683966
234.77567107717 -50.0432936782 -0.004052 0.007091 "Gaia EDR3 5985413303550421120" 0.1422 5.076 -4.082 0.141 -3.017 0.114 18.152456 0.00306 19.129723 0.052027 17.158432 0.008908 1.971291 0.215266 0.052784099812348786
234.80631200598 -50.02751603235 0.015631 0.022866 "Gaia EDR3 5985414751030065664" 0.1037 5.182 -4.121 0.105 -3.141 0.085 16.954865 0.003212 "" "" "" "" "" 0.186826 ""
234.79631300255 -50.05214252984 0.009203 -0.001759 "Gaia EDR3 5985413239166348032" 0.1589 5.118 -4.138 0.149 -3.012 0.121 18.161186 0.003057 19.207327 0.019491 17.14649 0.009511 2.060837 0.14062 0.0216877431283202
234.78564790324 -50.06597671243 0.002355 -0.015592 "Gaia EDR3 5985413131772719488" 0.2039 4.878 -3.881 0.19 -2.956 0.152 18.63231 0.00378 19.203835 0.090979 17.425955 0.054366 1.77788 -0.077676 0.10598509516436733
234.79272877198 -50.03853045397 0.006904 0.011853 "Gaia EDR3 5985413342245715328" 0.4038 4.907 -3.926 0.455 -2.943 0.313 19.545584 0.004694 20.633284 0.075938 18.682543 0.024631 1.950741 -0.109919 0.0798327376769706
234.7987121319 -50.06344798508 0.010741 -0.013065 "Gaia EDR3 5985413239200308096" 0.0536 5.191 -4.102 0.052 -3.182 0.051 16.547228 0.002818 17.691593 0.007546 15.498988 0.004137 2.192605 -0.050646 0.008605631005335982
234.7822349968 -50.0363619657 0.000164 0.014022 "Gaia EDR3 5985413307886018048" 0.0878 4.89 -3.942 0.088 -2.893 0.076 17.39445 0.003088 18.303782 0.02781 16.184776 0.014972 2.119005 -0.042370000000000005 0.03158412392326246
234.80052558399 -50.05197047359 0.011908 -0.001588 "Gaia EDR3 5985413234831895296" 0.1057 5.179 -4.04 0.109 -3.24 0.091 17.698673 0.002943 18.678596 0.017087 16.722961 0.008776 1.955635 -0.06193799999999999 0.019208949606888976
234.77851727854 -50.04056637933 -0.002224 0.009818 "Gaia EDR3 5985413307919842688" 0.0745 4.902 -3.884 0.077 -2.99 0.07 17.112427 0.002853 18.216967 0.015647 16.107906 0.005242 2.10906 -0.12380600000000001 0.016501732424203226
234.78101729283 -50.06823746558 -0.000618 -0.017853 "Gaia EDR3 5985413136121094400" 0.1494 4.886 -3.836 0.144 -3.026 0.123 18.143559 0.003082 19.01215 0.038214 17.0577 0.041716 1.954451 0.267982 0.056573266230614615
234.78764141987 -50.06870499455 0.003634 -0.018321 "Gaia EDR3 5985413131752671744" 0.1457 5.083 -3.957 0.14 -3.189 0.113 18.113565 0.003056 19.090654 0.020109 17.204063 0.010559 1.886591 0.27610999999999997 0.022712647621974853
234.7529390918 -50.05878401967 -0.018644 -0.008403 "Gaia EDR3 5985413376639302400" 0.1369 5.047 -4.024 0.134 -3.046 0.112 18.122698 0.003032 19.03417 0.028188 17.16212 0.008273 1.872049 -0.15243500000000001 0.029376961602589197
234.76672764695 -50.04810183531 -0.009794 0.002282 "Gaia EDR3 5985413204840621696" 0.0783 5.145 -4.059 0.085 -3.162 0.065 17.138626 0.002861 18.281185 0.013229 16.06855 0.005285 2.212635 0.273851 0.014245619186262139
234.79406586561 -50.04849235645 0.007761 0.001891 "Gaia EDR3 5985413234831896832" 0.1739 5.073 -3.994 0.172 -3.127 0.131 18.32842 0.003095 19.302277 0.027586 17.32621 0.01244 1.976067 -0.15372 0.030261212731812318
234.77373372997 -50.0534138343 -0.005295 -0.00303 "Gaia EDR3 5985413204806674560" 0.174 4.951 -3.767 0.171 -3.212 0.131 18.408806 0.005367 18.856472 0.032753 17.392218 0.048912 1.464254 -0.013469000000000002 0.05886546315964905
234.79443851238 -50.05342234473 0.007999 -0.003039 "Gaia EDR3 5985413239200330112" 0.1382 4.991 -3.836 0.133 -3.193 0.11 18.122168 0.003057 19.077457 0.018609 17.124624 0.010833 1.952833 0.264189 0.021532504963426808
234.75226172632 -50.0425512975 -0.019086 0.007829 "Gaia EDR3 5985413410965271680" 0.2331 5.21 -4.158 0.227 -3.139 0.185 18.703428 0.004621 "" "" "" "" "" -0.081424 ""
234.78126609646 -50.06037946483 -0.000458 -0.009995 "Gaia EDR3 5985413136121110784" 0.1385 5.007 -4.108 0.129 -2.862 0.12 18.092428 0.003423 19.157059 0.025361 17.157986 0.010897 1.999073 0.042197 0.027602987700609514
234.78323134537 -50.06635709787 0.000803 -0.015973 "Gaia EDR3 5985413131751723904" 0.2225 5.081 -4.08 0.221 -3.029 0.181 18.711542 0.003293 19.255201 0.033539 18.115229 0.028799 1.139973 0.30145700000000003 0.04420686510034386
234.79458686187 -50.05143906622 0.008095 -0.001055 "Gaia EDR3 5985413234846624384" 0.0871 4.85 -3.725 0.084 -3.107 0.076 15.769359 0.007873 19.361889 0.049866 14.145355 0.021429 5.216534 -0.013529 0.0542754087686127
234.81868996199 -50.05312836249 0.023571 -0.00275 "Gaia EDR3 5985412513276169600" 0.1225 5.153 -4.108 0.114 -3.111 0.101 18.030163 0.002988 19.124563 0.026323 17.051914 0.009858 2.072649 0.29888200000000004 0.028108370514848418
234.76825636081 -50.07945193058 -0.008807 -0.029068 "Gaia EDR3 5985413097392928640" 0.1412 5.032 -4.021 0.134 -3.026 0.11 18.11087 0.003062 19.182127 0.024776 17.167437 0.006929 2.01469 0.333796 0.025726663541936406
234.78220253839 -50.01912506829 0.000143 0.031259 "Gaia EDR3 5985413548404319488" 0.2454 4.88 -3.734 0.255 -3.141 0.204 18.850895 0.003668 19.574821 0.047499 17.555948 0.029348 2.018873 -0.091954 0.0558342198387333
234.75454539676 -50.07032968191 -0.017609 -0.019948 "Gaia EDR3 5985413166111194752" 0.1705 5.166 -4.16 0.167 -3.063 0.13 18.280231 0.003087 19.20765 0.020793 17.362816 0.008452 1.844833 0.26983 0.022445158787587134
234.73914837932 -50.0502794551 -0.027503 9.7e-05 "Gaia EDR3 5985413376640527872" 0.1477 4.953 -3.743 0.147 -3.244 0.114 18.192995 0.003055 19.138384 0.03308 17.206074 0.011745 1.93231 -0.027074 0.0351031540605684
234.81630362467 -50.05336960768 0.022038 -0.00299 "Gaia EDR3 5985412517611772544" 0.4401 5.291 -4.139 0.455 -3.296 0.331 19.670143 0.004492 20.716633 0.081753 18.809587 0.055113 1.907045 0.111297 0.09859511031486298
234.77955086885 -50.05503271692 -0.00156 -0.004648 "Gaia EDR3 5985413204840599424" 0.1209 4.963 -3.747 0.12 -3.256 0.106 17.97641 0.003017 18.88404 0.02155 17.005209 0.009405 1.878832 -0.026578000000000004 0.023512901245911783
234.74996509558 -50.07091522599 -0.020548 -0.020535 "Gaia EDR3 5985412792489718784" 0.0908 4.812 -3.712 0.087 -3.063 0.079 16.789587 0.002945 17.513931 0.008313 15.398938 0.004161 2.114993 -0.074106 0.009296229880978632
234.80900761004 -50.05731740872 0.017352 -0.006936 "Gaia EDR3 5985412483252023680" 0.1507 4.855 -3.675 0.146 -3.173 0.115 18.203701 0.003051 19.251583 0.029708 17.274328 0.010136 1.977255 0.11236099999999999 0.031389548579105114
234.77254342027 -50.04404865751 -0.00606 0.006335 "Gaia EDR3 5985413303560226176" 0.1604 5.071 -4.146 0.162 -2.92 0.127 18.306734 0.003229 19.360495 0.034326 17.357582 0.01029 2.002912 -0.09750199999999999 0.03583515558777442
234.78117195874 -50.04967195621 -0.000519 0.000712 "Gaia EDR3 5985413307885899776" 0.1622 5.25 -4.064 0.159 -3.323 0.126 18.127092 0.003051 19.01599 0.026995 17.013783 0.01294 2.002207 -0.05481400000000001 0.029936159155776815
234.76601099089 -50.06424118155 -0.010251 -0.013858 "Gaia EDR3 5985413166112412416" 0.1253 5.039 -4.092 0.121 -2.941 0.107 17.952345 0.003015 19.028708 0.022694 16.956194 0.008809 2.072514 0.305324 0.024343707955034294
234.78212828427 -50.07388414285 9.5e-05 -0.0235 "Gaia EDR3 5985413136087910272" 0.1365 4.919 -3.75 0.127 -3.184 0.113 18.077377 0.00306 19.01717 0.017646 17.132483 0.010707 1.884687 -0.124494 0.02064028015798235
234.80053175267 -50.0412732093 0.011915 0.00911 "Gaia EDR3 5985413273526191104" 0.1449 4.926 -3.738 0.138 -3.209 0.117 16.582651 0.003831 17.560932 0.02864 15.113642 0.01756 2.44729 -0.08291299999999999 0.0335946900566146
234.83186418036 -50.05502480336 0.032028 -0.004651 "Gaia EDR3 5985412513277388160" 0.1525 4.815 -3.905 0.146 -2.818 0.115 18.2101 0.003111 19.157701 0.019789 17.182356 0.010847 1.975346 0.22942300000000002 0.022566832520316184
234.77660866249 -50.05287294729 -0.003449 -0.002489 "Gaia EDR3 5985413204806670976" 0.2852 4.742 -3.782 0.318 -2.862 0.25 19.094055 0.003877 20.038055 0.177399 18.215723 0.081438 1.822332 -0.075821 0.1951987526727566
234.74127628444 -50.05453091967 -0.026134 -0.004154 "Gaia EDR3 5985413376605461376" 0.2141 4.743 -3.807 0.212 -2.828 0.171 18.69885 0.003357 19.464178 0.028217 17.837862 0.015043 1.626316 0.181458 0.031976412212754574
234.77317687212 -50.05546811142 -0.005652 -0.005084 "Gaia EDR3 5985413200481011328" 0.1246 4.812 -3.651 0.131 -3.135 0.116 17.891674 0.003077 18.558754 0.040819 16.664604 0.025261 1.89415 0.007120999999999999 0.04800321741300264
234.81117726914 -50.03938435774 0.018752 0.010996 "Gaia EDR3 5985413273560088320" 0.1074 4.742 -3.657 0.114 -3.018 0.09 17.668013 0.002957 18.757273 0.012668 16.61479 0.00641 2.142483 0.175422 0.014197405537632572
234.77473061178 -50.05581736132 -0.004654 -0.005433 "Gaia EDR3 5985413204806645376" 0.1699 5.181 -4.09 0.155 -3.18 0.142 18.05946 0.004757 "" "" "" "" "" -0.208876 ""
234.78188117301 -50.06266587712 -6.3e-05 -0.012281 "Gaia EDR3 5985413136087081472" 0.3813 4.843 -3.92 0.405 -2.844 0.287 19.44025 0.004132 20.657763 0.073114 18.64624 0.033309 2.011522 -0.172323 0.08034392619856215
234.76680694275 -50.03812952905 -0.009745 0.012254 "Gaia EDR3 5985413514044485120" 0.2331 4.687 -3.69 0.236 -2.89 0.181 18.757751 0.003356 19.600044 0.048335 17.770947 0.023971 1.829098 0.14305199999999998 0.053952581643513596
234.79198635994 -50.04000191257 0.006427 0.010382 "Gaia EDR3 5985413337910703616" 0.1685 4.814 -3.811 0.158 -2.941 0.148 18.072702 0.003432 "" "" "" "" "" -0.194856 ""
234.74779562771 -50.03159215951 -0.021959 0.018787 "Gaia EDR3 5985413479685349248" 0.1706 4.781 -3.62 0.171 -3.123 0.151 18.095146 0.003119 19.03403 0.022949 17.081379 0.012609 1.952652 0.070027 0.026184794862667914
234.7729352433 -50.05444607219 -0.005807 -0.004062 "Gaia EDR3 5985413204840603648" 0.1321 5.039 -4.15 0.133 -2.859 0.114 18.062965 0.003149 "" "" "" "" "" -0.096002 ""
234.79709857979 -50.06605655113 0.009705 -0.015673 "Gaia EDR3 5985413136087001984" 0.2508 5.351 -4.255 0.223 -3.245 0.182 18.767225 0.003666 19.095385 0.057978 17.34219 0.022067 1.753195 0.028505000000000003 0.062035481564988275
234.77057334942 -50.05487929152 -0.007324 -0.004495 "Gaia EDR3 5985413204840606080" 0.1244 5.271 -4.181 0.12 -3.21 0.119 18.041996 0.003265 18.789268 0.027268 16.948414 0.013116 1.840855 0.30607199999999996 0.030258441466803936
234.75550049713 -50.06425301968 -0.016998 -0.013872 "Gaia EDR3 5985413170446883712" 0.2268 4.868 -3.799 0.242 -3.044 0.176 18.85861 0.003455 19.851788 0.093122 17.844986 0.013271 2.006802 -0.23953600000000003 0.09406288494937841
234.75337134548 -50.0461399973 -0.018372 0.004241 "Gaia EDR3 5985413410965238528" 0.3236 4.847 -3.651 0.371 -3.187 0.259 19.268513 0.003944 20.029396 0.053846 18.131535 0.019677 1.897862 0.182557 0.05732866686920253
234.7832744365 -50.04837551495 0.000831 0.002009 "Gaia EDR3 5985413303560228352" 0.1859 4.997 -4.045 0.195 -2.934 0.157 18.536448 0.003256 19.461544 0.042228 17.59418 0.015814 1.867365 0.37847 0.04509197910937155
234.75598450418 -50.03152897098 -0.016699 0.018853 "Gaia EDR3 5985413514044553472" 0.1474 5.15 -4.145 0.15 -3.056 0.123 18.154028 0.003154 18.914614 0.057929 17.077278 0.017873 1.837336 0.383981 0.06062353643594211
234.79343239451 -50.02767354228 0.007357 0.02271 "Gaia EDR3 5985413342279593984" 0.1533 4.929 -3.979 0.151 -2.909 0.119 18.230045 0.003134 19.26289 0.029476 17.234097 0.009285 2.028793 0.38733799999999996 0.030903815314617708
234.77246398479 -50.04587072223 -0.006111 0.004513 "Gaia EDR3 5985413307919837056" 0.0794 5.367 -4.207 0.085 -3.332 0.067 17.007711 0.002945 17.98257 0.012688 15.717599 0.00512 2.264972 0.148728 0.013682095745900917
234.77600148044 -50.06052456974 -0.003838 -0.01014 "Gaia EDR3 5985413200481011968" 0.1512 5.327 -4.316 0.147 -3.123 0.127 18.181686 0.003094 19.236656 0.049505 17.219856 0.012041 2.0168 0.038687000000000006 0.050948314064353496
234.77981615546 -50.0532976921 -0.001389 -0.002913 "Gaia EDR3 5985413204806656000" 0.1812 4.815 -3.606 0.185 -3.19 0.139 18.499744 0.003118 19.409819 0.043288 17.454811 0.021174 1.955008 0.022705 0.048189098559736514
234.7682967468 -50.04330227268 -0.008787 0.007081 "Gaia EDR3 5985413307919843712" 0.2346 4.793 -3.6 0.239 -3.164 0.177 18.820757 0.003423 19.785666 0.069171 17.854746 0.021132 1.93092 -0.007505000000000001 0.07232695669665633
234.76566801351 -50.07269704328 -0.010469 -0.022314 "Gaia EDR3 5985413170446773248" 0.1934 5.296 -4.1 0.185 -3.352 0.148 18.563969 0.003249 19.282532 0.023061 17.841427 0.012131 1.441105 -0.142743 0.026057069712459996
234.82197281369 -50.03701705981 0.025687 0.013361 "Gaia EDR3 5985414746659979520" 0.0658 5.372 -4.212 0.068 -3.335 0.057 16.964455 0.002834 18.018261 0.007457 15.936024 0.005776 2.082237 0.18087999999999999 0.00943233931747581
234.78056105659 -50.07404505799 -0.000911 -0.023661 "Gaia EDR3 5985413101761524224" 0.1107 4.843 -3.92 0.117 -2.844 0.099 17.767958 0.002955 18.587261 0.012066 16.814775 0.008309 1.772486 0.36913 0.014650182149038285
234.7731964034 -50.06053806061 -0.005639 -0.010154 "Gaia EDR3 5985413204840741504" 0.1323 4.786 -3.925 0.13 -2.739 0.124 18.055315 0.003059 18.969975 0.025292 17.06066 0.009837 1.909315 0.23986100000000002 0.027137646047511194
234.79226859103 -50.0365579508 0.006608 0.013826 "Gaia EDR3 5985413342245736192" 0.2065 4.913 -3.667 0.206 -3.269 0.164 18.72456 0.003335 19.705448 0.038553 17.79457 0.014652 1.910877 -0.09417 0.041243362047728355
234.76119383222 -50.04524691398 -0.013348 0.005136 "Gaia EDR3 5985413410965856896" 0.3241 5.22 -3.923 0.377 -3.444 0.281 19.268179 0.004165 20.072882 0.054805 18.264011 0.022409 1.80887 0.170006 0.059209385286456064
234.76892906537 -50.04125781269 -0.008382 0.009126 "Gaia EDR3 5985413307887614848" 1.0084 4.819 -3.688 0.958 -3.102 0.935 20.50223 0.009208 21.260056 0.171183 20.161999 0.200488 1.098057 -0.240678 0.26362673922233304
234.78175083443 -50.07823376345 -0.000147 -0.027849 "Gaia EDR3 5985413101728167936" 0.1698 4.895 -3.853 0.159 -3.019 0.129 18.365461 0.003356 18.796808 0.039902 17.437117 0.028148 1.359692 -0.31434300000000004 0.048831132569294354
234.76811984672 -50.03881849869 -0.008902 0.011565 "Gaia EDR3 5985413514078280576" 0.1211 4.828 -3.635 0.157 -3.177 0.173 17.59459 0.003085 "" "" "" "" "" 0.308779 ""
234.80703686194 -50.0500728725 0.01609 0.000309 "Gaia EDR3 5985413269191634560" 0.1569 4.742 -3.631 0.15 -3.049 0.119 18.234264 0.00312 19.300009 0.020441 17.286358 0.008059 2.013651 -0.16783599999999999 0.02197229987962116
234.78265721544 -50.03999383307 0.000435 0.010391 "Gaia EDR3 5985413307885993344" 0.612 5.14 -3.811 0.795 -3.45 0.638 20.009632 0.006302 20.632181 0.126172 19.278543 0.068302 1.353638 0.08474599999999999 0.14347312217973093
234.79874232241 -50.03949736778 0.010766 0.010886 "Gaia EDR3 5985413273560096128" 0.2348 5.128 -3.987 0.238 -3.226 0.177 18.842525 0.003357 19.65441 0.047734 17.6254 0.011823 2.029009 0.44727999999999996 0.049176397641551586
234.78080099613 -50.05444761058 -0.000757 -0.004063 "Gaia EDR3 5985413204806638336" 0.1532 5.359 -4.3 0.157 -3.198 0.12 18.14732 0.003226 18.839006 0.022867 16.980186 0.009623 1.85882 0.260119 0.02480930909961017
234.73115919738 -50.05162366953 -0.032632 -0.00125 "Gaia EDR3 5985413445358802432" 0.1998 5.231 -4.239 0.199 -3.065 0.163 18.521654 0.003222 19.082493 0.037716 17.791225 0.018459 1.291267 0.361561 0.04199084825292292
234.80840289161 -50.03665393972 0.016971 0.013728 "Gaia EDR3 5985413273560095232" 0.6175 5.365 -4.32 0.703 -3.181 0.475 19.859798 0.005176 20.98497 0.114342 19.124067 0.047499 1.860903 -0.112684 0.12381537854806243
234.78859244101 -50.03750160501 0.004247 0.012883 "Gaia EDR3 5985413342246378496" 0.6489 4.871 -3.72 0.754 -3.144 0.563 20.1702 0.006357 20.964542 0.150165 19.155018 0.111597 1.809524 0.333646 0.1870920031268039
234.77959989852 -50.03190857729 -0.001529 0.018476 "Gaia EDR3 5985413342245807872" 0.24 4.896 -3.878 0.252 -2.988 0.205 19.06549 0.003687 19.844454 0.033925 17.73462 0.018687 2.109835 0.459071 0.038731248288688035
234.79452168093 -50.04123024127 0.008055 0.009154 "Gaia EDR3 5985413273526208640" 0.19 5.405 -4.33 0.182 -3.235 0.147 18.169222 0.003276 18.743114 0.038403 16.897505 0.016973 1.84561 0.167642 0.04198658283309086
234.75756934567 -50.03817925277 -0.015678 0.012203 "Gaia EDR3 5985413410965293952" 0.5243 5.131 -4.208 0.627 -2.936 0.413 19.862902 0.00559 21.013523 0.179105 19.128155 0.08204 1.885368 -0.273357 0.19700041275337468
234.76251158569 -50.04634317442 -0.012502 0.00404 "Gaia EDR3 5985413410965211648" 0.2475 4.914 -3.983 0.263 -2.878 0.224 19.05123 0.003739 20.009123 0.05285 18.170671 0.026769 1.838451 -0.301038 0.05924273677844399
234.73583916999 -50.04264474509 -0.029632 0.007731 "Gaia EDR3 5985413445325051648" 0.3213 4.914 -3.679 0.369 -3.258 0.263 19.285295 0.005737 19.86972 0.04889 18.219715 0.023686 1.650005 -0.204567 0.05432548845615656
234.79577158338 -50.06398401354 0.008853 -0.0136 "Gaia EDR3 5985413234831888896" 0.173 5.246 -4.334 0.167 -2.956 0.14 18.090542 0.003335 18.96365 0.017043 16.999691 0.007477 1.963959 -0.050196000000000005 0.018611001531352363
234.75646157006 -50.06321258081 -0.016381 -0.012831 "Gaia EDR3 5985413166121270784" 0.1661 4.595 -3.62 0.173 -2.83 0.129 18.325396 0.003187 19.414232 0.025734 17.3689 0.011598 2.045332 0.119576 0.028226802156815427
234.75865659195 -50.03849343626 -0.01498 0.011889 "Gaia EDR3 5985413410965287808" 0.2326 4.679 -3.767 0.247 -2.776 0.181 18.844595 0.003562 19.813904 0.037266 17.949224 0.013102 1.864679 0.297957 0.03950211589269618
234.79079205845 -50.07966036284 0.005655 -0.029276 "Gaia EDR3 5985412375837209344" 0.2118 4.993 -4.131 0.211 -2.805 0.174 18.730425 0.003311 19.624943 0.036653 17.75924 0.014456 1.865704 -0.20998499999999998 0.03940074041182475
234.81432729822 -50.07075105598 0.020762 -0.020371 "Gaia EDR3 5985412483251888000" 0.0759 4.845 -4.02 0.08 -2.705 0.066 17.276073 0.002876 17.751772 0.013981 16.443943 0.013724 1.307829 0.270749 0.019591236229498127
234.75711808907 -50.06037418967 -0.015961 -0.009992 "Gaia EDR3 5985413170482085120" 0.8206 4.756 -3.644 0.964 -3.056 0.958 19.927025 0.006535 "" "" "" "" "" -0.267281 ""
234.7523460383 -50.03795772039 -0.019033 0.012423 "Gaia EDR3 5985413410965865856" 0.1538 5.388 -4.129 0.155 -3.461 0.133 18.140282 0.00309 19.122744 0.017833 17.181616 0.007791 1.941128 0.171856 0.0194606158689801
234.80760574347 -50.05988585325 0.016451 -0.009504 "Gaia EDR3 5985412483287302400" 0.1384 5.175 -3.931 0.136 -3.366 0.124 17.735582 0.003457 18.034044 0.156247 16.122183 0.062166 1.911861 -0.25416 0.16815985420129265
234.78166232878 -50.05684844457 -0.000204 -0.006464 "Gaia EDR3 5985413136121116672" 0.1319 5.203 -3.847 0.14 -3.502 0.114 17.893387 0.003069 18.832344 0.020967 16.809132 0.01035 2.023212 -0.021072999999999995 0.023382420512000034
234.80802308673 -50.05617096517 0.016721 -0.005789 "Gaia EDR3 5985412483252033024" 0.3227 4.643 -3.51 0.342 -3.039 0.249 19.330713 0.003813 20.210997 0.07947 18.549303 0.021086 1.661694 0.107368 0.08221982909250056
234.78752205354 -50.07614509053 0.003557 -0.025761 "Gaia EDR3 5985413131772190848" 0.4717 4.634 -3.791 0.493 -2.665 0.417 19.89074 0.005307 20.289944 0.063264 18.797495 0.040644 1.492449 -0.05576 0.07519486971861844
234.8023857304 -50.02872290082 0.013109 0.02166 "Gaia EDR3 5985414819748337024" 0.0188 4.789 -3.579 0.018 -3.181 0.017 14.149314 0.002765 15.25278 0.002986 13.118918 0.003816 2.133862 0.318408 0.004845415565253408
234.82130461731 -50.04062613043 0.025256 0.009752 "Gaia EDR3 5985413995080628096" 0.3095 4.755 -3.773 0.332 -2.894 0.239 19.154818 0.00408 "" "" "" "" "" 0.438818 ""
234.79615369016 -50.02482735604 0.009106 0.025556 "Gaia EDR3 5985414819714572160" 0.5495 5.412 -4.113 0.654 -3.518 0.427 20.081974 0.005601 20.998188 0.186702 19.448248 0.050472 1.54994 -0.04753400000000001 0.19340387686910518
234.77913120979 -50.03958357116 -0.00183 0.010801 "Gaia EDR3 5985413307886826880" 0.777 5.105 -3.831 0.87 -3.374 0.641 20.171787 0.007581 21.65042 0.167097 19.665577 0.154987 1.984842 0.352431 0.22790870448054415
234.77386242337 -50.04810900329 -0.005213 0.002275 "Gaia EDR3 5985413303571406720" 0.5154 5.001 -3.691 0.633 -3.375 0.425 19.653809 0.005169 20.19816 0.053478 18.375095 0.025634 1.823065 -0.212106 0.059304286860226214
234.79987275069 -50.05435117312 0.011488 -0.003968 "Gaia EDR3 5985413239166319488" 0.4906 4.793 -3.552 0.522 -3.218 0.399 19.717735 0.010094 19.754951 0.575146 18.384619 0.042852 1.370333 -0.204046 0.5767401626555931
234.79322018387 -50.05179255508 0.007217 -0.001409 "Gaia EDR3 5985413239200334720" 0.1411 5.389 -4.382 0.137 -3.136 0.11 18.116056 0.003098 19.050678 0.015964 17.06056 0.013461 1.990118 0.311832 0.020881757995915958
234.78113857468 -50.07996723044 -0.00054 -0.029583 "Gaia EDR3 5985413101761332096" 0.1765 5.097 -3.795 0.167 -3.402 0.133 18.297213 0.003139 19.287708 0.024351 17.29073 0.009767 1.996979 -0.273086 0.02623672025997152
234.75613202107 -50.04575799077 -0.016599 0.004624 "Gaia EDR3 5985413410999175808" 0.0417 5.176 -3.95 0.042 -3.346 0.038 16.02521 0.002786 16.471548 0.003826 15.364658 0.004288 1.10689 0.5031059999999999 0.005746757346539003
234.77155989395 -50.04242547603 -0.006692 0.007958 "Gaia EDR3 5985413307885999104" 0.4981 4.877 -4.105 0.582 -2.633 0.395 19.78789 0.005763 19.905785 0.106335 18.974003 0.1172 0.931782 -0.109265 0.15824971477067504
234.76080155084 -50.04721066179 -0.0136 0.003172 "Gaia EDR3 5985413410999175424" 0.1522 4.804 -3.546 0.158 -3.242 0.132 18.13309 0.004458 18.549467 0.023532 16.756367 0.013139 1.7931 0.322374 0.026951592624555605
234.75645767725 -50.04510057312 -0.01639 0.005281 "Gaia EDR3 5985413410965859328" 0.2339 5.241 -4.017 0.257 -3.366 0.199 18.859526 0.003548 19.405342 0.10717 17.773691 0.074958 1.631651 -0.344125 0.130782684878389
234.76608274973 -50.06281772009 -0.010205 -0.012434 "Gaia EDR3 5985413170447848704" 0.7211 5.358 -4.171 0.747 -3.362 0.609 20.09973 0.006087 20.929445 0.248708 19.12653 0.125749 1.802916 -0.334167 0.2786906533506282
234.79404437025 -50.0338647224 0.007749 0.016519 "Gaia EDR3 5985413342246885504" 1.3055 4.927 -3.563 1.407 -3.403 0.956 20.72486 0.011108 21.724077 0.288983 19.915903 0.082582 1.808174 0.018844 0.30055109551122916
234.79617693503 -50.05782254872 0.009115 -0.007439 "Gaia EDR3 5985413239166297344" 0.2823 4.827 -3.767 0.3 -3.018 0.241 19.115248 0.00369 20.30876 0.062254 18.238926 0.022888 2.069834 -0.407994 0.06632813173910448
234.79132975195 -50.03833752552 0.006005 0.012047 "Gaia EDR3 5985413342245721216" 0.4008 4.938 -3.67 0.448 -3.304 0.312 19.568092 0.004558 21.664043 0.559714 18.736586 0.127805 2.927458 0.41336999999999996 0.5741200918109381
234.74786301061 -50.04392947368 -0.02191 0.00645 "Gaia EDR3 5985413410965267456" 0.2413 4.96 -3.66 0.222 -3.348 0.19 18.685993 0.003692 "" "" "" "" "" -0.269286 ""
234.8078010746 -50.05931652121 0.016577 -0.008935 "Gaia EDR3 5985412483252004224" 0.1806 5.113 -4.238 0.185 -2.861 0.188 18.326963 0.003156 "" "" "" "" "" 0.468791 ""
234.76490788615 -50.0332969382 -0.010966 0.017086 "Gaia EDR3 5985413514044527104" 0.3251 4.786 -3.6 0.369 -3.153 0.26 19.27737 0.003943 20.359476 0.058997 18.425135 0.021057 1.934341 -0.334769 0.06264218433292378
234.7976379514 -50.05714619089 0.010053 -0.006763 "Gaia EDR3 5985413234830941312" 0.2616 5.551 -4.371 0.272 -3.421 0.224 18.980043 0.003527 19.535257 0.025243 18.461443 0.024537 1.073814 0.09654599999999999 0.03520331544045248
234.77130799055 -50.05489507928 -0.006852 -0.004511 "Gaia EDR3 5985413204806667520" 0.423 5.076 -4.311 0.466 -2.678 0.356 19.477512 0.005366 "" "" "" "" "" -0.049811 ""
234.77198608299 -50.05307897581 -0.006417 -0.002695 "Gaia EDR3 5985413204806681856" 0.3388 5.077 -3.672 0.353 -3.505 0.263 19.254606 0.007311 19.24536 0.063066 17.787119 0.043843 1.458241 -0.135861 0.0768083915011895
234.79677531025 -50.07008112942 0.009496 -0.019698 "Gaia EDR3 5985412380206837376" 0.4695 4.469 -3.574 0.507 -2.684 0.373 19.340036 0.005047 19.810879 0.076121 18.342215 0.027303 1.468664 0.065336 0.08086940367036224
234.77667099924 -50.06897108954 -0.003408 -0.018587 "Gaia EDR3 5985413136087916160" 0.139 5.01 -3.592 0.142 -3.492 0.13 17.811525 0.003067 "" "" "" "" "" 0.056632 ""
234.82044692005 -50.06332964544 0.024694 -0.012952 "Gaia EDR3 5985412513277383296" 0.15 4.504 -3.516 0.149 -2.815 0.116 18.221714 0.003055 19.092663 0.015027 17.199 0.007375 1.893663 -0.156392 0.016739216050938584
234.78312836578 -50.05953974345 0.000737 -0.009155 "Gaia EDR3 5985413136087107200" 0.6946 5.02 -4.13 0.801 -2.854 0.59 20.411608 0.006433 21.45209 0.227421 19.482843 0.079626 1.969246 0.5593400000000001 0.24095769569988837
234.7398566448 -50.06719268173 -0.027038 -0.016816 "Gaia EDR3 5985412998648215936" 0.5414 4.526 -3.561 0.601 -2.794 0.414 19.930592 0.005255 20.76573 0.096181 19.333279 0.061215 1.432451 -0.24201499999999998 0.11400903905392766
234.78227676024 -50.07267025788 0.000191 -0.022286 "Gaia EDR3 5985413136087911296" 0.6756 4.677 -3.819 0.854 -2.701 0.671 19.855957 0.007192 "" "" "" "" "" 0.478863 ""
234.75368037943 -50.03856207022 -0.018176 0.011819 "Gaia EDR3 5985413410965865088" 0.251 5.03 -4.255 0.273 -2.683 0.224 18.802868 0.004457 19.23094 0.042685 17.67162 0.02263 1.55932 0.34860399999999997 0.048312794630408204
234.81439021451 -50.04086122976 0.020815 0.009519 "Gaia EDR3 5985413273526144000" 0.4179 4.517 -3.413 0.492 -2.959 0.325 19.615646 0.004976 20.226833 0.103387 18.471067 0.057096 1.755766 0.176306 0.11810514377028632
234.7822304637 -50.04441891244 0.000161 0.005966 "Gaia EDR3 5985413307919834240" 0.2087 5.446 -4.526 0.231 -3.029 0.171 18.491997 0.003997 "" "" "" "" "" -0.021193 ""
234.78666610134 -50.05167064479 0.003009 -0.001286 "Gaia EDR3 5985413239201558912" 0.2452 4.54 -3.389 0.248 -3.021 0.232 18.063402 0.004565 18.648472 0.022223 16.837103 0.011853 1.811369 0.195768 0.02518641177301761
234.76764441642 -50.04510395927 -0.009206 0.00528 "Gaia EDR3 5985413200470938624" 0.1776 5.548 -4.267 0.179 -3.546 0.137 18.475744 0.003247 19.179707 0.041601 17.412897 0.025444 1.766809 0.224741 0.04876515494694957
234.79991671141 -50.03551537009 0.011521 0.014868 "Gaia EDR3 5985413273526245120" 0.3368 5.331 -4.419 0.386 -2.982 0.266 19.329786 0.004066 19.875916 0.041657 18.420338 0.024896 1.455578 0.395561 0.04852954218823829
234.78484733728 -50.04490464344 0.001841 0.00548 "Gaia EDR3 5985413303560228480" 0.1771 5.42 -4.378 0.19 -3.195 0.15 18.452417 0.003313 19.306175 0.037516 17.67371 0.040232 1.632465 0.457928 0.05500967260400665
234.77961628828 -50.03556734722 -0.001518 0.014817 "Gaia EDR3 5985413307886040832" 2.764 4.956 -3.841 2.413 -3.131 2.453 20.827929 0.024541 "" "" "" "" "" 0.573529 ""
234.76666562644 -50.05846202641 -0.009832 -0.008079 "Gaia EDR3 5985413200471732480" 0.1571 4.588 -3.853 0.156 -2.491 0.137 18.070307 0.003413 18.897724 0.020501 17.002872 0.009218 1.894852 0.077239 0.022478045399900764
234.79554984366 -50.03831938073 0.008716 0.012064 "Gaia EDR3 5985413342280788608" 0.2263 5.55 -4.203 0.231 -3.624 0.175 18.83281 0.003915 19.046 0.020443 17.52429 0.025618 1.521709 0.075681 0.03277496259341878
234.78065940263 -50.02150855101 -0.000848 0.028876 "Gaia EDR3 5985413548404305792" 0.1878 4.814 -4.111 0.18 -2.505 0.144 18.199064 0.003563 18.72548 0.049955 17.346603 0.013427 1.378876 0.153762 0.051728003576399506
234.78894244413 -50.04770310676 0.004471 0.002681 "Gaia EDR3 5985413239200348032" 0.1369 5.049 -3.795 0.128 -3.33 0.116 17.990997 0.003085 18.982582 0.019861 16.916939 0.010334 2.065643 -0.452314 0.02238863276307868
234.78552678475 -50.05127780226 0.002277 -0.000893 "Gaia EDR3 5985413307919819136" 0.1704 5.102 -3.77 0.168 -3.438 0.147 18.090916 0.003313 18.865969 0.019742 17.009508 0.01269 1.856461 -0.381818 0.023468759319572048
234.78431617697 -50.04798197016 0.0015 0.002402 "Gaia EDR3 5985413303550958336" 0.2442 5.566 -4.509 0.259 -3.263 0.204 18.921629 0.003648 19.832315 0.074774 17.91575 0.030974 1.916565 -0.121299 0.08093540481149149
234.74983335829 -50.04268080991 -0.020645 0.007699 "Gaia EDR3 5985413410999069696" 0.1162 4.485 -3.709 0.118 -2.52 0.1 17.943356 0.002967 18.568716 0.016725 17.15044 0.011194 1.418276 0.14737699999999998 0.020125388468300434
234.76931756507 -50.07034033878 -0.008127 -0.019957 "Gaia EDR3 5985413170448011136" 0.8022 4.915 -3.484 0.786 -3.466 0.724 20.462584 0.007552 21.001007 0.106228 19.528812 0.061771 1.472195 -0.07456 0.12288223803707353
234.77643629533 -50.0493468333 -0.00356 0.001037 "Gaia EDR3 5985413307885926656" 0.2501 4.537 -3.341 0.253 -3.069 0.184 18.801956 0.003799 "" "" "" "" "" 0.18374200000000002 ""
234.82416582036 -50.04194418764 0.027093 0.008433 "Gaia EDR3 5985413995115799040" 0.2292 4.942 -4.184 0.222 -2.63 0.163 18.743774 0.004267 19.058271 0.074697 17.27867 0.023396 1.779602 0.444171 0.07827524912128993
234.76017840272 -50.05934018265 -0.013996 -0.008958 "Gaia EDR3 5985413170447671296" 0.6909 5.241 -4.381 0.732 -2.876 0.571 20.161295 0.006313 20.577791 0.128036 19.043592 0.06496 1.534199 0.427716 0.14357234725391935
234.79427153681 -50.0547783528 0.007892 -0.004395 "Gaia EDR3 5985413239166324992" 1.2643 5.46 -4.476 1.733 -3.127 1.417 20.583544 0.008128 "" "" "" "" "" 0.377503 ""
234.78501604451 -50.06010701945 0.001949 -0.009723 "Gaia EDR3 5985413136121108480" 0.1595 5.571 -4.221 0.154 -3.636 0.13 18.085535 0.003239 18.774975 0.018171 16.874302 0.009018 1.900673 -0.074095 0.0202856985336961
234.78875954634 -50.08090622319 0.004351 -0.030522 "Gaia EDR3 5985412345814111744" 0.8044 4.76 -3.49 0.812 -3.236 0.797 20.279427 0.006586 21.193373 0.130822 19.450804 0.062653 1.742569 0.404943 0.14505100514301858
234.82758627187 -50.04154489712 0.02929 0.008831 "Gaia EDR3 5985413990760906496" 0.2368 4.714 -3.974 0.231 -2.536 0.177 18.913336 0.003421 19.578318 0.039917 18.157661 0.020697 1.420656 0.40440699999999996 0.044963681988911895
234.78190365854 -50.07253695116 -4.9e-05 -0.022153 "Gaia EDR3 5985413131752669696" 0.157 4.392 -3.505 0.153 -2.646 0.141 17.994675 0.003279 18.814949 0.015961 16.917141 0.012491 1.897808 0.264474 0.02026767381817657
234.76826615911 -50.06001800593 -0.008804 -0.009634 "Gaia EDR3 5985413204840742272" 0.0714 4.553 -3.719 0.074 -2.625 0.065 17.07662 0.00285 17.743317 0.01051 16.239569 0.005307 1.503748 0.48213300000000003 0.011773884193417225
234.79166389158 -50.05585547604 0.006218 -0.005471 "Gaia EDR3 5985413239167498880" 0.8697 4.387 -3.551 1.015 -2.576 0.763 20.38455 0.007247 "" "" "" "" "" -0.115081 ""
234.76268320479 -50.06820891453 -0.012386 -0.017826 "Gaia EDR3 5985413166111985536" 0.3912 5.62 -4.591 0.443 -3.241 0.314 19.52294 0.004293 20.5534 0.116593 18.662226 0.045049 1.891174 0.13336099999999998 0.12499336002364286
234.77265820666 -50.02222195098 -0.005989 0.028162 "Gaia EDR3 5985413548438038784" 0.1768 4.69 -3.979 0.179 -2.482 0.138 18.439705 0.003179 19.010847 0.040906 17.56672 0.021649 1.444128 0.359492 0.04628153019293982
234.75213714297 -50.03144706333 -0.01917 0.018934 "Gaia EDR3 5985413509729825664" 0.5904 5.161 -3.697 0.677 -3.6 0.531 20.03858 0.005708 21.230753 0.103423 19.697615 0.060303 1.533138 -0.283406 0.11971954200547211
234.79295339024 -50.0412043838 0.007048 0.00918 "Gaia EDR3 5985413342279573248" 0.3879 4.581 -3.758 0.38 -2.62 0.298 18.776508 0.004092 19.480968 0.02484 17.485449 0.013841 1.99552 -0.379849 0.02843587313588243
234.75005671407 -50.06438436292 -0.020492 -0.014004 "Gaia EDR3 5985413170482076288" 0.1458 5.242 -3.709 0.145 -3.704 0.114 18.122547 0.003042 19.095835 0.023192 17.215302 0.008376 1.880533 0.0039310000000000005 0.024658188092396408
234.74420248756 -50.0466603002 -0.024259 0.003718 "Gaia EDR3 5985413376605522176" 0.3215 4.978 -4.277 0.404 -2.547 0.257 19.22041 0.003879 "" "" "" "" "" -0.20855400000000002 ""
234.8138906834 -50.05541576766 0.020488 -0.005036 "Gaia EDR3 5985412517613211264" 1.3087 4.922 -4.146 1.689 -2.652 1.125 20.608784 0.011764 21.43387 0.212623 19.35093 0.063407 2.082941 -0.47492799999999996 0.22187606400420937
234.73352692598 -50.04577776629 -0.031115 0.004597 "Gaia EDR3 5985413445325033600" 0.1871 5.089 -4.31 0.174 -2.705 0.151 18.124365 0.005024 18.694965 0.077162 16.846924 0.05746 1.848041 0.524425 0.0962061632329239
234.77518776117 -50.05580528745 -0.004361 -0.005421 "Gaia EDR3 5985413204840601344" 0.1457 4.525 -3.702 0.144 -2.602 0.13 17.59051 0.003329 18.066269 0.018145 16.252766 0.018523 1.813503 0.503915 0.02592956910555978
234.73186497193 -50.05242060189 -0.032178 -0.002047 "Gaia EDR3 5985413445324981120" 0.7277 5.393 -3.973 0.966 -3.647 0.594 20.173025 0.00655 20.801672 0.175754 19.401375 0.117787 1.400297 0.466794 0.21157326363460954
234.79063951831 -50.04633590605 0.005561 0.004048 "Gaia EDR3 5985413239166431232" 0.5053 4.423 -3.278 0.593 -2.97 0.398 19.88152 0.005392 20.49018 0.14109 18.807888 0.074236 1.682291 -0.043913999999999995 0.15942826536094531
234.78507829227 -50.06453237923 0.001989 -0.014148 "Gaia EDR3 5985413136087056000" 0.5097 5.208 -4.387 0.561 -2.805 0.389 19.883308 0.005207 20.966509 0.112998 19.214005 0.038073 1.752504 -0.423353 0.11923968019497537
234.78162520658 -50.04072267814 -0.000228 0.009662 "Gaia EDR3 5985413307885991040" 0.5994 5.45 -4.524 0.751 -3.039 0.48 20.047487 0.005982 21.092571 0.130506 19.379902 0.08881 1.712669 0.44450100000000003 0.15785763249206547
234.79245939364 -50.05012194427 0.006729 0.000262 "Gaia EDR3 5985413239167341568" 0.7916 5.3 -4.521 0.87 -2.766 0.615 20.306683 0.01118 20.576609 0.213692 18.954456 0.055726 1.622152 -0.286907 0.22083853363939907
234.79134052586 -50.0502255338 0.006011 0.000159 "Gaia EDR3 5985413239200340608" 0.3221 5.684 -4.591 0.331 -3.351 0.245 18.968037 0.004134 19.856815 0.036018 17.90959 0.020422 1.947226 -0.10751700000000002 0.04140476310764258
234.77809516707 -50.03647433226 -0.002495 0.01391 "Gaia EDR3 5985413307919849216" 0.5689 5.228 -3.73 0.672 -3.663 0.501 20.03106 0.006572 20.723177 0.147605 18.95327 0.065286 1.769907 -0.267764 0.16139856821236054
234.75753626494 -50.06732944056 -0.01569 -0.016948 "Gaia EDR3 5985413170446849536" 0.3931 5.069 -3.603 0.416 -3.565 0.309 19.595596 0.004366 20.643093 0.071586 18.487389 0.035916 2.155705 -0.353922 0.08009066395030072
234.82783615466 -50.05783200077 0.02944 -0.007457 "Gaia EDR3 5985412513292153472" 0.34 5.414 -3.928 0.356 -3.727 0.261 19.341068 0.003984 20.067894 0.039492 18.529295 0.019538 1.538599 0.381169 0.044060770624218544
234.77307576216 -50.0560816122 -0.005717 -0.005698 "Gaia EDR3 5985413204806645248" 0.2446 5.374 -4.092 0.248 -3.484 0.2 18.672468 0.008922 "" "" "" "" "" -0.5139560000000001 ""
234.80022258635 -50.05138163721 0.011714 -0.000999 "Gaia EDR3 5985413239200328832" 0.4731 5.378 -3.821 0.524 -3.784 0.363 19.683685 0.005543 20.317799 0.128704 18.740074 0.048607 1.577724 0.188029 0.13757674245671034
234.75629204227 -50.03069043055 -0.016501 0.019691 "Gaia EDR3 5985413514078297472" 0.0926 4.315 -3.297 0.093 -2.784 0.081 17.38877 0.002911 18.142101 0.017603 16.434357 0.007807 1.707745 0.197575 0.019256553637658012
234.77941759335 -50.04394156261 -0.001646 0.006443 "Gaia EDR3 5985413307885966720" 0.2662 5.674 -4.623 0.279 -3.289 0.258 18.740528 0.003408 19.538822 0.038654 17.602053 0.015652 1.93677 -0.16462700000000002 0.04170271957558643
234.79385805112 -50.04751915292 0.007628 0.002865 "Gaia EDR3 5985413239200344704" 0.3594 4.335 -3.257 0.391 -2.86 0.274 19.411057 0.004182 20.19322 0.115286 18.536383 0.071905 1.656837 -0.055696999999999997 0.13587196480878608
234.7683458763 -50.02659026923 -0.008759 0.023793 "Gaia EDR3 5985413514044561536" 0.6055 5.511 -4.231 0.695 -3.532 0.426 20.0285 0.005664 20.61252 0.117107 19.204102 0.06943 1.408419 -0.447583 0.1361417435946815
234.803606445 -50.05924646605 0.013884 -0.008864 "Gaia EDR3 5985413239166263424" 0.329 4.829 -3.683 0.318 -3.124 0.254 18.786907 0.004449 19.30582 0.046879 17.401312 0.02093 1.904509 -0.617672 0.051339122908362976
234.78127704864 -50.05301704364 -0.000451 -0.002633 "Gaia EDR3 5985413303550952960" 0.033 5.758 -4.511 0.032 -3.579 0.029 15.526252 0.002786 16.718184 0.004349 14.438001 0.003943 2.280183 0.190581 0.00587035348169086
234.80024631816 -50.0660069683 0.011725 -0.015624 "Gaia EDR3 5985412483286057856" 0.2544 5.032 -4.103 0.272 -2.913 0.226 19.041265 0.003966 19.791609 0.03132 17.924713 0.021142 1.866896 0.786442 0.037787915581571845
234.79007580922 -50.04578125974 0.005199 0.004603 "Gaia EDR3 5985413303551374464" 0.1747 5.772 -4.588 0.168 -3.502 0.132 18.219933 0.003303 19.180185 0.02601 17.218765 0.01038 1.96142 0.034489 0.028004722815982305
234.82252761091 -50.04757290766 0.026038 0.002804 "Gaia EDR3 5985412517645818624" 0.2081 4.824 -4.111 0.2 -2.524 0.162 18.165361 0.003215 19.039444 0.024474 17.123636 0.009018 1.915808 0.5842970000000001 0.0260825803938184
234.81766830917 -50.05926193353 0.022912 -0.008883 "Gaia EDR3 5985412517611713280" 0.6403 5.286 -4.37 0.665 -2.974 0.443 20.049046 0.00629 "" "" "" "" "" 0.65952 ""
234.73525961514 -50.04358946313 -0.030004 0.006786 "Gaia EDR3 5985413440989376000" 0.2236 4.992 -4.362 0.241 -2.426 0.179 18.826487 0.003455 19.51525 0.028056 18.09368 0.018041 1.42157 0.015565999999999998 0.03335591127521478
234.77266012369 -50.04561639878 -0.005985 0.004768 "Gaia EDR3 5985413307885969792" 0.2745 5.094 -4.431 0.273 -2.513 0.201 18.669937 0.006841 "" "" "" "" "" 0.297614 ""
234.79035060176 -50.04783892993 0.005375 0.002545 "Gaia EDR3 5985413234831480704" 0.1957 5.579 -4.393 0.185 -3.439 0.166 17.99651 0.00335 18.747581 0.017307 16.800276 0.009154 1.947306 0.609723 0.019578763112106955
234.82192376577 -50.06253023954 0.025642 -0.012153 "Gaia EDR3 5985412517613225216" 0.9855 4.971 -3.885 1.071 -3.101 1.005 20.56225 0.008253 21.478191 0.139343 19.435925 0.055866 2.042267 0.834148 0.15012488669437854
234.82518582354 -50.05344907856 0.027741 -0.003073 "Gaia EDR3 5985412517645803648" 0.178 4.383 -3.62 0.169 -2.47 0.139 18.275084 0.003142 "" "" "" "" "" -0.296496 ""
234.79120753726 -50.06880031692 0.005923 -0.018416 "Gaia EDR3 5985413136121283712" 0.6968 4.918 -3.548 0.934 -3.406 0.637 20.19609 0.006161 21.276777 0.130611 19.414541 0.073954 1.862236 -0.565116 0.15009472821188624
234.78789959733 -50.03678961024 0.003802 0.013595 "Gaia EDR3 5985413342245745920" 0.2474 5.518 -4.066 0.242 -3.731 0.177 18.766031 0.003645 19.76163 0.039987 17.795649 0.016235 1.96598 -0.373853 0.043157101316005926
234.82176144636 -50.03267338896 0.025554 0.017704 "Gaia EDR3 5985414750994956800" 0.2505 5.7 -4.47 0.248 -3.538 0.195 19.039375 0.00357 19.65719 0.039928 18.261543 0.024827 1.395647 0.463549 0.047017285257658165
234.73686151661 -50.03765032632 -0.028979 0.012725 "Gaia EDR3 5985413475349114240" 0.2586 5.338 -4.607 0.275 -2.696 0.218 19.05015 0.003597 19.680714 0.028696 18.30514 0.0184 1.375574 0.3359 0.03408842055596006
234.73616016869 -50.05192108195 -0.029421 -0.001546 "Gaia EDR3 5985413376605498752" 0.3833 5.345 -3.915 0.447 -3.639 0.311 19.522444 0.00459 20.056849 0.055387 18.551235 0.033224 1.505613 -0.526146 0.06458756803751013
234.82360925291 -50.04249508488 0.026735 0.007882 "Gaia EDR3 5985413995080598144" 0.2539 4.402 -3.255 0.238 -2.962 0.191 18.797297 0.006687 19.344776 0.242419 17.512539 0.029685 1.832237 -0.309377 0.2442297500019193
234.77697920832 -50.04910755522 -0.003211 0.001277 "Gaia EDR3 5985413307885926528" 0.1702 4.972 -3.453 0.165 -3.577 0.138 18.122044 0.003114 18.9917 0.042096 17.027065 0.022592 1.964634 -0.316103 0.04777522035532646
234.79580094179 -50.0764645841 0.00887 -0.026081 "Gaia EDR3 5985412375838424320" 0.1718 4.891 -3.494 0.166 -3.422 0.139 18.0833 0.003252 19.010597 0.015062 17.06776 0.007188 1.942837 0.6480560000000001 0.01668925366815425
234.78649080085 -50.05027407131 0.002897 0.00011 "Gaia EDR3 5985413307885867136" 0.3839 5.05 -4.417 0.419 -2.448 0.314 19.19552 0.004622 19.535286 0.055955 17.686504 0.040169 1.848782 0.309074 0.06888040785303176
234.77278371432 -50.03490089434 -0.005907 0.015483 "Gaia EDR3 5985413514044494592" 0.5532 5.354 -4.464 0.571 -2.957 0.476 19.954588 0.005266 20.871572 0.089765 19.154312 0.054404 1.71726 0.644671 0.10496451991506463
234.76070188332 -50.03065678694 -0.013669 0.019726 "Gaia EDR3 5985413514044549760" 0.1562 5.622 -4.295 0.158 -3.628 0.125 18.285423 0.00312 19.031084 0.025132 17.50829 0.010682 1.522795 0.5797800000000001 0.027307920975423963
234.81294001786 -50.06348138674 0.019874 -0.013101 "Gaia EDR3 5985412483252881920" 0.6399 4.653 -4.035 0.688 -2.318 0.493 20.040886 0.005536 20.36348 0.251218 19.354877 0.12568 1.008602 0.354669 0.2809020219293553
234.7969977273 -50.02161198291 0.009649 0.028771 "Gaia EDR3 5985414819748350848" 0.0707 5.835 -4.628 0.071 -3.554 0.061 17.050972 0.002842 18.110214 0.007732 16.032572 0.005536 2.077642 0.056305 0.00950952785368443
234.76964862714 -50.04375414452 -0.007919 0.00663 "Gaia EDR3 5985413307886983552" 0.8711 4.202 -3.247 0.914 -2.667 0.741 20.354832 0.00733 21.231478 0.214226 19.024778 0.12507 2.206699 -0.057404 0.24806306451384494
234.74398250576 -50.04625368932 -0.024401 0.004125 "Gaia EDR3 5985413372270851072" 0.217 5.445 -4.589 0.219 -2.932 0.179 18.725868 0.003431 19.50595 0.045282 17.577305 0.024721 1.928646 0.583668 0.0515905743813732
234.73876199606 -50.04029554985 -0.027757 0.010081 "Gaia EDR3 5985413479718554368" 0.0196 4.348 -3.642 0.019 -2.374 0.018 14.239956 0.002763 15.070177 0.003126 13.343307 0.003868 1.72687 0.379313 0.004973258489159798
234.77603729814 -50.03235155413 -0.003817 0.018033 "Gaia EDR3 5985413307886833280" 0.6715 5.763 -4.421 0.702 -3.697 0.504 20.004965 0.005913 20.76642 0.149516 19.146938 0.07154 1.619482 0.35151400000000005 0.16574982912811706
234.77482738709 -50.02482174341 -0.004595 0.025562 "Gaia EDR3 5985413544069550720" 0.2062 5.532 -4.708 0.202 -2.906 0.162 18.65845 0.00337 19.530462 0.039836 17.635864 0.016209 1.894598 0.37545 0.043007424672956186
234.77554682828 -50.07240935614 -0.004129 -0.022025 "Gaia EDR3 5985413101727270016" 0.2427 5.224 -3.676 0.238 -3.712 0.2 18.975939 0.003613 19.42971 0.059296 18.062122 0.037416 1.367588 0.525941 0.0701139976894771
234.80665232848 -50.06790670026 0.015837 -0.017525 "Gaia EDR3 5985412483251926016" 0.5192 5.822 -4.457 0.535 -3.746 0.417 19.84947 0.005203 "" "" "" "" "" -0.017049 ""
234.78056854005 -50.02861032354 -0.000907 0.021774 "Gaia EDR3 5985413342279598720" 0.0718 5.777 -4.527 0.073 -3.59 0.062 17.091787 0.002881 17.609133 0.00797 16.257702 0.009418 1.351431 0.443034 0.012337731720215024
234.7585078161 -50.03740852644 -0.015076 0.012974 "Gaia EDR3 5985413410965297280" 0.4916 5.821 -4.657 0.525 -3.492 0.382 19.868359 0.005478 20.37986 0.0789 18.770647 0.034778 1.609213 -0.20074699999999998 0.0862248182601738
234.76366966997 -50.06685179871 -0.011753 -0.016469 "Gaia EDR3 5985413170446831360" 0.7525 4.304 -3.253 0.78 -2.819 0.574 20.026514 0.005899 "" "" "" "" "" -0.391214 ""
234.76401412935 -50.06987523585 -0.011531 -0.019492 "Gaia EDR3 5985413166111460608" 0.421 5.758 -4.704 0.484 -3.32 0.344 19.592827 0.00515 20.19537 0.126009 18.724966 0.044977 1.470404 -0.33623800000000004 0.13379536094349462
234.80839899326 -50.06704442944 0.016958 -0.016663 "Gaia EDR3 5985412483253078528" 0.7305 5.746 -4.326 0.784 -3.781 0.584 20.178934 0.006518 "" "" "" "" "" -0.369675 ""
234.77532739332 -50.05112870928 -0.004272 -0.000744 "Gaia EDR3 5985413204806695040" 0.5204 5.253 -4.12 0.591 -3.258 0.397 19.823103 0.008238 20.250904 0.168358 18.675186 0.052715 1.575718 -0.811723 0.17641793386444587
234.78292142067 -50.05847055801 0.000604 -0.008086 "Gaia EDR3 5985413136087114880" 0.6885 5.819 -4.528 0.913 -3.655 0.535 20.173742 0.006222 "" "" "" "" "" -0.343561 ""
234.75439044238 -50.04835050995 -0.017716 0.002031 "Gaia EDR3 5985413410965217792" 0.2165 5.354 -4.69 0.216 -2.581 0.18 18.686234 0.003464 19.080145 0.036432 17.791182 0.018131 1.288963 -0.040457 0.04069427213994618
234.79169312965 -50.06495071838 0.006235 -0.014567 "Gaia EDR3 5985413131761537408" 0.1305 4.363 -3.062 0.123 -3.108 0.11 17.960962 0.003175 18.781902 0.019469 16.960817 0.009164 1.821085 0.13341 0.021517919439388185
234.78297014787 -50.04564923959 0.000636 0.004735 "Gaia EDR3 5985413307919832448" 0.151 5.677 -4.654 0.155 -3.251 0.135 18.099382 0.003116 18.998549 0.02883 17.103994 0.021284 1.894554 -0.47938899999999995 0.03583542320107298
234.76421908649 -50.03115002216 -0.011409 0.019233 "Gaia EDR3 5985413509708854400" 0.9999 5.91 -4.599 1.669 -3.713 1.075 20.57378 0.012066 20.845531 0.211607 "" "" "" -0.19412300000000002 ""
234.77099811662 -50.06614778563 -0.007049 -0.015764 "Gaia EDR3 5985413204806558464" 0.384 5.814 -4.583 0.407 -3.578 0.307 19.563118 0.004872 20.693237 0.093457 18.72187 0.030147 1.971367 0.518981 0.09819904509719023
234.76123959869 -50.02198093588 -0.013326 0.028402 "Gaia EDR3 5985413509709813760" 0.2423 5.639 -4.691 0.259 -3.129 0.222 18.948273 0.003729 19.695166 0.037351 "" "" "" -0.5080290000000001 ""
234.78561244845 -50.0572901081 0.002332 -0.006906 "Gaia EDR3 5985413136087117440" 0.646 4.227 -3.154 0.631 -2.815 0.506 20.077864 0.007439 20.465206 0.091889 18.79752 0.051501 1.667687 -0.345846 0.10533727413408797
234.7357764445 -50.03888951503 -0.029675 0.011486 "Gaia EDR3 5985413479685868288" 0.9755 5.514 -4.746 1.084 -2.807 0.919 20.652853 0.009595 21.224533 0.195561 19.698484 0.12874 1.526049 0.435313 0.23413263830786174
234.79561818757 -50.03699498979 0.00876 0.013389 "Gaia EDR3 5985413342245720832" 0.4262 4.501 -3.755 0.473 -2.483 0.345 19.302296 0.004342 "" "" "" "" "" 0.761785 ""
234.73858308412 -50.03645048357 -0.027874 0.013926 "Gaia EDR3 5985413479684822144" 0.2407 4.518 -3.951 0.247 -2.191 0.195 18.828508 0.003643 19.709513 0.03962 17.872864 0.014087 1.836649 0.39543300000000003 0.04204982721724312
234.81977443241 -50.05326799132 0.024267 -0.00289 "Gaia EDR3 5985412517613205120" 0.9192 4.504 -3.337 0.995 -3.024 0.698 20.458048 0.007707 "" "" "" "" "" -0.6857899999999999 ""
234.79972899049 -50.07253257486 0.011392 -0.022149 "Gaia EDR3 5985412380172695168" 0.4945 4.303 -3.005 0.519 -3.08 0.389 19.886934 0.005394 20.289398 0.121647 18.740108 0.02695 1.54929 0.06459000000000001 0.12459652928151731
234.77954460748 -50.0610545583 -0.001563 -0.01067 "Gaia EDR3 5985413131772718976" 0.5406 5.424 -4.332 0.567 -3.264 0.43 19.561468 0.005986 19.959606 0.069106 18.325579 0.043226 1.634027 0.901543 0.08151151030376017
234.78484902579 -50.03257707575 0.001843 0.017807 "Gaia EDR3 5985413342245791232" 0.5312 5.226 -4.551 0.691 -2.571 0.422 19.956505 0.005519 "" "" "" "" "" 0.598308 ""
234.7975642197 -50.06601548063 0.010004 -0.015632 "Gaia EDR3 5985413131752673408" 0.2975 4.306 -2.996 0.263 -3.092 0.322 18.794361 0.003887 19.04452 0.039649 17.307615 0.023484 1.736904 0.146156 0.04608189945086899
234.79808486769 -50.03497466352 0.010345 0.015409 "Gaia EDR3 5985413342246887168" 0.7996 4.191 -3.024 0.922 -2.903 0.626 20.318737 0.008014 20.76916 0.11265 19.537313 0.071501 1.231846 0.22618100000000002 0.13342569280689534
234.79240433596 -50.06782962739 0.006691 -0.017446 "Gaia EDR3 5985413136121088640" 0.2773 5.74 -4.652 0.255 -3.363 0.225 18.242727 0.003755 18.811068 0.031334 17.016365 0.012646 1.794703 0.710939 0.033789656287094724
234.79795566718 -50.04671083281 0.010259 0.003673 "Gaia EDR3 5985413273560081536" 0.0852 5.915 -4.906 0.09 -3.305 0.074 17.423126 0.002887 18.253317 0.017899 16.53442 0.009244 1.718897 0.221964 0.020145116951757813
234.79544109428 -50.04117186074 0.008645 0.009212 "Gaia EDR3 5985413337910702080" 0.3247 4.127 -3.263 0.367 -2.528 0.259 19.201368 0.004041 19.836637 0.042326 18.06975 0.003868 1.766888 -0.407819 0.04250237287493488
234.78723547454 -50.04538070446 0.003375 0.005004 "Gaia EDR3 5985413307919830144" 0.1685 4.023 -3.269 0.174 -2.345 0.13 18.102577 0.003253 18.904411 0.024994 17.009912 0.014592 1.894499 0.214448 0.028941777761568137
234.75810511659 -50.06408434288 -0.015326 -0.013702 "Gaia EDR3 5985413166127103360" 0.6272 4.792 -4.104 0.662 -2.473 0.468 19.902075 0.005631 20.514055 0.087775 18.778463 0.029541 1.735592 0.8302930000000001 0.09261274915474652
234.82493702019 -50.04337948447 0.027587 0.006997 "Gaia EDR3 5985413995080584448" 0.3745 5.999 -4.762 0.373 -3.648 0.288 19.335543 0.005807 19.688606 0.067205 18.073025 0.03711 1.615582 -0.215161 0.07677020336693137
234.80198363274 -50.08164993283 0.012836 -0.031267 "Gaia EDR3 5985412380172622976" 0.1608 5.793 -4.776 0.156 -3.279 0.126 18.250347 0.003152 "" "" "" "" "" 0.65377 ""
234.74589466268 -50.05560281422 -0.023168 -0.005224 "Gaia EDR3 5985413376606450816" 0.7986 5.444 -4.588 0.932 -2.932 0.686 20.250128 0.006832 21.271727 0.138872 19.511322 0.036604 1.760405 -0.803633 0.14361505909896774
234.79788076332 -50.06523987036 0.010207 -0.014857 "Gaia EDR3 5985413239166222720" 0.5003 6.049 -4.794 0.477 -3.69 0.372 19.697903 0.005319 20.317936 0.28108 19.043161 0.153411 1.274775 0.023427 0.32022008263224216
234.76697838816 -50.06655082187 -0.009629 -0.016167 "Gaia EDR3 5985413170480845824" 0.081 5.986 -4.544 0.086 -3.897 0.07 17.2879 0.002888 17.934124 0.007932 16.448069 0.005061 1.486055 0.374503 0.00940905654143921
234.76533415467 -50.03055405106 -0.010693 0.019829 "Gaia EDR3 5985413514079490688" 0.9258 4.881 -3.829 1.001 -3.027 1.028 20.455734 0.008048 21.309214 0.139084 19.78179 0.08709 1.527424 -1.013016 0.164100661656192
234.78282302241 -50.04975329725 0.000541 0.000631 "Gaia EDR3 5985413307885902208" 0.2726 4.053 -3.388 0.26 -2.224 0.217 19.003565 0.003992 19.715687 0.072548 17.921513 0.029171 1.794174 0.31579399999999996 0.07819309141477909
234.76351080801 -50.04572391881 -0.01186 0.004659 "Gaia EDR3 5985413410965214336" 0.1846 5.969 -4.982 0.187 -3.288 0.156 18.371399 0.003304 18.92111 0.024288 17.483465 0.023016 1.437645 0.277308 0.03346106991714401
234.77000709059 -50.05597129753 -0.007687 -0.005587 "Gaia EDR3 5985413204807411328" 0.3634 4.021 -3.122 0.374 -2.534 0.304 19.22829 0.0044 20.055973 0.075933 18.293722 0.022795 1.762251 -0.329161 0.07928071968644078
234.79651203014 -50.07473220887 0.009327 -0.024349 "Gaia EDR3 5985412380173855616" 0.7195 5.638 -4.608 0.785 -3.249 0.656 20.346188 0.007171 21.16076 0.110174 19.469248 0.051068 1.691513 -0.8148150000000001 0.12143414223355802
234.73826382511 -50.04731065566 -0.028072 0.003066 "Gaia EDR3 5985413376639329024" 0.1224 4.387 -3.801 0.122 -2.191 0.106 17.148947 0.002963 18.163301 0.018008 16.047024 0.008793 2.116278 0.670121 0.020040082659510166
234.74107933379 -50.05213028189 -0.026262 -0.001753 "Gaia EDR3 5985413376605483776" 0.2628 6.089 -4.866 0.27 -3.661 0.205 18.81311 0.003548 19.268156 0.03889 17.725033 0.019664 1.543123 0.031973 0.04357872182613896
234.80678674154 -50.02775603177 0.015936 0.022626 "Gaia EDR3 5985414750995040512" 0.2014 4.046 -3.274 0.203 -2.378 0.175 18.043118 0.003858 "" "" "" "" "" 0.547184 ""
234.76631407591 -50.07566082312 -0.010054 -0.025277 "Gaia EDR3 5985413101728359936" 0.9077 5.053 -4.102 1.155 -2.95 0.99 20.491297 0.007919 21.307077 0.134573 19.846714 0.088449 1.460363 -1.0186 0.16103762892566445
234.75511999929 -50.0522389049 -0.017246 -0.001858 "Gaia EDR3 5985413410965178880" 0.6488 5.569 -4.331 0.863 -3.5 0.514 20.131378 0.006246 21.065315 0.136859 19.396791 0.038513 1.668524 0.967372 0.14217467091574365
234.74067666842 -50.04375916526 -0.026525 0.006618 "Gaia EDR3 5985413376605553280" 0.2308 5.667 -4.693 0.24 -3.176 0.194 18.866186 0.005506 19.43961 0.045162 18.131092 0.038846 1.308518 0.8539180000000001 0.059570277488022495
234.83277535367 -50.04780053335 0.032618 0.002573 "Gaia EDR3 5985413995080521728" 1.0735 5.446 -4.733 1.046 -2.695 1.096 20.462624 0.010762 "" "" "" "" "" 0.6577339999999999 ""
234.74010000039 -50.05198056213 -0.026891 -0.001604 "Gaia EDR3 5985413376606119040" 0.8182 4.01 -3.006 0.884 -2.655 0.658 20.324245 0.007756 "" "" "" "" "" -0.28828000000000004 ""
234.82405740593 -50.06561931087 0.02701 -0.015242 "Gaia EDR3 5985412517611639424" 0.477 4.505 -3.498 0.495 -2.839 0.355 19.812168 0.004437 20.563543 0.055996 19.17595 0.047248 1.387594 -0.904583 0.07326612805382852
234.81445409176 -50.05424125758 0.02085 -0.003861 "Gaia EDR3 5985412517611770496" 0.568 5.185 -3.882 0.566 -3.437 0.415 20.053268 0.005362 20.774723 0.186832 19.190365 0.043586 1.584358 -0.997665 0.19184873108780262
234.73678789989 -50.03953118962 -0.029025 0.010844 "Gaia EDR3 5985413479684805376" 0.4335 5.155 -3.69 0.518 -3.599 0.611 19.059832 0.004818 19.119755 0.025074 17.59422 0.017545 1.525536 0.98954 0.030602818513986586
234.79616611527 -50.03529593351 0.009112 0.015088 "Gaia EDR3 5985413342245735424" 0.3865 6.024 -5.0 0.732 -3.36 0.475 19.420084 0.0045 "" "" "" "" "" -0.130275 ""
234.81220656748 -50.0354862931 0.019415 0.014894 "Gaia EDR3 5985414746680413440" 0.2445 6.082 -4.91 0.256 -3.588 0.186 18.989199 0.003571 19.91945 0.035901 18.266079 0.021521 1.653372 0.28651200000000004 0.04185732005276974
234.74192313488 -50.04222991001 -0.025725 0.008148 "Gaia EDR3 5985413410965301120" 0.5089 4.831 -3.878 0.808 -2.88 0.549 19.618868 0.005526 20.43027 0.07992 18.713776 0.029048 1.716494 1.151187 0.08503524389334108
234.78107942678 -50.06467364585 -0.000578 -0.014289 "Gaia EDR3 5985413136087065984" 0.2218 4.17 -2.843 0.22 -3.05 0.187 18.817806 0.00339 19.435978 0.023082 18.004982 0.015489 1.430996 0.011041000000000002 0.027797263264573366
234.81040461308 -50.05990212908 0.018248 -0.009521 "Gaia EDR3 5985412483286063232" 0.1091 6.098 -4.963 0.113 -3.544 0.092 17.771952 0.002935 18.729988 0.016248 16.821493 0.007541 1.908495 0.234258 0.01791268223912879
234.7814247228 -50.05863509403 -0.000356 -0.008251 "Gaia EDR3 5985413136087117952" 0.5196 3.915 -2.929 0.58 -2.598 0.409 19.841913 0.005554 "" "" "" "" "" -0.010041000000000001 ""
234.81173788719 -50.05048019935 0.019108 -0.0001 "Gaia EDR3 5985413273526058880" 0.621 4.842 -3.771 0.586 -3.037 0.529 19.960663 0.010467 20.504868 0.105292 18.586292 0.031843 1.918575 1.186388 0.11000173595448391
234.77265684278 -50.04982655709 -0.005987 0.000558 "Gaia EDR3 5985413204806707968" 0.1844 4.011 -3.398 0.189 -2.131 0.145 18.501791 0.003344 19.21713 0.041048 17.46793 0.020615 1.749201 0.38709 0.04593382771988418
234.80071939827 -50.0485528904 0.012033 0.00183 "Gaia EDR3 5985413234846630784" 0.634 4.334 -3.453 0.64 -2.619 0.501 19.824982 0.009495 "" "" "" "" "" -0.893462 ""
234.79164732563 -50.07950639866 0.006204 -0.029122 "Gaia EDR3 5985412380172664832" 0.8277 5.737 -4.638 1.017 -3.377 0.855 20.26648 0.006542 "" "" "" "" "" -0.895065 ""
234.77341191281 -50.0422855363 -0.005503 0.008099 "Gaia EDR3 5985413307886640640" 0.6889 5.398 -4.687 0.77 -2.679 0.566 20.2255 0.006454 21.018385 0.190168 20.067396 0.212002 0.950989 0.844157 0.28479592031488093
234.80934434348 -50.05341947624 0.01757 -0.003038 "Gaia EDR3 5985413273526036224" 0.351 6.003 -4.918 0.369 -3.441 0.273 19.43474 0.004276 20.328848 0.071037 18.43098 0.020519 1.897867 0.643395 0.07394108959164722
234.79936422917 -50.03726755479 0.011166 0.013116 "Gaia EDR3 5985413269191230080" 0.1803 6.08 -4.693 0.18 -3.865 0.138 18.25325 0.003182 18.848501 0.019574 17.368973 0.009333 1.479528 0.589879 0.021685164629303602
234.76000731115 -50.06031041044 -0.014106 -0.009928 "Gaia EDR3 5985413170447671552" 0.6803 4.378 -3.003 0.701 -3.186 0.498 20.147202 0.009133 20.268534 0.140047 18.66274 0.057587 1.605793 -0.7301249999999999 0.15142465049654236
234.79150552244 -50.07640671896 0.006113 -0.026023 "Gaia EDR3 5985412375837476224" 0.2149 3.842 -3.195 0.214 -2.134 0.177 18.781645 0.003332 19.467777 0.02874 17.923603 0.017116 1.544174 0.11709699999999999 0.03345063610755407
234.76996567454 -50.0647321291 -0.007712 -0.014348 "Gaia EDR3 5985413204806577024" 0.599 4.021 -3.144 0.65 -2.506 0.522 19.975672 0.005006 21.051659 0.093452 19.397041 0.074263 1.654617 -0.680903 0.11936611526308459
234.80149751546 -50.02406460578 0.012539 0.026318 "Gaia EDR3 5985414819714563840" 0.5443 5.821 -4.414 0.645 -3.794 0.418 19.892984 0.005005 20.628515 0.109971 18.760193 0.042761 1.868322 0.94466 0.11799205041866168
234.77724028995 -50.03699706671 -0.003044 0.013387 "Gaia EDR3 5985413307921055744" 0.7335 5.38 -4.479 0.82 -2.98 0.664 20.311123 0.008023 21.015646 0.13844 19.23214 0.084045 1.783506 -1.027823 0.16195430103890418
234.7608138478 -50.05123059358 -0.013591 -0.000848 "Gaia EDR3 5985413204807421696" 0.3166 4.129 -3.433 0.332 -2.294 0.242 19.092196 0.004288 "" "" "" "" "" 0.87477 ""
234.73755289253 -50.05218378746 -0.028526 -0.001808 "Gaia EDR3 5985413376605492480" 0.681 3.984 -3.004 0.81 -2.616 0.625 20.26182 0.006939 21.090162 0.086689 19.272926 0.065505 1.817236 0.724476 0.10865490207993378
234.78353739624 -50.05137775741 0.001 -0.000993 "Gaia EDR3 5985413307886626816" 0.6681 6.084 -5.048 0.786 -3.395 0.565 20.140398 0.00625 21.264084 0.136648 19.582518 0.113194 1.681566 0.589635 0.177441701806537
234.75991811261 -50.07365185274 -0.014159 -0.02327 "Gaia EDR3 5985413170446778880" 0.4071 3.997 -2.92 0.421 -2.73 0.31 19.44652 0.004809 19.728897 0.070042 18.152882 0.049021 1.576016 0.7115210000000001 0.08549234003698811
234.77483726437 -50.02676215094 -0.004589 0.023622 "Gaia EDR3 5985413544068594944" 0.5518 4.605 -3.806 0.676 -2.592 0.449 19.908607 0.005849 20.705008 0.071677 18.876398 0.027037 1.828609 -1.135331 0.07660673402514952
234.79075890342 -50.05383804313 0.005637 -0.003454 "Gaia EDR3 5985413239166349696" 0.2971 4.676 -3.688 0.29 -2.874 0.257 18.841385 0.004411 19.490398 0.043149 17.616493 0.025287 1.873905 -1.182704 0.05001268409113832
234.80935347707 -50.06051215774 0.017573 -0.010131 "Gaia EDR3 5985412483252884480" 0.6222 5.658 -4.147 0.628 -3.848 0.471 19.975336 0.005918 20.625328 0.115633 19.04257 0.077111 1.582758 -0.977104 0.138985959758531
234.77045754298 -50.06789472852 -0.007396 -0.017511 "Gaia EDR3 5985413170482074496" 0.4374 5.796 -4.359 0.471 -3.819 0.32 19.592405 0.004603 "" "" "" "" "" 1.0301040000000001 ""
234.79300262155 -50.06434730504 0.007076 -0.013963 "Gaia EDR3 5985413136088530176" 1.2821 6.102 -4.934 1.3 -3.591 0.909 20.550875 0.009005 "" "" "" "" "" 0.722336 ""
234.80000719294 -50.04870147708 0.011576 0.001682 "Gaia EDR3 5985413239166365568" 0.8072 6.008 -4.973 0.844 -3.372 1.107 20.089027 0.006987 "" "" "" "" "" 0.808253 ""
234.79264561469 -50.05309177959 0.006848 -0.002708 "Gaia EDR3 5985413239166350464" 0.5191 4.482 -3.923 0.561 -2.168 0.447 19.80711 0.006059 19.857925 0.095445 18.275146 0.041391 1.582779 0.978896 0.10403347012380199
234.79974749099 -50.03326085102 0.011413 0.017122 "Gaia EDR3 5985413342246379392" 0.6141 4.28 -3.65 0.735 -2.234 0.474 20.111385 0.006294 20.344172 0.081629 18.75634 0.033085 1.587832 1.026205 0.08807900354795119
234.77043786673 -50.02895773742 -0.007415 0.021426 "Gaia EDR3 5985413514044541824" 0.5089 5.776 -4.529 0.588 -3.585 0.408 19.92929 0.005173 20.389679 0.209017 18.579239 0.092161 1.81044 -1.071285 0.22843326423706334
234.79234832486 -50.04261965855 0.006659 0.007764 "Gaia EDR3 5985413307885941248" 0.5803 3.769 -2.775 0.683 -2.55 0.448 19.9051 0.005179 20.57972 0.075766 18.784693 0.03326 1.795027 0.45480800000000005 0.08274487510414165
234.81446738228 -50.04026759886 0.020865 0.010112 "Gaia EDR3 5985413269206383616" 0.5156 3.89 -2.76 0.72 -2.741 0.486 19.868399 0.005108 "" "" "" "" "" -0.608479 ""
234.78795679559 -50.06014032973 0.003837 -0.009756 "Gaia EDR3 5985413136087087616" 0.3211 3.992 -3.184 0.312 -2.408 0.241 18.883629 0.005249 18.321411 0.183786 16.482416 0.073116 1.838995 1.12547 0.19779596368985894
234.77887490037 -50.05802239015 -0.001993 -0.007638 "Gaia EDR3 5985413204806608128" 0.5848 4.741 -3.237 0.727 -3.465 0.436 19.87114 0.005525 "" "" "" "" "" -1.192353 ""
234.79263182765 -50.06240811807 0.006838 -0.012024 "Gaia EDR3 5985413239166269568" 0.3026 5.311 -4.355 0.287 -3.039 0.236 18.826046 0.004103 19.703522 0.055748 17.760237 0.015567 1.943285 1.4946540000000001 0.05788066164963908
234.77419252975 -50.06693662482 -0.004999 -0.016552 "Gaia EDR3 5985413136088276096" 0.7728 4.571 -3.353 0.898 -3.107 0.69 20.435318 0.007268 "" "" "" "" "" -1.376155 ""
234.76579706178 -50.05791476233 -0.01039 -0.007531 "Gaia EDR3 5985413204807410560" 0.1701 3.641 -2.952 0.169 -2.131 0.135 18.135677 0.003311 18.61889 0.022634 17.195774 0.012277 1.423117 0.810267 0.025749226881597826
234.7819462004 -50.03775541413 -2.2e-05 0.012629 "Gaia EDR3 5985413307886987648" 0.7446 4.658 -3.337 0.842 -3.25 0.593 20.285011 0.006731 "" "" "" "" "" -1.474944 ""
234.77368708607 -50.05037806397 -0.005325 6e-06 "Gaia EDR3 5985413204806708224" 0.3603 4.197 -2.9 0.419 -3.034 0.29 19.091753 0.004153 "" "" "" "" "" -1.201052 ""
