# Binary systems ID's begin with a '2'
ID Gmag (G_BPmag-G_RPmag) e_Gmag e_(G_BPmag-G_RPmag) M_ini1 M_ini2
10 15.970034747583547 2.6367047905872356 0.002803075121561223 0.007869406260833168 1.047474413549518 -99.0
11 16.376577821200026 2.4139866740909617 0.002827406169301721 0.009823099559415913 1.0473274523069132 -99.0
12 18.09212159903026 2.0039588779088606 0.0031772266091677557 0.030181616324376378 1.0458757146438018 -99.0
13 17.391884631718742 2.12070700186727 0.0029597356037309687 0.018543524319217485 1.0467008212555147 -99.0
14 18.08474349118408 1.9843135205827214 0.0031740121105785428 0.030022642005363285 1.0458837463328983 -99.0
15 16.66332459936378 2.2216763685318233 0.002851928418718944 0.011628624152973397 1.051355585795679 -99.0
16 15.844472207613107 2.759961320967833 0.002797415659980598 0.007381698948528732 1.047516879278177 -99.0
17 16.258460988748244 2.4404516482457908 0.0028192484447751077 0.009189841159612683 1.047372030562618 -99.0
18 17.241578196801218 2.134175206802678 0.0029303661585035937 0.016776295853904187 1.0468239279287277 -99.0
19 15.769956142533394 2.8799786501265765 0.0027943904022412337 0.0071142137410713045 1.0475439057408715 -99.0
110 17.500217818306048 2.086878306219968 0.002983940318942925 0.019953078223115057 1.0465978183760847 -99.0
111 16.76005809751471 2.2944432546013895 0.0028619942555055356 0.01233541910909754 1.0471461853035517 -99.0
112 15.806449201599662 2.8059859364026773 0.002795842680240533 0.007243254201901873 1.0475296811246477 -99.0
213 17.922634275758213 1.8856521176453918 0.003109268296597914 0.026752500912998835 1.0480916856394404 1.0115182921198447
214 16.15775739206579 2.4898166370694876 0.0028130427438495297 0.008694460759321536 1.0474074701974625 0.8257299077811118
215 17.311508320675546 1.9813758157941044 0.0029434602955375998 0.01757258129951258 1.049689417721213 1.0151696691361913
116 17.981226790923955 1.8894136312779664 0.003131419556290354 0.027886688438694355 1.0486112298317258 -99.0
217 17.960627561195892 1.9538233708043504 0.0031234775189215034 0.02748198014849686 1.0499563711278943 0.8854872619858946
118 17.987109435534702 1.8607418062937702 0.0031337190319218706 0.02800347084750836 1.0490981545292721 -99.0
119 17.701017032284778 1.9161436660652402 0.003036699798951889 0.022905254003647235 1.05102142805063 -99.0
120 17.984962872131188 1.876371303811884 0.0031328783273624683 0.027960794660221035 1.0488194778176032 -99.0
221 17.758783741941443 2.0309846333760326 0.003054034174726578 0.023844454960591576 1.0463034886383837 0.8387168715082548
222 16.464375475481642 2.33411441173944 0.002834153607141058 0.010333385083541079 1.047276376133701 0.9424112158720525
223 15.619354799873243 3.428165437848823 0.0027889476654901642 0.006619147962402011 1.0476178230761188 0.8684010726916361
124 17.9050853273359 2.0079777437360034 0.0031028923598986624 0.02642283922126832 1.0461357465840042 -99.0
125 17.96866127400948 1.8751938563982256 0.0031265546879304528 0.027639037985135957 1.0483194964231335 -99.0
126 17.9848681869761 1.8894379409511455 0.003132841287007921 0.027958913865671876 1.0497344977777128 -99.0
227 17.03156484243802 2.1035700543804063 0.0028963111192761523 0.014631784204385073 1.051205303190149 0.797620292709321
128 17.97212045092741 1.8820755994348621 0.0031278876055539718 0.027706970280282985 1.0499792501165368 -99.0
129 17.95996394113184 1.9267027894969055 0.003123224479396043 0.027469050751943464 1.0479042991791523 -99.0
130 17.982620274579727 1.89635942586213 0.0031319629858151507 0.027914303145673044 1.0498266694084573 -99.0
231 17.975944251474896 1.878070534681527 0.003129366615918562 0.02778227831547665 1.049519504999915 0.8153673334780548
232 16.610244455507225 2.2119621248183066 0.0028468206583689578 0.011263015883432325 1.0513670032409554 0.9577474189648156
133 15.622885217977963 3.42610951201657 0.0027890657366574935 0.00663009547294237 1.0476170051197622 -99.0
134 17.973131539149424 1.8598216288272262 0.003128278112993956 0.02772686121128154 1.0484777656492317 -99.0
135 17.987459652673824 1.8894159419500423 0.003133856373196109 0.028010440405099108 1.0488702126798604 -99.0
236 17.764775548457635 2.003744315486061 0.00305589252796683 0.023944335203435432 1.0462643660053246 0.9336349034245262
137 17.886422205375272 1.890163448154759 0.0030962381451633907 0.02607719920329149 1.0507410088573932 -99.0
238 17.96757562455382 1.8755838716374733 0.003126137344906446 0.02761775573109907 1.0493827529848878 0.8066412334936698
139 17.967137651645658 1.901805642797363 0.003125969113705733 0.027609175177747334 1.050085527137946 -99.0
140 16.486013622021225 2.2566749421780994 0.0028359133871857125 0.010464647462544352 1.0514009609163448 -99.0
141 15.827718548902146 2.8005226829505028 0.002796714900829606 0.007320187574506755 1.0475244160533543 -99.0
242 15.752738249152117 4.392397115784971 0.0027937241101840486 0.007054603551341387 1.0476785971402243 0.9515085886241934
143 17.87621487210623 1.9054165031433075 0.003092653076278235 0.02589029299449092 1.0507876471050654 -99.0
144 18.06496048642148 1.9697282412457395 0.003165513836147202 0.02960090271916546 1.0459113146102177 -99.0
245 17.92611073047552 1.8516812208582416 0.0031105452463885555 0.026818348184467607 1.0502007962750024 0.9563128779207999
146 17.961484348082013 1.9359576803256 0.003123804471802794 0.027498683012956184 1.0479699991309344 -99.0
247 17.953815570618833 1.8258041419864002 0.003120888383707875 0.027349581262418838 1.048532992139981 0.8337217784534712
248 15.623169316406441 3.36407099499135 0.002789075256901829 0.006630977757575146 1.0476122025250783 0.9712114491338861
249 17.95488711087832 1.8949943192950915 0.003121294444814963 0.027370360944872024 1.0486009091327944 0.8692161297240134
250 17.75457476131067 2.0265151049590155 0.0030527356732204087 0.0237745741096291 1.046277818867741 0.9888195924556008
251 17.966696825950187 1.8594179920111618 0.0031257998641032276 0.027600541715003354 1.048633130126267 0.7804439876296524
152 17.989877501524145 1.880905460657967 0.003134805924224784 0.028058609588543094 1.0493967700803533 -99.0
153 17.979250763489095 1.8120602473936478 0.0031306502963687746 0.02784758124229306 1.0495999103394913 -99.0
254 17.921336566961482 1.8650788978329025 0.003108792812834299 0.026727967169342788 1.0502782983054662 0.8534760454121647
255 15.769806014984512 4.447510562941903 0.002794384540924027 0.007113690490766576 1.0476820198257568 0.9848720626550322
156 17.978960306100507 1.8992395731468978 0.003130537355678731 0.027841837969892327 1.0485170402500978 -99.0
157 15.746650252099304 2.9204279490409335 0.002793491360758906 0.007033718486527724 1.0475522682272138 -99.0
158 16.381934934488985 2.397098640303535 0.002827800455071004 0.009853237270956657 1.0473236455958574 -99.0
159 17.961633213014316 1.9282788188982098 0.003123861308907849 0.027501586247455856 1.047855090122769 -99.0
260 17.91362219771925 1.8626932355785417 0.0031059794616068084 0.02658263890071041 1.0503567406872603 0.8867722092277295
261 16.25903511116524 2.455972932924735 0.002819285721075241 0.009192779242054139 1.0473727081654882 0.8019783006537275
262 18.200285880355413 1.8743849698146584 0.003227297345098529 0.032621159487509536 1.045569804225613 0.9858179327751831
163 16.00285061586979 2.4454671738195075 0.0028046801868586504 0.008005000055317046 1.0514910269902034 -99.0
164 17.991983688526762 1.9218286590382518 0.003135635026580907 0.028100644379413724 1.0489200697838155 -99.0
165 17.994537991983602 1.9208835731860214 0.00313664297119626 0.028151715995365884 1.0493496810391467 -99.0
166 17.989514308019523 1.8743326394486006 0.0031346631363540095 0.02805136808598179 1.0492602267395439 -99.0
267 15.847659260689214 2.7449703642185614 0.0027975503539630934 0.0073934922148622805 1.0475128436616468 1.0125078491544535
168 17.98953566504472 1.8825271189583221 0.003134671531278091 0.028051793854017387 1.049460152659165 -99.0
269 17.9078029151037 1.9111471663097952 0.0031038721201849776 0.02647359286663456 1.0505043687122555 0.8023768670788644
270 17.945185310521605 1.8684048375073885 0.003117634392657994 0.027182856579010643 1.0484223715661019 0.8941523312945445
171 17.07617336440261 2.098592796377128 0.00290293570595158 0.015058176563081001 1.051158683159413 -99.0
172 17.963649834021794 1.9104020469607674 0.0031246321292129494 0.027540948821962234 1.0481197782134284 -99.0
173 17.056274815102586 2.053542383907761 0.002899942657690235 0.0148661280550585 1.051174499766476 -99.0
174 16.38503796317532 2.2807141430717537 0.002828029846420916 0.009870752200569365 1.0514224162344563 -99.0
175 17.89955923042346 1.9360682545469245 0.003100908583322921 0.026319967508869772 1.0506786818095522 -99.0
276 17.564512195074123 2.117451360484375 0.002999649850998602 0.0208481545942631 1.0465334552562329 0.8335948117228554
277 17.946056486031754 1.8670504711713771 0.0031179615402448565 0.027199635231555216 1.0500881049174091 0.8984269607182699
278 17.89451327417298 1.8371956837285128 0.003099107104493244 0.026226423235237828 1.0504199946705561 0.93449734146058
279 19.611801447893104 1.6596210452250504 0.004799964601121977 0.0934462630083611 1.0403840467458225 0.9604804234235823
280 17.90282777049551 1.8954674914813832 0.0031020805564395066 0.02638075943506583 1.05037527172472 0.9648070078156352
281 17.952283644900756 1.8901873615988023 0.0031203086448013577 0.027319903991647916 1.0481740327992202 0.8374785355251141
282 17.960122197909396 1.8818525351523292 0.0031232848071272652 0.027472133477350103 1.0490456456090422 0.9692723243701142
283 20.037820786211014 1.7667383559374625 0.0059394914437138745 0.12953073383026006 1.0370525724024346 0.9932643864518906
284 18.0918201459039 2.0399047258070664 0.003177094787818182 0.03017510291310077 1.0458464532591794 0.7585885590656768
185 17.974536295057444 1.8357014576535937 0.003128821346994131 0.027754522926284917 1.0498424781043378 -99.0
186 19.541428617569906 1.8313208571594015 0.004655719472945153 0.0885638237057194 1.04150155886805 -99.0
287 17.968459202064064 1.871215293416878 0.0031264769721592233 0.02763507534384841 1.0495080496487807 0.7897178120202061
288 17.937646975273378 1.919682842209176 0.003114815914332772 0.027038148507210494 1.047982284446429 0.8042961817777021
289 17.94777393778447 1.9397261514081245 0.003118607354287333 0.027232746638579445 1.0492196537572949 0.885084044035439
190 17.880709607741082 1.8755484098901893 0.0030942270486534243 0.025972411309042338 1.0507564060318326 -99.0
191 17.80155577018521 2.0637481289849022 0.0030675572353614754 0.024567852006679894 1.0462732892767697 -99.0
292 17.76617192515571 1.91660187337938 0.003056327279961561 0.023967679700082928 1.0498037985813085 1.007569987651878
293 19.406068212472245 1.9561597365886954 0.004406277481185805 0.0798987385357482 1.0416489333285126 0.9174867436528497
294 18.174696182806397 1.9878353812751774 0.0032149377423739967 0.03202514830851827 1.045649792624656 1.008573021166281
295 17.988706631530118 1.9940820071222662 0.0031343457953667804 0.02803527170282004 1.0459879672250796 0.8906586750498279
296 19.99290204407808 1.4409246384878855 0.0057941756485595875 0.12513192639115853 1.036322299221533 1.0149158014126407
197 19.995610344746947 1.9622404461963998 0.005802746153078289 0.12539277005824226 1.039255218512725 -99.0
198 17.981166113005873 1.848017093040686 0.003131395911065166 0.027885486669364096 1.0487901250454306 -99.0
199 16.70986637866812 2.3264834702300545 0.00285664509008731 0.011961986111593832 1.047175277339895 -99.0
2100 17.529827265822327 2.0846041795285086 0.002991044607805258 0.020359674555645583 1.0465554895388456 0.9302012659172119
1101 17.958592452317593 1.8888000987289537 0.003122702081553443 0.027442351209095824 1.0480532353616197 -99.0
2102 17.84307007731632 2.0097681428831886 0.003081270888636695 0.02529361282373068 1.0460833939508765 0.8909414651090471
1103 17.585196939021063 2.098076516466511 0.0030049314646886692 0.0211458650395307 1.0465166491078495 -99.0
1104 17.983098487855628 1.9180675450741012 0.003132149660663435 0.027923786882594434 1.0485718558038069 -99.0
1105 17.938230145853588 1.8771683582783034 0.0031150331656477916 0.027049312657384757 1.0503510159850733 -99.0
1106 17.991158000006827 1.8888691863233082 0.003135309777042444 0.028084157189828117 1.049296071566257 -99.0
2107 19.694869084682562 1.7876494226366615 0.004984394789458524 0.09956784679092337 1.0406520284245933 0.8017656325735457
1108 17.97093083417052 1.864457930963321 0.0031274286716422013 0.0276835874177543 1.0483948691003668 -99.0
2109 17.94459196997956 1.9068704584815772 0.0031174117485483813 0.027171435540867622 1.04827614743239 0.9597738913876595
2110 17.657380422860122 1.8991641356120867 0.0030242791560268732 0.022223519063673033 1.0487552643535185 0.7620765291538436
1111 17.216089585451815 2.1894689480786176 0.0029258255053610347 0.016496768716393752 1.046850545629249 -99.0
2112 17.878976324661007 1.9055395446863366 0.003093619213250735 0.025940710064774684 1.0478810909618759 0.9986669090491093
2113 19.191596310105123 1.8828869751394746 0.004076398500069788 0.06792372417179703 1.0426321431901189 0.8158939470253443
1114 17.90542378440877 1.8842703387666566 0.003103014231411425 0.026429154336407516 1.0505786600176104 -99.0
2115 19.420822825727786 1.813448544784405 0.004431792943715441 0.08079912788461838 1.0418227601048133 0.7718020505100348
1116 16.863500420153635 2.2414932177194276 0.0028739402429945934 0.013153095844724363 1.0470847924179807 -99.0
1117 19.2461496212245 1.7800649118738592 0.004153459312306767 0.07078106944676016 1.0425798447849826 -99.0
2118 16.027585494122714 2.4278857541675176 0.002805926742192628 0.008109539257530591 1.0514851694564524 0.994728357117159
1119 17.99426006915289 2.0382851526902654 0.0031365331711394077 0.028146154140751434 1.0460208507735431 -99.0
1120 19.79049683662902 1.7211985371359655 0.005217418233103884 0.10712795531074353 1.0404051553957412 -99.0
2121 19.474090351318527 1.7892707938831964 0.004527238843898096 0.08413799784782665 1.0415315670519951 0.7834156170357933
2122 16.594404051727455 2.232839295509728 0.0028453502309309696 0.01115683092037738 1.0513730719973384 0.9316522751725463
1123 18.765792413628926 1.9333347531342586 0.0036041339865709567 0.049371838376019904 1.0439338307652561 -99.0
1124 19.929325972725103 1.9833981492597736 0.005599770840578925 0.11916551145741137 1.0396978092609155 -99.0
1125 20.16195478982719 1.7080477609956768 0.006378255785384722 0.142526133820256 1.038139836612559 -99.0
2126 20.12420723064291 1.5895586945551392 0.006238788510327536 0.13843946085227007 1.0372575919295877 0.9043960086025404
2127 16.8139608709075 2.26267929004565 0.002868058686656937 0.012753206686783085 1.0471073525142784 1.00638067466419
2128 18.6801788785694 1.9420820898263114 0.0035319277715098528 0.04633426469724722 1.0440254803479194 0.9330205389475864
1129 19.894489103491466 1.9432533453029168 0.005498574874732158 0.11602039202772554 1.0398929743279313 -99.0
1130 16.353664205178383 2.412779581191427 0.002825744301046928 0.009695615650654911 1.0473358100038013 -99.0
1131 17.951088796956878 1.874016429799863 0.0031198571099058507 0.027296781551195498 1.0502318153469608 -99.0
1132 19.788452875589527 1.8276678265997355 0.005212191238295671 0.10696035267236555 1.0404404522323527 -99.0
1133 17.96590293257502 1.9134384265656568 0.003125495254220156 0.027585001048303425 1.0477720668807304 -99.0
1134 17.432269526301926 2.0183953200014844 0.0029684413971033836 0.019055010202588672 1.0510991904991167 -99.0
1135 18.88824517179727 1.9158947909214152 0.003719255895037395 0.05408743438282192 1.0436343324754231 -99.0
1136 17.986897894180313 1.9139607660258904 0.003133636098031024 0.027999261960627877 1.0497695506195626 -99.0
1137 18.42304328569824 2.084548506993339 0.003349995423802942 0.03834830905488016 1.0449098651310262 -99.0
2138 17.86500108392796 1.88690085732627 0.0030887581572137416 0.025686678175262132 1.0503152216413176 0.8554290666746367
1139 19.90569492107165 1.7557934430691728 0.005530726838105903 0.11702269205862745 1.0397780822009088 -99.0
1140 19.344227713202017 1.7940194806879042 0.004303496069449609 0.0762364887425405 1.042244487728685 -99.0
2141 20.200501641732135 1.65826439113491 0.006526442845110584 0.14682631874980773 1.0374225375282111 0.7929424582987404
1142 20.098313520164794 1.863144936758873 0.006146236710534215 0.13570539426575398 1.0385944421375923 -99.0
1143 19.083656398337475 1.9176031326205916 0.003936229063858045 0.06261857343356012 1.0431076821572558 -99.0
2144 20.45104649913244 1.7998772648798327 0.007649028197469456 0.17818730988285134 1.0336069081075592 0.8210035271535328
2145 20.309902870407658 2.2173767209149866 0.006980880052547765 0.15976466605171014 1.0361249530159298 0.9102322850052518
2146 20.19925993372581 1.794993242858132 0.006521576085490039 0.14668575746501963 1.0373035890396116 0.8283437069490005
1147 17.33945154909871 2.1670672059048472 0.0029489648301026963 0.01790320444245032 1.046751070197518 -99.0
2148 20.292391637714765 2.0376010095184234 0.006904619466490472 0.15761821821365912 1.0360033678344212 0.908939948131488
1149 17.989287934612886 1.8901925000385145 0.00313457416597263 0.02804685560446828 1.0495398400525722 -99.0
2150 18.89743058535922 1.8533355568577181 0.003728497263985757 0.054459790824719086 1.0433082942569596 0.9542550355567738
2151 20.14222298368887 1.8357971217117324 0.006304668939858431 0.14037478944338388 1.0367455785645383 0.9123490950021594
1152 19.608783698948955 2.099620463477678 0.004793559890073127 0.09323130624254176 1.0413064000608618 -99.0
1153 20.137811008357488 1.9419734413383585 0.006288420767415364 0.13989830043243334 1.0383643466425603 -99.0
1154 18.25410711829841 1.9852016979630143 0.0032543916355152434 0.03391450991648381 1.0456192268078093 -99.0
2155 20.209415860076838 1.824835537135147 0.006561566497863214 0.14783944383516692 1.034971415001153 0.955496855641184
1156 17.03406111332176 2.1617685534219397 0.002896673762565041 0.014655252221489803 1.0469725717841707 -99.0
1157 18.67121802313544 1.9226728367347052 0.0035247353850255386 0.046027985409514284 1.0441469090161988 -99.0
1158 20.65534397406216 1.4159890134032938 0.00880765875282871 0.20874585760745867 1.0340456614252354 -99.0
1159 18.336787021546147 1.9456931909829627 0.003299084694691499 0.036011009764389895 1.045475718664466 -99.0
2160 20.099276564956643 1.8286445338221138 0.006149634461304223 0.13580608752704257 1.037950332744867 0.7403640398563073
1161 20.087140811226295 1.8380090644109186 0.006107065753003396 0.1345427594647378 1.038656091756379 -99.0
1162 20.25620692148446 1.8383322972304854 0.006751370683917696 0.15327532680505454 1.0375335134045456 -99.0
1163 17.98875031874721 1.8715140241554709 0.0031343629535180288 0.02803614209481914 1.0491405603212616 -99.0
1164 17.98971055323336 1.8878992723612977 0.0031347402825646618 0.028055280647736467 1.049075942185123 -99.0
1165 17.987030720240366 1.8526345223523066 0.003133688169792192 0.028001904623929846 1.0493244592145485 -99.0
1166 19.853463468071187 1.8326465035707806 0.005384010538914562 0.11242525254063657 1.0400978742995393 -99.0
2167 17.868267346751463 1.8756682029976892 0.003089887951637877 0.02574580042565414 1.0501337104532456 0.7450808545052293
1168 20.45895936574545 1.932888298001675 0.00768947012360836 0.17928185361217358 1.036014880127358 -99.0
1169 19.71189089298865 1.90645757152315 0.005024195329900587 0.10087233445207862 1.040825875338571 -99.0
1170 18.523319047587947 2.020015392788724 0.0034152194945081486 0.0412722792120193 1.0443895224678588 -99.0
