# Binary systems ID's begin with a '2'
ID Gmag (G_BPmag-G_RPmag) e_Gmag e_(G_BPmag-G_RPmag) M_ini1 M_ini2
10 17.7186858793859 1.9010440376250495 0.00321951029955213 0.02470385231915622 1.0781346029078498 -99.0
21 20.385900619863268 1.9201482881521814 0.008243128908800315 0.13654064056086074 1.0571490933686198 0.8000406318847879
22 20.366110584631905 1.4976030181522242 0.008077681287120641 0.13463721685022217 1.0457113818327606 0.8324664957826168
23 20.36797164831104 1.5857501163360708 0.008093007854249157 0.1348150164808424 1.0475616468750752 0.790224345845822
24 16.336247961178724 2.299900339944913 0.003166589241612489 0.013380594348839753 1.0760715794362492 0.793796227878159
15 15.7058424622798 2.5167310175116007 0.00316279735821889 0.011033936793352274 1.0763678854100867 -99.0
16 17.71643711599204 1.9090825053684404 0.00321928981226261 0.0246743080020035 1.0789130733865198 -99.0
27 20.40559433144339 1.7047035644885593 0.008413297467281651 0.1384630093779562 1.0479069643353132 0.7928144684914457
28 20.382575914528367 1.8829487227232522 0.008214949815257586 0.1362188927817983 1.057138407136055 0.8005428877657144
19 17.960716953340825 1.9911100284346754 0.0032488177436486984 0.028192978921382617 1.073691306076188 -99.0
210 17.691559503691224 1.9045379188316827 0.0032169051384338737 0.024350763352567785 1.0781971373706005 0.9013249240627234
211 20.363450865408414 1.426475019723062 0.008055860120108383 0.13438354612760853 1.045697405582501 0.8312972969732471
212 17.67041265800978 1.93636249580341 0.0032149546469882185 0.024080438761531417 1.079783453624968 0.8547690337764033
113 17.7030333266601 2.0654712522765464 0.0032179926562398895 0.024499236938888662 1.0746717429470218 -99.0
114 18.404953636444397 1.9094282638710502 0.0033458488278035902 0.0365002282999964 1.0723427913378436 -99.0
215 17.75916733318411 2.022848186470724 0.003223624594827222 0.02524429673744262 1.0744118696491063 1.049799924218326
216 17.600604267075582 1.9735657802551199 0.003208984281769278 0.023217852211425367 1.0806401181212746 0.8551196419431544
217 20.383828383445525 1.6869268606482906 0.008225546934740681 0.13634000621104403 1.044881739252777 0.8252057783084452
218 18.21705926004358 1.9979513944429421 0.0032959441606931145 0.032647247762627785 1.0726982193579038 0.964690679939804
219 17.69290381762716 1.9141844671071009 0.0032170314793350066 0.024368093143540173 1.0784743697815118 0.9337601799065828
220 17.68317673853463 1.9071024525580973 0.0032161236873838876 0.024243092304087735 1.0772420779804268 0.8783977947540319
121 20.539970942689813 1.574354816250837 0.009736778530802747 0.15236460865758858 1.0511746837284544 -99.0
222 20.408453628137238 1.7879711555788895 0.008438473168121317 0.13874447914306523 1.0455021131053195 0.8149598868983748
123 17.721354973606047 1.9278040315622165 0.003219773077948015 0.024738983584291725 1.0780455444756332 -99.0
224 17.167410782756868 2.1585118047706566 0.0031841343155783355 0.01876499091915554 1.0753913161269986 0.8408130580613408
125 20.541947735185754 1.5899838862348132 0.009758553460965345 0.15257973361494534 1.0552491895952778 -99.0
126 20.53969388415035 1.625006385317549 0.009733732399786553 0.1523344831254744 1.0459560481459207 -99.0
127 20.542753645340515 1.519690456717016 0.009767451466064244 0.1526675284143704 1.052995328154223 -99.0
228 17.698085113918204 1.9167028701620505 0.00321752109200733 0.02443504959133476 1.0781134996772879 0.9111290495273122
129 19.749877360814292 1.8930767829223325 0.004915212271684406 0.08751175357993064 1.0662051317472339 -99.0
130 20.366823820681862 1.6909436156121989 0.008083549420507406 0.13470532768986443 1.060288259223315 -99.0
231 20.2880133633327 1.6557398293404275 0.007475687611136927 0.12739510206285795 1.0563582497464676 0.8372105004712218
232 17.60252957936146 1.9486982368089354 0.003209139769902862 0.023241042634474816 1.0768774111341757 0.9184698970969374
133 19.437192839808493 1.8476396668153645 0.0042007975247896285 0.0707347240185877 1.0681930688310106 -99.0
134 20.54652736127065 1.5902264269653326 0.009809276754362425 0.15307933774070606 1.0516865286532129 -99.0
135 17.62923587362924 1.9732991200473877 0.003211349009286758 0.023566192794973365 1.0805542988962211 -99.0
236 20.23435907403411 1.5577516014160466 0.0071053872697139685 0.12265946855819393 1.0576967822333319 0.9152577203677756
237 19.06093979556488 1.8565087573476506 0.003715117883001934 0.05512095970298128 1.069860197756806 0.8301807362778659
238 20.154129433822522 1.457532087248629 0.006610112246656372 0.1159238988904911 1.0490228675069946 0.923046073024065
239 20.055278299221076 2.095193858964671 0.006084541452922139 0.10816258088308596 1.0615210934823829 0.9219229415606041
240 20.0038903992962 1.8883806537678027 0.005843776958400607 0.10434917828765625 1.0616512135743854 0.9347354735882923
141 20.467290395506105 1.681781443494104 0.008984168180098447 0.1446722101642774 1.0589902212404025 -99.0
242 20.364218373006384 1.7646693464239214 0.00806214703246114 0.1344566953119203 1.0583355157156327 0.8182882548244369
243 20.399167157441333 1.5660556576425617 0.008357144614132013 0.13783251257017037 1.045384906540057 0.811814126776954
244 17.665115093414467 1.930458316599317 0.003214476732075862 0.024013386726611803 1.077422671087042 1.0063397520081834
145 20.539232168358442 1.7249574286664642 0.009728659182095145 0.1522842930570532 1.0495161012736351 -99.0
246 20.238870055725425 1.6803302943683047 0.00713525693606455 0.1230503317109012 1.0501739299236394 0.9186748713577547
147 19.98240037955793 2.067415340915964 0.005749067464035428 0.1027974483121476 1.0644663345299368 -99.0
248 19.98900080712685 1.4197988373193913 0.005777795150828133 0.10327139122420231 1.0470087978734375 0.9909029957203161
249 18.737134069200266 1.985571805771838 0.0034833302644577836 0.04479080918295057 1.071261482366049 0.7944051792187705
250 18.843251781326323 1.852057808963264 0.0035459656497068602 0.04790441497462258 1.0707785682876951 0.8644920797080364
151 20.51724334890563 1.3389407637805748 0.00949153134605274 0.14991401499091356 1.0502495061298476 -99.0
152 17.590391557459334 2.004322724705576 0.003208167822756977 0.023095397419320166 1.0767672702761335 -99.0
