# Binary systems ID's begin with a '2'
ID Gmag (G_BPmag-G_RPmag) e_Gmag e_(G_BPmag-G_RPmag) M_ini1 M_ini2
20 19.076171482462403 1.390291568873868 0.0035822178563511375 0.038894595484461614 1.1765606132340132 1.0931705023938227
11 19.249484374896777 1.5828707895847955 0.00376585469157758 0.04481243770490016 1.2026281405757924 -99.0
22 19.269908082965095 1.3423758215275825 0.0037901143572114803 0.04557328490708228 1.163568153904365 1.012247128646916
23 19.0574470433069 1.400310597732001 0.0035645648249424938 0.03830932234811043 1.194954196323073 1.0895175096223957
24 16.85516871222465 1.7478599650225644 0.002841914890774791 0.008837974342862692 1.2238698688102188 0.9117053636668764
25 19.274898977765346 1.3267044260804963 0.0037961334171822767 0.045761370794667154 1.171107958713628 0.8772669812383351
26 17.717920080698068 1.7188069318163874 0.002942692672440746 0.014314647367040972 1.216003314242077 0.975649037896509
17 17.854022145238442 1.7370754220638356 0.0029703918412404156 0.015642076228301056 1.215650082640176 -99.0
28 19.28551055583341 1.3205177400856134 0.0038090512790373158 0.04616412626653447 1.1712178092857355 0.8580271942089801
29 20.217690712226837 1.4614714371044055 0.005910181723581135 0.10213370693628146 1.0402862717603116 0.872729018610707
110 19.974066690023264 1.4247580626091358 0.005119551031945192 0.08267331361951079 1.1067831560558152 -99.0
211 19.265345514352223 1.4342085205477517 0.0037846432560458268 0.04540208647017073 1.1857917855517646 0.9591639303660365
212 19.06345687366509 1.3434301939169286 0.003570187688087728 0.03849608731868191 1.1837486746483283 1.0255716587906696
213 19.257923828973592 1.4088598554699021 0.0037758073372264403 0.04512512084304795 1.1798719799266097 0.9715598718644706
214 19.892439880310807 1.0392943158978891 0.0049022192096975226 0.07705998910314792 1.0414460978483466 1.0076265833369513
115 20.197247826932436 1.2612348193307916 0.005834617679916108 0.10032993262166057 1.0829813268353845 -99.0
216 17.557535152701085 1.7385562173928466 0.0029153502181161763 0.012947406559281418 1.2167755058857168 0.9969401606807513
217 19.25332396558824 1.3381748554452182 0.003770370247739174 0.044954397531317754 1.1708853306055822 0.9162591986057118
118 18.333820850086788 1.674969918545573 0.0031133909678793432 0.021880082761640017 1.2124829839902171 -99.0
219 18.06397528205377 1.6988683056646927 0.0030230414002097015 0.01804100262234473 1.2140368469308982 0.940658676908643
120 20.201015521166447 1.3921393302980256 0.005848405672082826 0.1006598576940679 1.0839705873450591 -99.0
121 20.158989097075033 1.1555304721277642 0.005698076805924208 0.09704301104584005 1.091103961073175 -99.0
122 17.06650346835828 1.8251595260182176 0.002857948209876691 0.009811814078209429 1.2200543782709588 -99.0
223 19.294807442859533 1.3191564494306176 0.0038205044471649467 0.04652019323005204 1.153833962332941 1.054732236010166
224 18.78907660452021 1.4767770576680301 0.0033506050117218618 0.030929600604283798 1.2045167329147728 1.1384266967843766
225 16.333054938219362 1.8352725689952272 0.0028160359521377256 0.007101010018950589 1.2302919826596563 1.145171120384808
226 19.268611031489428 1.3778627381114736 0.00378855598427259 0.045524544131479557 1.1551553929047218 1.0664404427885146
227 18.963373721054513 1.491905056394069 0.0034816257076568558 0.035515108555967 1.1971364602578407 1.0839145271062764
228 19.11347492123847 1.3646150222016593 0.003618589167710901 0.0400907379090203 1.1891960707131337 0.8966457972958007
129 20.223875182878253 1.355148356311549 0.0059334086276832 0.10268603518524683 1.0776271776089084 -99.0
230 19.95973935076994 1.2255579273305195 0.005079850832648011 0.0816576460345807 1.0655438970105648 0.9380109161797302
231 19.85597577020461 1.2429579010553198 0.004811791242364484 0.07468400538347748 1.0830022218084734 1.0033109454472353
232 18.71494820637776 1.5888155396104227 0.003302656599823599 0.029189272201171172 1.207373628566866 0.9933121011286098
133 19.861419614486827 1.4242029402273764 0.004825042004763773 0.07503373774012335 1.1248014251012735 -99.0
134 19.844845053036853 1.2106640492942833 0.004784965620375302 0.07397429645332049 1.1253285372690696 -99.0
235 18.803544433420633 1.5234192495741858 0.003360470060324869 0.0312831690815503 1.2030642378474625 1.0282139551861287
236 19.84369639022015 1.3349011115954554 0.00478221758560329 0.07390146449625089 1.099471415380105 0.9152150250286968
237 17.049847500238478 1.7926627051822173 0.002856532071277622 0.009728083923699355 1.2199686178007854 1.0193145556000835
238 20.242365192771544 1.3020351784789677 0.0060038862977742306 0.10435601420184906 1.0243414339412535 0.9296789446921313
239 19.838956424978917 1.1811526739844693 0.0047709177074103 0.0736017266687754 1.0636938000553697 0.9275798712929467
140 19.910741020701067 1.214025173862988 0.004949114979239557 0.07828252133478213 1.1140709335648071 -99.0
141 19.929180016347562 1.1173893239795278 0.004997415170100179 0.07953502137866461 1.1105324326138095 -99.0
242 19.834191674235775 1.2242762452328817 0.004759623216375373 0.07330172140734972 1.0589771473105567 0.9168562337055121
243 19.9357807138183 1.3350778671800534 0.00501496635437183 0.07998851650745646 1.0722116344709418 0.9107107920487549
144 20.197857750344628 1.0889302233861862 0.005836845494287967 0.10038326499734945 1.0802751797005044 -99.0
245 19.25732597818914 1.305715623570259 0.0037750989761065543 0.04510289127580577 1.1589784293422387 0.9729781142016971
246 19.918449733306222 1.2899859917501002 0.004969177950858668 0.0788035940163949 1.0838902844557992 0.9227781771922834
247 19.923213806449493 1.2974153034620226 0.004981670037424422 0.0791274548270517 1.0658707941576984 0.9378164409356983
248 19.960375538475517 1.1779295260027616 0.005081599253956164 0.08170246517029713 1.0607735349082763 0.9081623098541608
249 19.00378096075245 1.4345780484753066 0.0035161088210036795 0.03668606885923189 1.1935542918556588 1.0815312624199256
150 20.23475386296695 1.1498984159970873 0.005974685342564283 0.10366517128261794 1.0725043185821945 -99.0
251 19.892340545159044 1.1574781554985245 0.004901967462931428 0.0770534088139921 1.0791534924631956 0.8974868521555923
252 16.800297416790563 1.7177627137265064 0.0028383742811896374 0.008614283892399547 1.2247294094667671 1.1520917764925969
253 19.912786234688713 1.4732927359820165 0.004954419885015372 0.07842041220648911 1.062550945029045 0.9835458795274318
254 17.652146340441632 1.6998608383753653 0.002930841014447172 0.0137297163881764 1.2161832571407198 1.0959651346273132
255 16.089006352159625 1.826150495630409 0.002808487233645726 0.006532211845468511 1.2301941499378064 1.226504625958798
256 19.351982054821917 1.2299150210975731 0.0038938143859258037 0.04877742879680123 1.1514632592527034 0.9473472403541905
257 19.139700034717606 1.4341712289278608 0.003645149449518024 0.04095628625082032 1.176955232938762 1.109179372985308
158 17.281501735767215 1.7949953511797032 0.0028790061176780096 0.011014631454365535 1.2188215431813836 -99.0
159 16.879395645083317 1.7332675081169862 0.0028435537491330078 0.008940348589492518 1.2266322095976865 -99.0
260 19.093312812478178 1.38846425766585 0.003598729185626535 0.0394391971287844 1.180383520505172 1.017174367137285
161 19.92465323842481 1.2124974900011714 0.004985458479730391 0.07922558359738104 1.112051646132438 -99.0
262 19.260305085175123 1.3276389439928071 0.0037786337984151925 0.045213781909271875 1.1636000770065664 1.0225090732869895
263 17.79646018686448 1.7209688333584487 0.0029581239272791536 0.015060548514616821 1.215465901614442 0.9044892586356127
164 19.133939626171436 1.666617894303041 0.0036392437088823594 0.04076439270547255 1.2043843986758294 -99.0
265 19.26183350561774 1.3728164515431 0.003780452228225222 0.04527079072179776 1.1709409320013744 0.9065208877981058
266 19.345794373140887 1.171338189358647 0.0038856360453893716 0.048527436845060425 1.1391440392062318 1.112157159681879
267 20.216105642086294 1.4990114429702805 0.005904256352829256 0.10199264567894543 1.0250062083166642 0.9495168762004575
268 19.054883733669328 1.630771090574399 0.0035621788505985916 0.03822997358519834 1.2025516828848049 0.9257028446678668
269 19.1289894419772 1.3462166159120248 0.00363420108655739 0.04060029127589811 1.181030340424821 0.9155308402435702
170 17.408446218450347 1.795442150845402 0.0028942378996467946 0.011843490619962363 1.217716129109584 -99.0
271 18.687388697033917 1.6006016025415222 0.003285888277710281 0.028571599994942548 1.207449716685281 1.0421231061001053
172 19.86025171118242 1.2461770731790756 0.004822191948206274 0.07495856137496444 1.1229403856473212 -99.0
173 16.48702993481841 1.8005300180323878 0.0028220676752598373 0.007530573661616082 1.2300370793708837 -99.0
274 20.210214098628565 1.4583985215803306 0.00588233071008583 0.1014701150154455 1.0401036506176164 0.8561352574857145
275 18.86017680259467 1.5249142429284606 0.0034007724924264536 0.03271280713665717 1.2036697211678802 1.1094774967868586
276 15.547819028514276 2.130364292964142 0.002797881507363981 0.00564262697581688 1.2228535556927809 1.0725056633614005
277 19.338009221497025 1.3862563103252006 0.003875432041558253 0.048214897244761294 1.1822277982561211 0.8706133860253257
178 17.942184065292153 1.7231957283113402 0.0029909003488097926 0.016593932452252946 1.2151588072894248 -99.0
279 18.194506085294 1.6635255917896676 0.0030631135035041335 0.01978067500005145 1.2126480121756353 0.8918715626382487
280 18.643185525459035 1.6359664156452858 0.0032601228459862254 0.0276126836399466 1.208431544683234 1.0096193253874761
281 19.868686081460222 1.32567023997029 0.004842864354887863 0.07550326928367915 1.0788365400146995 0.9294353089112087
282 19.363056356000538 1.2592545095750312 0.003908603614069887 0.049228376180337895 1.1442524207308469 1.0913869820768156
183 17.29702230335927 1.781770884105296 0.0028807465278254027 0.011110908838744996 1.2184206322077926 -99.0
284 19.238782348354146 1.2337251232002813 0.003753377618315761 0.04441936285316943 1.1593084490738859 1.0595367158332696
285 16.885941317425907 1.8468055908107943 0.0028440047599242843 0.008968397611223746 1.2204839523680322 0.9437769823676317
186 19.926485344086217 1.1880250715353038 0.0049902898574686475 0.07935066768347723 1.1115648795825332 -99.0
287 20.01446963606682 1.236141169005495 0.005235245426919933 0.08560983231849763 1.046141087364669 0.9513847945859322
288 19.1449464990233 1.3810779703713307 0.003650563851503291 0.041131936267749795 1.1887476712310714 1.076757002655588
289 20.107344313862892 1.2833350631335991 0.005523411622786151 0.09278367143874511 1.0295598377017618 0.9875557389583985
290 18.47670232614223 1.610018580695616 0.0031744536959447296 0.024328245634297273 1.2093684264404603 1.04736697194248
291 20.20497811435694 1.325709171811126 0.0058629741948653565 0.10100807179098016 1.040164050660751 0.8616234713525347
292 19.86513957947603 1.2708725887127117 0.004834146525291432 0.07527371998129938 1.0831121705070863 0.9933403954055338
293 19.936488249030656 1.1876463241282782 0.00501685593042152 0.08003728889313148 1.0842559108734842 0.8896218366435819
294 18.9769475303777 1.3516623939761245 0.003493023800091208 0.03590367198530205 1.1759183333053727 1.0280983329738984
295 19.36381609982229 1.4219713945916563 0.003909625426464935 0.04925947993233 1.185487278043175 0.9284813401835113
196 19.18356385111409 1.6123515113828644 0.003691481723771174 0.04245095652083948 1.203687027368906 -99.0
297 19.016227533588836 1.2665229975464487 0.0035270712233302632 0.037055515944594324 1.1655551497244678 1.136902611489444
198 19.97220764535278 1.2431726062587392 0.005114361183519105 0.08254077695372197 1.1054304855720316 -99.0
199 19.959555531007474 1.3434166935991385 0.00507934589270188 0.08164470084536625 1.1081797203595931 -99.0
2100 19.301491577766303 1.4609971185665294 0.003828818040847654 0.046778060285393684 1.191002853054152 1.0174538188888014
2101 18.14410599582285 1.5834211878661173 0.0030468944406075765 0.019084370863433814 1.2116268469057871 1.1527986336502556
2102 19.24627577182529 1.264312071770417 0.003762097105008373 0.04469418691717452 1.1615696243285067 0.9634431502314167
2103 20.008858919338465 1.274946979070268 0.005218842348358452 0.08519555846179477 1.0852544122738013 0.7990740784239032
2104 18.2582583919093 1.6198295209081728 0.003085083016504987 0.02070843987785774 1.2099599078275867 1.0659019892810226
2105 19.96069307553585 1.3745899644222852 0.005082472432971502 0.08172484521940222 1.0796566845807913 0.8467656424439879
2106 20.09769614841646 1.277753659010717 0.0054919619747443 0.09200989912130939 1.0269857969031821 1.0019575142766994
1107 17.11993348808175 1.8222320090725836 0.0028626864510709867 0.010089134517364144 1.2198999729022253 -99.0
2108 19.987279965853574 1.3459397756716767 0.005156773060112534 0.0836218126955684 1.080251030673074 0.8266600188293534
2109 16.846623377507434 1.7245716810275338 0.002841348084295643 0.008802399802698126 1.22708545925997 0.962338518457688
1110 20.072054765324403 1.211873403352235 0.005410125201190698 0.08998619660002885 1.0974740907085068 -99.0
2111 19.325138101886754 1.3027610296212577 0.0038587691645146664 0.047703009068290975 1.1426158622494025 1.1287958551684685
2112 18.66761448583542 1.5573662311543657 0.0032741933794898695 0.02813786031892438 1.207882485926266 0.933492949749508
2113 20.11530757421677 1.2656242654742729 0.005549644253304001 0.0934274524540208 1.0408895446613677 0.9373759959012126
2114 18.914336498046282 1.5133722327782444 0.0034419587308854678 0.03415068220901878 1.2031639147183364 0.91936144458364
2115 20.11498711630931 1.4457198538327904 0.00554858375950417 0.09340145521789367 1.0284310373689287 0.9522040479899809
1116 18.830871508014432 1.686573387217808 0.003379576229606115 0.031963825923105565 1.2079952451029206 -99.0
2117 19.981618455791917 1.2605861403131378 0.005140752330355457 0.08321401153363776 1.085450494253933 0.8106191186593836
1118 19.421267886299155 1.6458918265799798 0.0039896519129236354 0.051674933119993716 1.1994070255763898 -99.0
1119 17.561347647606148 1.764222582900709 0.002915941088490388 0.012977646007546112 1.2170793322715439 -99.0
2120 19.9710110477568 1.2963442862534027 0.0051110267799382185 0.08245558655525104 1.0600957425002018 0.8668826292586551
2121 20.006980091029384 1.2945479492714462 0.005213374135701536 0.08505730492372963 1.046194387277128 0.9612751365939833
2122 19.95829002419458 1.326175932966559 0.005075872650303216 0.08155563844629593 1.0796621684678496 0.8462128726851046
1123 20.036535169708436 1.1808638039860222 0.005300834537970846 0.08725973397790884 1.1013173963549858 -99.0
2124 19.94676428351219 1.2592804887463593 0.005044480872370329 0.08074919536590411 1.0653071842671828 0.936206349190077
2125 20.060478252424964 1.3854450457895724 0.00537399328291012 0.08908789429505963 1.0339579505344079 0.9953596577404592
1126 19.903746337150288 1.422161659509836 0.0049310699779486055 0.0778128656158146 1.1171311033985827 -99.0
2127 19.467484089524373 1.2990473827691116 0.004058146744687137 0.05371175088873297 1.0966251896493062 1.0618662246912667
2128 20.240397741056725 1.2704609001356966 0.0059963126144309 0.10417697957851793 1.0348856591022826 0.8819946255758463
2129 19.76055591345392 1.2860940007534012 0.004593027505058637 0.06882696071161111 1.0680420779496052 0.9029029443059874
2130 20.491218628200496 1.4533840143681167 0.007121239577029328 0.12979237220512166 1.0001783296270077 0.7300811844538024
2131 20.41084250864694 1.3159782759534566 0.006723356723781652 0.1209393471083678 1.0025911554719573 0.9050668242895159
2132 19.933181149601484 1.2788120550351831 0.005008037572831832 0.07980959059264335 1.0437284894272416 1.038496406468083
1133 20.173315830569884 1.3117146170532494 0.005748475819925483 0.09826048368552784 1.0899824462052314 -99.0
2134 19.942175153765298 1.1591218725516228 0.005032101942555624 0.08043044554958607 1.0843675567897615 0.8794973766978238
2135 20.10542205828812 1.3396552920465077 0.005517116715628724 0.09262896637153384 1.0277805746676134 0.9745967050236608
2136 19.895269771793416 1.279966016704705 0.0049094036478206145 0.07724770048534559 1.071935696656099 0.9320074540672878
2137 19.744336544934754 1.305962492122794 0.0045582655537487835 0.06788097133711815 1.0691877450752505 0.9018262156325644
2138 19.208271040358092 1.4512348372929287 0.0037186712377511913 0.04331949544285462 1.1958463463218019 1.1319361203373972
2139 19.832215846217853 1.3305332349926091 0.004754958535510294 0.07317769736027897 1.0739932620462918 0.8293500446460059
2140 19.961393248904535 1.4221671948790608 0.005084398978027071 0.08177421637179587 1.0796360845717863 0.848842100600365
2141 19.31943595645802 1.3676181773874183 0.003851468915474784 0.04747814202934383 1.1511795344577098 0.9973858060896456
2142 19.81936198851548 1.3005741648744074 0.0047248802317887 0.07237627221459807 1.058809531489335 0.9243445251145079
2143 16.733644991979062 1.751671174471251 0.002834375034543296 0.008357166268731779 1.224342788238142 1.0673603008401427
2144 19.915226309935036 1.5182394357374516 0.004960766012443447 0.07858526112633743 1.0660447824016768 0.937712933130558
1145 20.239140640775858 1.2737233719315397 0.005991482757865882 0.10406275335921547 1.0731101903844609 -99.0
1146 19.946097417908554 1.161486316899587 0.0050426778101691 0.08070279381638755 1.1084901955919897 -99.0
2147 19.10484178971171 1.4564672854888 0.003610026654161712 0.03981029358271711 1.1940981953239354 1.122865774118694
2148 19.139388943516046 1.3006634097811964 0.0036448294677044277 0.04094589731984703 1.1642149558346953 1.1299821874613665
2149 19.155785462578194 1.394646529457602 0.0036618581070650916 0.04149748758658126 1.1887124077713718 1.0543442910940417
2150 19.08900784979705 1.6640140161502237 0.003594550512060606 0.03930162336930078 1.200522810123215 1.0451754783501717
2151 18.822373176718244 1.2809777369615023 0.00337356734459285 0.031750335516792405 1.173184584992099 1.1691291555543786
2152 19.159367325810344 1.3604203419734047 0.0036656227771832994 0.04161908293354543 1.1720772473187084 1.0990785668359042
2153 16.026658801510045 1.906738658524927 0.002806887381428283 0.0064060473045430815 1.2304279612417228 1.025911812343106
2154 19.757792903800777 1.4262903046906978 0.004587057895695313 0.06866482104255374 1.106475334241283 0.8458983668559785
2155 19.807381174953022 1.307652305138126 0.004697258798109772 0.0716376723637337 1.0581292602939878 0.908193915532286
2156 18.918543144725266 1.5779542849837702 0.003445270934891317 0.03426535699826555 1.2049218122961838 0.9274935202605831
2157 19.72415548115498 1.2686183610899753 0.004515945089788174 0.06672324104812873 1.0911519255791324 0.885836214533192
2158 19.354507349045246 1.4020633150623871 0.003897169556373499 0.04887985966985184 1.1913820777082946 0.9600270193704811
2159 20.392915648895062 1.129025085099012 0.006639718481731199 0.11905154458975725 1.007306237665352 0.841690625793225
1160 20.048021611307085 1.3358474692731683 0.005335669899096472 0.08813180573589022 1.1010775042828227 -99.0
1161 19.708096877564422 1.1358815885407691 0.004482992883735276 0.06581707141421024 1.1458814774509358 -99.0
2162 19.201003630827397 1.4629525691619405 0.0037105899742813967 0.043061992281782785 1.1947702710923935 0.9532795982369596
2163 19.85079338706424 1.112023297097104 0.004799256922139811 0.07435267572107405 1.064051855908752 0.9263577703393078
2164 19.742748707708976 1.3252447634812654 0.004554898594585876 0.06778910921632927 1.0870671883807776 0.9250864603402473
2165 19.610098983007564 1.1043938303514478 0.004295073969306999 0.06056505764078554 1.1113372072499008 0.7905790170566446
2166 19.889414337568866 1.3422854106571367 0.004894564946746453 0.07685983368206017 1.0729663705464436 0.8664872356748916
2167 19.188599834105926 1.3709732872970923 0.0036969585729090264 0.04262640728482926 1.1800794149645528 0.9900570252755723
2168 19.936662655796567 1.393746338763986 0.005017321955215129 0.08004931606441325 1.0840655277145503 0.9068864776733934
1169 16.840239927492828 1.738374437714151 0.0028409284437492834 0.008776005151990098 1.2282634629729396 -99.0
2170 19.894291122692945 1.2701846946937758 0.0049069163296388395 0.07718273039870807 1.0626693280466035 0.9777486219725389
2171 19.91304681576563 1.2385528522856155 0.004955096717842928 0.07843799934160646 1.065922149101825 0.937785889230433
1172 16.87148581610768 1.7314341504661441 0.0028430134422903143 0.00890667611211747 1.2274309343478367 -99.0
2173 16.841805108756528 1.7262524508905979 0.0028410310402193165 0.00878246277435699 1.2260732712521858 1.0391617040295058
2174 20.08707098615236 1.094159422786856 0.005457745588940654 0.09116559445480174 1.032415731179557 0.8906111929090588
2175 19.65531698796798 1.327438646880642 0.004379047251504654 0.06293032533590637 1.088734601433004 0.9620944389549281
2176 19.258430628701934 1.3121371045516421 0.0037764082142500415 0.045143974378731744 1.1585605145124709 0.9176350383553203
1177 17.503582117458677 1.7846011356465223 0.0029072713694989027 0.012530525746516492 1.2173356178722214 -99.0
1178 16.87798969296409 1.7390895502969055 0.002843457336496276 0.008934345670514182 1.2271539455269997 -99.0
2179 16.576060788496495 1.781896915021425 0.002826097877726826 0.007807834717257 1.229667983555324 1.0312051334538865
2180 18.262335224090606 1.6543711177334124 0.003086545814400488 0.02076961915079356 1.2100202945399803 1.0706364113944569
1181 16.874454704235962 1.747609051862159 0.002843215642078396 0.008919286396776142 1.2249081480291455 -99.0
2182 18.199383786494213 1.6631419711527253 0.0030647357685612765 0.019849773027447642 1.2129097130025914 0.9602878106755912
2183 18.604627832848383 1.6297648174390928 0.003238735485848544 0.026807154231159112 1.2085344713534456 0.9815793901174168
1184 19.10556044547643 1.605532431906567 0.0036107360577613606 0.039833554913167056 1.204660543790548 -99.0
2185 20.233919772028496 1.390794675153835 0.005971501498274974 0.10358975539109305 1.0429323816485088 0.8212337874665667
2186 19.249851268014307 1.3336921876362595 0.0037662852799234346 0.04482598129565619 1.1817610439427684 0.8572053032787021
2187 19.221715160079523 1.3746786004007467 0.0037338076273418135 0.04380036680279861 1.1867004783659112 0.9618018339214921
2188 19.647263105432213 1.3745045091675778 0.004363755760225515 0.0625018887502272 1.0884595729891609 0.9688273614107945
2189 15.424728166913765 2.0923675348101725 0.0027962876151088295 0.005494483606093338 1.230801308186676 0.8768508192903728
2190 19.33350683255271 1.2611819578109587 0.003869574038875205 0.04803515386663257 1.1513269673837725 0.9713840879016962
1191 20.222853885520568 1.0355067321935352 0.0059295610893641305 0.10259460988576183 1.0736380991466425 -99.0
1192 19.798987856006203 1.3863609224963642 0.004678142996341964 0.07112501110617162 1.1353640556937894 -99.0
2193 19.985760189677162 1.3946524329896073 0.005152461781226867 0.08351213619424537 1.0435860941033193 1.0032153309821565
2194 19.830791465505992 1.3329594600979884 0.004751602593451369 0.07308842621993143 1.0740512497316212 0.8323625161638691
2195 19.829760256645216 1.2653524580513145 0.004749176562744753 0.07302386874983496 1.0739281494992095 0.8259674351759709
2196 19.236095546199035 1.4045410933260658 0.0037502702178180665 0.044321278830685124 1.174003408402384 1.0137893665286544
2197 19.17687590365848 1.3675171408302587 0.003684259174075805 0.042219191433801005 1.168379428150068 1.0944256302385924
1198 20.177322827937974 1.2959611611388218 0.005762727219658525 0.09860384407741418 1.0886989911572629 -99.0
2199 19.104891449695216 1.3837963501635435 0.0036100756551714196 0.03981190047970328 1.188902298758597 1.1651304790172898
2200 19.244965980385693 1.3094405260347277 0.003760567357651736 0.04464601461196638 1.1584106482833414 0.9457588603599119
2201 19.049165353510823 1.3151798518331173 0.0035568824067527694 0.03805362320315449 1.1838403225600809 1.0173221302153774
2202 19.178384343277923 1.4915695735103485 0.003685883141633079 0.042271342022171254 1.19574021476683 1.15728179304415
1203 19.878118360115277 1.2680690025017316 0.004866231329952715 0.07611739541489634 1.1199479465975524 -99.0
2204 16.82760489428684 1.7266260978475356 0.0028401072326006277 0.00872421091928539 1.2255031777343137 1.0139989055922893
2205 20.110990354942615 1.3480839917678318 0.005535391387679224 0.09307785280682598 1.029339227525081 0.977096502422916
2206 17.81239390681704 1.710394043480646 0.0029614355862112693 0.0152184849347379 1.2155201759294068 0.8867246344106606
2207 19.662948206010658 1.3424957545666627 0.0043936729919740476 0.06333918447773801 1.070116398367822 1.0052778019149442
2208 19.681530818753835 1.2797338000953575 0.00442985197255147 0.06434674150116615 1.08945099285042 0.9445565879817321
1209 16.88059051349521 1.7322298959976896 0.002843635814507709 0.00894545629478847 1.2263576601464927 -99.0
1210 20.18553761696388 1.2423070456246477 0.00579215889904786 0.09931169664979851 1.0857439665401012 -99.0
2211 19.32176388402934 1.2605745429360915 0.003854443254905187 0.04756980416499858 1.1426153077721912 1.128800857903956
2212 19.359157836604723 1.2904723362251809 0.0039033749291071057 0.049069109381123445 1.1442087444555393 1.1054885818870073
2213 20.123770552712713 1.2844988344208035 0.005577798685071427 0.0941167642625017 1.054911418381113 0.9023005520226334
1214 19.898526077227658 1.2420364205933465 0.004917700841344527 0.07746429545457378 1.1161435727303575 -99.0
2215 19.221813399650888 1.527915248343148 0.003733919132253444 0.043803902342117285 1.1958685308174368 1.1266381581462603
2216 19.38395201990541 1.2869105689929585 0.0039370487978388205 0.050091724975438706 1.1629513245525436 0.8477131640358657
1217 18.94729550597613 1.6268737978591106 0.003468362216933435 0.03506101934837264 1.2067232271122228 -99.0
2218 19.95773481230109 1.4274798712482895 0.005074350506187627 0.08151659672571654 1.0808124337137348 0.8753166112339963
1219 19.864290954718626 1.3078485183393431 0.004832065964517517 0.07521890200422914 1.1229247993153455 -99.0
2220 19.86583929116616 1.2562829416289127 0.004835863589547264 0.07531895057801595 1.0862181417194088 0.8649711220853934
1221 19.720509892120095 1.2721155760100935 0.004508408642878458 0.06651636126953468 1.1456643844841974 -99.0
2222 19.895470415577552 1.3257232571658943 0.00490991396096879 0.07726102787568341 1.0627179337948793 0.9753683815696987
2223 20.414337788144344 1.4770487595796304 0.006739874301458375 0.12131102069511676 1.0356860386107745 0.783141534746349
2224 19.05998002521624 1.4134311877912014 0.0035669297768029795 0.03838791428287588 1.190529463884958 1.0594131687812205
2225 19.195726727561134 1.3504639792124438 0.0037047660543035603 0.04287608196917686 1.1702196343866478 1.0273165307124699
2226 20.378817737706438 1.4401764367490293 0.006575194261115442 0.11758842920277461 1.0195708797102025 0.8472703999286623
2227 19.960966986175805 1.163741667473455 0.005083225912755872 0.0817441556679432 1.0797801996624468 0.8343154586272699
2228 19.65600704729936 1.2816494390584865 0.004380364305470404 0.06296718014349591 1.10395852773825 1.0494603635695665
2229 19.439029020781174 1.1291460217828246 0.004015527246008462 0.05244757788786026 1.1375475271518711 0.9588289068679788
2230 19.880919511619123 1.2159216105119874 0.004873221733117142 0.0763007927961575 1.0643908744231774 0.9290175131458533
2231 17.206819119183415 1.7591239164460286 0.0028710694053600844 0.010569901967428068 1.218453737306249 1.1406220836742518
2232 19.092855140259168 1.3035855978375555 0.0035982839152602798 0.03942454568079031 1.1767015539253871 1.108749757155392
1233 19.997106732899546 1.2005712477937287 0.00518483972284884 0.08433464538846797 1.103974665816155 -99.0
2234 19.96472603873031 1.2730216384370956 0.005093591416664262 0.08200965217059067 1.0855678986409354 0.8189317412258261
2235 19.44451734414217 1.224551069990428 0.004023634888801169 0.05268886696404558 1.1462652104960849 0.9328170579936187
2236 19.33506590842433 1.2652411332824873 0.0038715989585588967 0.048097311633515966 1.1599065200580259 0.9605848246760496
2237 18.673135891931995 1.6109384339269692 0.00327743103412471 0.028258186058831763 1.2078769871916277 0.9394919124491234
1238 19.757331651880293 1.3225678917638053 0.004586063262636421 0.06863779341143074 1.142244994764663 -99.0
2239 17.20416675170714 1.7445369823390786 0.002870800378447277 0.010554656222551528 1.2183654379489461 1.1402354020682806
2240 19.771807021240413 1.3863383739828123 0.004617541093543676 0.0694914263462466 1.0760712000432144 0.9581836427887193
2241 19.187251143738695 1.2512127349794202 0.003695488573311692 0.04257934084379333 1.170230153534804 1.0260730805636011
2242 19.435759650857705 1.2415566549588606 0.004010722829638397 0.052304414619831145 1.1544087263609664 0.9290542892715044
2243 19.243436797057274 1.187319560069829 0.0037587844094333217 0.044589845961681945 1.1420677298217317 0.9942344119333473
1244 19.82934297714419 1.2981828877193624 0.004748195718745133 0.072997762725069 1.1291505736294063 -99.0
1245 20.247771370014526 1.3821754007857292 0.006024789453001062 0.10484962006664188 1.0725787267850684 -99.0
1246 19.877156585437387 1.1981532624094022 0.004863836580601263 0.07605453367805438 1.1193084857846693 -99.0
2247 19.141977151174657 1.238425236705241 0.0036474952772826493 0.041032420447102515 1.1747360844387282 1.0096304377684737
2248 19.95386505786095 1.3849573565328135 0.005063769428890289 0.08124502807478508 1.061378785572286 0.959215240818015
2249 20.3861951297301 1.3223757767672726 0.00660882366244692 0.11835173195146681 1.036099669263938 0.7868776965839264
2250 20.080593098512754 1.1985523552786477 0.0054370974122373815 0.09065483413409617 1.0508084589102231 0.9012295809615349
2251 19.25455990798148 1.3414585223831061 0.003771828203433761 0.045000199196140914 1.1584889895943948 0.9310573689000203
2252 19.650910949535938 1.3063468272401775 0.004370663460595288 0.06269555159863095 1.0702220168006336 1.0170436509163183
2253 19.44126614719653 1.2275247947654924 0.00401882561445785 0.05254578565218672 1.1470770072243375 1.0125595392660358
2254 18.991417932886183 1.4767701639537714 0.003505380595738493 0.03632321981536754 1.1996179778919644 0.9578173045296458
2255 19.35630765172427 1.2099986498603101 0.0038995676885526945 0.04895302728824174 1.1442331316229664 1.097614786030136
2256 19.906474404002374 1.2092355662312473 0.004938089912299194 0.07799568533353084 1.0814224054393973 0.9281826334753026
2257 19.39112064409997 1.2297354124301807 0.0039469725925891045 0.050391713356749794 1.1431564866688642 1.0499722149459643
2258 19.639214037242066 1.3271285783100955 0.0043486200832016045 0.06207683326601452 1.1086159613321722 1.0070388531333996
2259 19.649241955661324 1.2891840563596209 0.004367499242711128 0.06260686549701695 1.1296565290337581 0.8660192494779309
2260 20.385704903378013 1.3512160380601843 0.00660657976584722 0.11830085156409202 1.0153080051798429 0.8048103564959903
2261 20.144893809819823 1.2175659900891764 0.0056493288755670446 0.09586059337903348 1.0259760402041929 0.978458212195092
2262 15.651472100499204 2.1036563748666746 0.002799418514864607 0.0057809094957732045 1.2227520091302004 1.0098747010896842
2263 19.620467580125645 1.2578104352514436 0.004313929348520076 0.06109885345965919 1.1110298232001001 0.8166809201955839
1264 20.345802464368848 1.3524415375809578 0.006428284006619768 0.11423457217370064 1.0578065113156465 -99.0
2265 19.7567277952203 1.284733648776088 0.004584761950329221 0.0686024268172209 1.0762868387146498 0.9763084284014157
1266 19.818698472289668 1.346894734965122 0.004723340123295171 0.07233515647434088 1.1315263488853673 -99.0
2267 20.340268854415573 1.167073758523947 0.006404224214608639 0.11368223185201427 1.0031434055381592 0.9630472640121032
2268 18.786667813225627 1.58152412671435 0.003348979087788662 0.03087118455048775 1.2041894205604267 1.1598598582601263
2269 20.466394984113297 1.1483863899093767 0.0069942433094978195 0.12698876341914206 1.0135914460057986 0.7771987427195082
2270 19.26223954713113 1.551115883541546 0.003780935873813502 0.04528594906471683 1.1982983981153166 0.9879774064212956
2271 19.427632447217032 1.2998973772555764 0.003998860910526832 0.05195036996151092 1.135823486057116 0.8863333535729774
2272 20.109464358878153 1.3588829007225465 0.00553037106906781 0.09295460883572751 1.0321378123071474 0.8803846334785509
2273 20.06601913403745 1.5073164720514636 0.0053912246449937164 0.08951666953677596 1.049565482510245 0.9519773776720061
2274 20.24961051649138 1.2992939388498612 0.006031931483317049 0.10501809578745208 1.0443632980744535 0.8437519539232343
1275 19.377655732541346 1.6511357686139283 0.003928402622576056 0.049829850658505426 1.1999869380722075 -99.0
1276 20.03575546905008 1.2343287938194065 0.005298487236165255 0.08720086731821856 1.101786305077347 -99.0
1277 19.96542036910512 1.2696509495262305 0.005095511128917176 0.08205879115329907 1.1066539524888357 -99.0
1278 20.274624566532655 1.2412214601741067 0.006130648025015973 0.10733772921172968 1.0655712385456069 -99.0
2279 19.322847253297784 1.2924083763980654 0.003855830281309824 0.047612528063967485 1.1464788901268355 0.9683251492279422
2280 17.23207116965974 1.7672675374219724 0.0028736739563538067 0.010716907521346982 1.2192477476340684 0.943544052056333
2281 19.295312512179734 1.3018866946897527 0.0038211303202524533 0.04653962356395948 1.163458720151848 0.9770687458256837
2282 19.269199493349102 1.3888257923716567 0.0037892627055555106 0.045546650303090616 1.1818393156860565 0.8590659512382849
2283 15.059593360055814 2.2426897536058332 0.002792733236873089 0.005141116834703887 1.231025836488989 0.8810293509639966
1284 19.672940571201366 1.2753243115943556 0.004413027279590089 0.06387885714351131 1.1500898771962242 -99.0
2285 19.17751555125679 1.2576771198720282 0.003684947452529807 0.04224129693632219 1.1693755953421874 1.127088913408322
1286 20.044357539156106 1.255372748017188 0.005324505629623303 0.08785263215712835 1.1009412548343658 -99.0
2287 20.314888402861676 1.2779898748866767 0.006295891907173437 0.11118419138195675 1.0046432819583988 0.9130333755790833
2288 19.95050975135739 1.314434615703971 0.0050546346218688755 0.08101033460053733 1.0656616575456668 0.9379408589491851
2289 20.367029287223364 1.4559832116224967 0.0065220703250000525 0.11637931973837673 1.0364293602985082 0.7956847654771624
2290 20.103420123828684 1.2176546781009066 0.005510576269096223 0.0924681360163778 1.0295713002816316 0.9880991854846111
2291 19.77716331736771 1.3166334241548816 0.0046293278185877695 0.06981015510418873 1.0670456166502318 0.9371175241879289
2292 18.99023355115828 1.5271872123682468 0.0035043611427945133 0.036288672509213145 1.1993626844881506 1.1046523851076953
2293 20.12501579976423 1.2005801367316957 0.005581965481628431 0.09421863861820312 1.0481533895694068 0.9126660350689166
2294 20.176936509608772 1.135465613704651 0.005761350247727427 0.09857068583496516 1.039743358872057 0.8233975630825079
2295 19.242306630411182 1.2372469792235292 0.0037574687910005605 0.044548383839011 1.1615546113224535 0.961831961460244
2296 20.106178965112054 1.3009668835409414 0.005519593666757428 0.09268985070579316 1.034215515477424 0.9647625724236887
2297 19.727100834034665 1.3871583195615345 0.00452205803386978 0.06689088569149121 1.0871991254981674 0.9344280487371327
2298 16.426925827955266 1.810362295273134 0.0028195800258180234 0.007355699632025724 1.230142019135949 1.0670017396314797
2299 19.096729477150433 1.3352086325515153 0.003602060990763253 0.03954876769988605 1.1808073899487515 0.9619989750586478
2300 20.12629677537001 1.6088028515448076 0.005586258321559484 0.09432355644468429 1.029387847417225 0.9794015953244124
2301 19.440033679701784 1.2336498195725007 0.004017007399055991 0.05249165675272615 1.1262901670503276 1.0788128077089967
2302 19.062029193241422 1.302158434518018 0.0035688482667416326 0.038451627372013485 1.164859327394749 1.1486734148269704
2303 19.462861382626194 1.1836017291984071 0.00405112373484667 0.05350414500553184 1.1495602974036634 0.9167573575607906
2304 20.110536816225682 1.2943453688060065 0.0055338983487903445 0.09304120580279585 1.0390524870761437 0.8784835649132774
2305 20.314802275616074 1.2147501298723462 0.006295529865348823 0.11117581223221155 1.0042336353234989 0.9344612509315464
2306 20.360458422528335 1.0433630134073095 0.006492783088999208 0.1157109712229604 1.0355407220527266 0.801089259243694
2307 19.79949953999247 1.289835047284945 0.004679302865013382 0.07115615267441013 1.0750950305920421 0.8865871346331511
2308 18.35521056017131 1.5673462915260326 0.0031218805776371743 0.022226635178906433 1.210646434714401 1.0132530390630516
2309 19.03376596644792 1.2371706833544658 0.003542798360021748 0.03758325502865167 1.165222469596967 1.142530358958682
1310 19.87557251988959 1.2903651104637177 0.004859898380725574 0.07595111874312621 1.1206682566832116 -99.0
1311 19.711237552150404 1.1793309126472507 0.004489387777364558 0.06599325641549694 1.1458706048253942 -99.0
2312 19.261368524383474 1.5568057556133388 0.003779898666988285 0.04525343891751299 1.1976427145620854 0.9531279046934948
2313 19.68929627684687 1.334315434838175 0.004445210947831459 0.06477286050023132 1.0895486992242458 0.9421646556084067
1314 17.61499669142639 1.7736092952336664 0.0029245483451338715 0.013414484961811534 1.2168588178818993 -99.0
1315 19.682495005623636 1.2998595866367189 0.004431751238812955 0.06439948640530824 1.149310641883382 -99.0
2316 19.15928230868616 1.2526320061295524 0.0036655332337960688 0.04161619222038477 1.1664408015524814 1.053022803793998
2317 19.273863278064095 1.2397221311713864 0.0037948813944483585 0.045722269362646575 1.1421821475733156 1.0366044266371073
1318 19.519615071477215 1.3781126804173955 0.00414009773256524 0.05611440712683704 1.1821762167681296 -99.0
2319 19.65444689022496 1.1819060604825864 0.0043773881253978695 0.06288388797368435 1.108195447698503 0.9681842307506954
1320 16.882471507139368 1.738966214226321 0.002843765242220662 0.008953508239183512 1.2261814482892548 -99.0
2321 19.220316933119452 1.309087210256736 0.0037322220185792183 0.043750080318118154 1.1613035191627783 0.9348848686019529
2322 19.474109020603294 1.2469585322234507 0.004068279657987964 0.054010803116893824 1.1493916209948558 0.8987802519864828
2323 19.76933050628957 1.3321975985164143 0.004612116943882248 0.06934458448999159 1.0988173522515754 0.9074019512465853
1324 19.910513473482037 1.3528487894532364 0.004948525566918049 0.07826719567308149 1.115366711674727 -99.0
1325 17.748097341511887 1.7274276813003249 0.002948450705217635 0.014594956000241377 1.2161823280346378 -99.0
2326 20.313369670304333 1.2863134760185146 0.006289513284161975 0.11103653313410819 1.0224663448287623 0.8888916848031678
2327 20.10416236009628 1.2376057708740686 0.005512999372704961 0.09252773123591343 1.029087215949096 0.9651485101654244
2328 20.187145860103605 1.4245870285560391 0.005797954834998453 0.09945089616994367 1.0395758506173176 0.8082249100670805
2329 20.327973156039924 1.3202365418774265 0.00635133071098648 0.11246483852017342 1.003400615147542 0.9780350312967823
2330 20.264242568793197 1.350671404857947 0.006089316718735534 0.10636856097749667 1.0349804545165122 0.8702866550523147
2331 20.368482414202354 1.2755592351568 0.006528578292349567 0.1165276632667782 1.019475513888005 0.8464886251397561
2332 17.982976247061238 1.6746453602824425 0.0030011477030137423 0.0170608621128098 1.214301456421303 1.0697802709386783
2333 18.587468119482324 1.6102742155511884 0.0032295302825615228 0.026457647769406067 1.2067085951594856 0.996090122434951
2334 20.336512910124227 1.4279501334425453 0.006387984220468285 0.11330891130872026 1.0218176842951494 0.8790915092203345
2335 19.44271791178186 1.2785741720526518 0.004020970796871226 0.05260962379103599 1.1470579444120768 1.0150000091163665
2336 19.307564981433902 1.3594068667029944 0.0038364299519942423 0.047013729588461256 1.1880745114102538 0.8907243885413278
2337 19.395566195057974 1.2650399826549001 0.0039531696786105075 0.05057873341759248 1.1498459605653002 0.9632933142385592
2338 19.70716246875253 1.347581591947537 0.004481094923250181 0.06576475021062432 1.0709302688413065 1.015072586384085
2339 19.27626784756178 1.3666539967195293 0.003797790582910303 0.045813107170517994 1.1869101831921207 0.9162550124425668
1340 20.107450223314153 1.0503841038463015 0.0055237588712543535 0.09279220300463653 1.0928102617620643 -99.0
1341 19.39857779290017 1.5669687187076868 0.003957386626180406 0.050705858903315706 1.1996310659028104 -99.0
2342 19.749601010554773 1.2778821969915453 0.004569474610542447 0.06818649079529289 1.0711764852715835 0.9947309964075322
2343 19.458471434617326 1.1732748405195514 0.004044490244651907 0.05330779896994194 1.1249172730453887 1.0598250609524995
2344 18.804610577727182 1.5677345385071477 0.003361203808048773 0.03130940835967344 1.20551554998266 0.9916785143220722
1345 19.779917235254853 1.3101450617053954 0.004635417414026684 0.06997463376675264 1.1377933374616687 -99.0
1346 19.944879082649095 1.2598900847214445 0.0050393874086290666 0.08061809281177769 1.1095638491486848 -99.0
1347 20.248982619569702 1.1869573888028118 0.0060294913773525196 0.10496054535349354 1.0698204521685577 -99.0
2348 19.363010701005123 1.5506855788894687 0.003908542240300439 0.04922650775913711 1.194469236266088 0.9048894743735629
2349 19.64420663504645 1.2801530322237777 0.0043579911021911595 0.06234011587721158 1.1159851898183462 0.8378845632047495
2350 19.906125432742336 1.2422035358609393 0.004937190650167806 0.07797227392288514 1.0570598922294485 0.7988315146757126
2351 20.110771930648728 1.4405367349094695 0.005534672238744879 0.09306020171821268 1.0276587300831044 0.9787912944856005
2352 14.46233625565484 3.085514037657307 0.002789422505240552 0.004765156659520611 1.231277104818959 0.8729019968484081
2353 19.596431716341815 1.3100711390055748 0.00427057502440586 0.05986908913645585 1.1129500096045002 0.8485574761258912
2354 19.609500686713943 1.26965339503829 0.004293993092087417 0.06053440955912522 1.114157320073203 0.8593738102100235
1355 20.398475699961033 1.3202349580617527 0.006665467185161374 0.11963375990958156 1.051818207742388 -99.0
1356 19.522924325013943 1.3887843559619328 0.00414547470500648 0.05627080750721639 1.1831403557442761 -99.0
2357 20.32350766749306 1.1534062099312408 0.006332313133270059 0.11202607202885759 1.0162685561993436 0.8201991368061936
2358 19.640108366744496 1.3255271149162682 0.004350294606626286 0.06212390748817204 1.1149348481887154 0.8519345689159599
2359 20.106737108247714 1.260122428128964 0.005521421609705074 0.0927347736820287 1.030389218957187 1.0268771105247574
1360 20.366058483073218 1.3627767261139034 0.006517728793663753 0.11628032370751111 1.055539927762555 -99.0
2361 20.365196755878642 1.357995896183029 0.006513879292312806 0.11619252382683254 0.9976320013162786 0.8800944525436677
2362 20.344220264340823 1.1380775386766142 0.006421388411935731 0.11407636003639401 1.0180885015508478 0.8351183957210386
2363 19.560274207211936 1.2838344269160273 0.0042076629341332135 0.058069058047834674 1.117942413681981 0.8190429453444267
2364 18.938893322850653 1.316865950814636 0.0034615319129870977 0.03482634997340828 1.172826034948516 1.160665585481058
1365 18.39082577215545 1.6811428309901424 0.003136507943750469 0.022818841988906408 1.2120494651571774 -99.0
2366 19.45656598350155 1.2800799606805728 0.004041621824823814 0.05322281898667196 1.1322956717808197 1.0633902869260656
2367 19.854160736024212 1.2011206377587416 0.0048073924719422975 0.07456778548374869 1.0591586661224788 0.9087468216584824
2368 20.094331618453595 1.2168883545113287 0.005481079973203612 0.09174166076369175 1.026868152759908 1.0050802789181972
2369 19.089286939695285 1.3137632858077235 0.0035948207619856233 0.03931052592539202 1.1723547042993832 1.1489191931803195
2370 19.46732389941887 1.2881029526595411 0.0040579027261988835 0.053704542133747375 1.1369375445337329 0.9114324265859435
2371 18.61752731137405 1.6015138766868053 0.0032457809634839517 0.02707350490510009 1.2083070916777312 1.0687341626773257
1372 19.50953344914282 1.3035551186034757 0.004123847572511776 0.05564082631946264 1.1805373095575313 -99.0
2373 20.364640818332376 1.3435089482234677 0.006511397919930178 0.11613591683745136 1.018828505747431 0.8411846845784318
2374 19.40917634389637 1.2402711788054879 0.0039723486497787045 0.05115602466378761 1.1354436405675548 0.8777756612469043
1375 20.46347332179766 1.3703134202136948 0.006979543109673166 0.12666293307081514 1.045158567209522 -99.0
2376 19.50724618906968 1.2631112681403247 0.00412018806051319 0.05553398623491217 1.1194075741445892 0.9933011294517683
1377 20.19204138227883 1.26240588902063 0.005815666649146974 0.09987587787348078 1.0843552185537464 -99.0
2378 20.071036244669514 1.3582859166738028 0.00540692611653675 0.08990678235688916 1.0335319499810276 0.9664254443008771
1379 19.78321892486602 1.2680832723692155 0.004642744795789969 0.0701723722486402 1.1367468675153318 -99.0
2380 19.508100558721583 1.3099051088989244 0.004121553840154938 0.05557386864028961 1.146049351655245 0.9016969053410635
2381 19.772641483573675 1.175505970975197 0.004619372389246578 0.06954097931433524 1.0868018039517748 0.9062963567535326
2382 19.892229538154673 1.1450280688767556 0.004901686171427671 0.07704605604626194 1.0815863066628193 0.9423878914540977
2383 20.179636379797337 1.4279127469746875 0.005770986864455504 0.0988026635337421 1.0345411119948835 0.9245488715821404
2384 19.609632369278682 1.181974383218042 0.0042942309222621855 0.06054115364470449 1.1103194883985386 0.9025740383669745
2385 19.552263517264116 1.1929506560765177 0.004194089638309435 0.057678210765555286 1.0972397068798123 0.9882703841999124
2386 20.14511010229444 1.1994999958934236 0.005650070712824878 0.09587862328783728 1.0525349966939321 0.870261609438488
2387 20.402155351829116 1.2239205319391975 0.006682602262529402 0.1200206937217338 1.014867953966867 0.7977319380422093
2388 20.352560013307322 1.34733427162968 0.006457882512492557 0.1149128628165342 1.02093672280889 0.8657816548363015
1389 20.74528298134244 1.1922238808569587 0.00866317123402201 0.16243978999683198 1.0033522044777503 -99.0
2390 20.216515826011577 1.191513158047807 0.005905788639550672 0.10202912995735809 1.0424689962614564 0.8096429530448832
2391 20.320859588467375 1.3078073561962393 0.006321083472950465 0.11176671985612696 1.0368985456252262 0.8082181590572678
2392 19.974375346886042 1.2808728781061742 0.00512041382076381 0.08269534036562026 1.0605377982908268 0.8882779115842457
1393 20.71491270468337 1.2901334483873619 0.008453228239211592 0.15812863652455225 1.009212802264975 -99.0
1394 19.66482973361333 1.3351640403337 0.004397299656591045 0.0634404283921652 1.1513857233801854 -99.0
2395 19.994520573600344 1.3550792408669803 0.005177421219399557 0.0841464273239164 1.0438560330756579 1.02154604407655
2396 19.57451045712649 1.3677383963874743 0.004232108546266882 0.05877072314726385 1.1435947154113038 0.8735934332066626
2397 19.392511119177634 1.5813104098160915 0.003948907365806762 0.05045012803563494 1.197800782218968 0.8837476758234049
2398 19.990008321398765 1.258013724842579 0.005164532538042062 0.08381908869060983 1.056222619966638 0.7960627615972746
2399 19.18599439531548 1.4838153945465544 0.0036941209212000515 0.042535534931542336 1.1963119828342277 0.9958523538022698
1400 16.257202435019476 1.9635765444120763 0.0028134494188237734 0.006910519008494406 1.221941013530033 -99.0
2401 20.235646867761556 1.410060814889063 0.00597809759709908 0.10374597744041104 1.0245700701158067 0.9365018141330739
2402 19.370707753426384 1.2312660925240684 0.003918936907025442 0.049542606959189786 1.1483263322218988 0.9341204229775439
1403 19.213552427826844 1.6331712653316284 0.0037245883648732367 0.04350769980380042 1.203268100002363 -99.0
2404 19.2958352150999 1.5416768013291304 0.003821778443402794 0.04655974167703735 1.1965412590807352 1.0295481295370004
2405 20.126586564526438 1.252498798468166 0.005587230384697915 0.09434730848093979 1.0519054086496291 0.867234886378516
2406 20.49620525861637 1.3945674696098689 0.007147209506200498 0.13036324508243263 1.0018706983850556 0.8294264192333262
2407 19.594786132670148 1.257595657092244 0.004267652231116175 0.05978587445026665 1.0928107717286442 1.052977925602088
1408 19.75132346933521 1.2976645585382727 0.004573157428378226 0.06828677057231464 1.1429439941907047 -99.0
2409 19.757179767397286 1.314374955126497 0.004585735862669744 0.0686288960328309 1.0676225894462852 0.9207806027987909
1410 20.17020738656919 1.238795599424085 0.005737467256397535 0.09799498132274428 1.0896825286863532 -99.0
2411 20.090380865637343 1.3157747202167036 0.005468357788944831 0.09142773191799686 1.0327672086964805 0.9144837569543038
1412 20.271176563074757 1.3283025296249964 0.006116864290353803 0.10701483939237097 1.0667970110721987 -99.0
2413 19.927830964849534 1.2621003133235364 0.0049938451032414425 0.0794426706815323 1.06195166978347 1.0075380594830956
1414 18.34816150060767 1.7085060631471556 0.003119058731313605 0.022111681680543012 1.2124079925955042 -99.0
1415 19.530752879744778 1.3651107216294625 0.004158279940219052 0.056642676916545134 1.1697245862484291 -99.0
2416 18.946433695440643 1.4698836144611351 0.003467658465830033 0.03503686670465815 1.1972212760828485 1.103017112452454
2417 19.11286583008219 1.261479823368783 0.0036179821514873674 0.04007087948938149 1.164398059964243 1.1360385776722572
2418 19.630435470314215 1.3139890542637624 0.004332278151223923 0.06161678921427217 1.097700603754144 0.9330724317871926
1419 19.73776210955535 1.164822573241533 0.004544366206787598 0.06750147776454846 1.1436906265162863 -99.0
2420 20.121513498642884 1.514879438629205 0.005570262042878122 0.09393240733250541 1.0301038812179815 1.013349108545191
2421 19.75942906264223 1.2302391941276654 0.00459059050620641 0.0687607853321789 1.1058003104236296 0.8395246776245388
2422 19.55127036980638 1.2561006129463381 0.004192415907424647 0.05762995255683772 1.1435599757476786 0.8896914710915693
1423 20.356190073740873 1.274995211807504 0.0064738816057512355 0.11527895641352753 1.0560944728584472 -99.0
1424 20.438005636041492 1.3925771608268689 0.006853559113247466 0.12385910042959783 1.0480230275338702 -99.0
1425 19.556317262473588 1.676004098236792 0.004200942017976675 0.05787563987550144 1.197403949821004 -99.0
1426 18.426049526105786 1.6605732624609484 0.0031516014592128175 0.02342371996739631 1.2117426783024297 -99.0
1427 20.554569440987976 1.2108796546078144 0.007462982531524268 0.13724096735449837 1.0357814573439343 -99.0
2428 19.1769525906456 1.3208720782398577 0.0036843416635703712 0.04222184097130679 1.1778481181172895 0.8824961484637427
2429 17.629953905537796 1.7368697418299701 0.0029270482802382604 0.013540123804369206 1.216482229962047 1.0470688742983354
2430 20.510517414358542 1.2028351306177258 0.007222613236994917 0.13201616789918558 1.0117328732437654 0.7748655809844616
1431 20.365287413677688 1.1999730663648551 0.006514284091170435 0.11620175755228687 1.0546241634986384 -99.0
1432 19.812454580167103 1.0754185552568005 0.004708907024810104 0.07194945799005795 1.1295544154286221 -99.0
2433 16.684562498705915 1.8704961792132326 0.0028316275582884257 0.008177549083604747 1.2210346594866937 1.0034231961991968
2434 19.7209603621734 1.283106079115276 0.004509338108828049 0.06654188739187218 1.107210267422379 0.877155535025228
2435 18.808541582947836 1.4694214113826776 0.003363917337270228 0.03140637602614011 1.2018410157446207 1.158144631487443
2436 20.347385081006802 1.1732541683848305 0.006435194502615244 0.11439305396319156 1.0207362149384447 0.8627523163236613
2437 20.30718402961888 1.4164219656166477 0.006263653351912951 0.11043723960662837 1.0230467201262832 0.897660184696269
2438 20.119250258226227 1.2699131528816605 0.0055627251747351805 0.0937479248296658 1.0456469312957226 0.8596890993819569
2439 20.158940548773 1.3195449430130057 0.005697907487339346 0.09703891237472863 1.0448600059761515 0.8863787470771929
1440 20.78089200590933 1.3852846628582947 0.00891925532632138 0.16764867319008217 1.0002428182574055 -99.0
1441 19.819655284589977 1.1986047342337194 0.004725561400783835 0.07239445464088236 1.1297188816935049 -99.0
1442 19.877261500990286 1.2647880713930355 0.004864097678700738 0.07606138830177779 1.120065453502509 -99.0
2443 19.55303283601439 1.216494666813626 0.004195387524499325 0.05771562285466454 1.120411836814051 0.9877439324509885
2444 19.13029900422809 1.235805295913297 0.0036355321958957605 0.04064363214179574 1.166310714538695 1.0675132569082448
2445 20.33151237208256 1.4418140001004467 0.0063664759136049884 0.11281386053086731 1.0037847981955008 0.9579391101714944
2446 19.54584473080883 1.262581802504923 0.004183307257084271 0.057367082747353734 1.131088130121216 0.9999191296210175
2447 19.721508860524263 1.4053477789007118 0.00451047051627085 0.06657298246636448 1.1073378443997164 0.8889433936873147
1448 19.979487700712305 1.2074147364193304 0.005134750881667323 0.0830610754782628 1.104704261350639 -99.0
2449 19.481936519760044 1.2220454769656541 0.004080356001363441 0.05436647057985278 1.1488583684012228 0.8894819817390189
2450 20.166698887683857 1.2915186893489163 0.005725091037545404 0.09769620958985849 1.0394795327907127 0.8211550444814718
1451 20.54566406885437 1.2168849588918784 0.007413362352154178 0.1361677903168067 1.0371343362004144 -99.0
2452 20.31868726685619 1.3900332557019746 0.006311897905774938 0.11155442926960385 0.9973531516720504 0.9286392577618156
1453 20.224872851335146 1.131794019010313 0.005937171696056905 0.10277542731482561 1.0744294053026642 -99.0
2454 19.916138830906867 1.1759467915339907 0.004963144058630103 0.07864700416380052 1.0620938953632073 1.0059277606695156
2455 19.69267159356182 1.232773439056578 0.004451931517465925 0.06495901714642142 1.0697039672795137 0.9593331521097267
2456 19.836915751058385 1.263711052884152 0.004766072547319006 0.07347307951560375 1.0737309716651253 0.8216856397619657
2457 20.340943547410077 1.4611621816559535 0.006407149208481617 0.11374942794831945 1.0162695206513854 0.8202070430379441
2458 19.61503087838745 1.2316974611009335 0.004304013462667373 0.060818333456299445 1.1302009518889196 0.9083738453377984
2459 19.7240136458245 1.2633533697674253 0.004515651261012602 0.06671517934598221 1.0871641394377765 0.9319509188568763
1460 20.697081967336153 0.9621971816375048 0.008333479929846541 0.15565245448281803 1.0092131831946 -99.0
2461 19.19761587207872 1.3113343659067076 0.003706846803222657 0.042942535780429926 1.1578237753880323 1.0466730799017583
1462 20.244434773796026 1.128321030767673 0.006011872412016937 0.10454468857924085 1.0700882065737336 -99.0
2463 20.35271439670551 1.2386955679288452 0.006458561524980748 0.11492840786337179 1.0183208285122194 0.837022928781186
2464 19.363564281965093 1.3788160500750097 0.003909286642684919 0.049249168180233456 1.187785946109805 0.9338031364024159
2465 19.412931369322738 1.3301627947107937 0.003977695370159718 0.05131656087777739 1.135355662512311 0.8757935681355896
2466 19.202103887951473 1.2875004902923506 0.0037118089314162554 0.04310086796073681 1.157311488885684 1.0322167721240114
2467 19.726819343731446 1.2409870870172897 0.004521472881238212 0.0668748443043671 1.1070659628013981 0.8638220754002337
1468 19.617048564458347 1.5289615876780562 0.004307685944658804 0.06092227905222605 1.1908540275932582 -99.0
2469 20.10464993738376 1.2419724417585776 0.0055145922896812725 0.09256690142539274 1.029326801177098 0.9765073631783794
2470 20.337542364252748 1.347828477343996 0.006392428120079077 0.11341110660706803 1.0165190349922704 0.8222524720677513
1471 20.521721429223504 1.2039568088448729 0.007282550379755115 0.13332523193292758 1.0402026944737237 -99.0
1472 20.577105719425482 1.426138355839835 0.007590943468521654 0.13999595347728266 1.0341860500851723 -99.0
2473 18.913285071914824 1.5211783993875663 0.00344113346902088 0.03412208842276555 1.2001950985165424 1.1762400032653124
2474 19.458584692527914 1.3070113244839772 0.0040446609465745985 0.053312854726219154 1.1253105366793126 1.075738886410322
2475 19.032211101172457 1.3285945323595045 0.003541390689647278 0.03753612753720472 1.172537522519928 1.1534753461531695
2476 16.803477921583053 1.7216533694706446 0.002838573214012499 0.00862694703502316 1.2264883026563802 1.1795282779365224
2477 19.551707035729603 1.2925828090029987 0.00419315156622984 0.05765116529910451 1.0971878802048514 0.9944772528022497
1478 20.298290752426883 1.3340050655547981 0.006226807922191389 0.1095815063646604 1.0633584998797707 -99.0
2479 18.767498613531572 1.6569164013525302 0.0033362058179748216 0.030410843640214305 1.207273060399594 0.9328665704476263
2480 19.166023065548384 1.273506044026909 0.003672661240139506 0.04184608366846701 1.1684328742554728 1.1089724592447538
2481 18.608188405965404 1.5451902454175612 0.00324066934659632 0.026880361514751448 1.2065310134620668 1.0430915807105765
1482 19.522685169108414 1.3148663028353307 0.004145085402577231 0.056259488841679854 1.1708543910354219 -99.0
2483 19.978924104206055 1.186352584034609 0.005133166025117352 0.08302067260095142 1.0562880633599743 0.7907177324567869
2484 19.175942923900525 1.2820288328227551 0.0036832562071745473 0.04218697175814018 1.1665074903959098 1.045594302433133
1485 19.511552299589543 1.3244642648220835 0.004127085981857908 0.055735313633698616 1.1757175549286483 -99.0
2486 19.439088102107828 1.2536532851759867 0.004015614240599556 0.05245016893417395 1.1362350436596171 0.8956055008893262
2487 19.619749844253487 1.3394107379875146 0.004312616582609355 0.061061740566892383 1.095013190930503 0.8614098419026648
1488 20.770848635176087 1.4235632936270373 0.008845918649496215 0.16616240490139395 1.0017374390865115 -99.0
2489 18.898102496463913 1.5585170462016036 0.003429331838186909 0.033712229254857805 1.2035922371830576 1.0840513707660544
1490 20.163636173894098 1.12723262266674 0.00571432975997456 0.09743617785799209 1.089680809106019 -99.0
2491 19.96378576539995 1.3184712796411815 0.0050909942552151855 0.08194315683312886 1.0609406440942628 0.922257980033314
2492 20.363847598147963 1.3775707219202948 0.006507860319371691 0.11605519867274504 1.0186003304952407 0.8393141857403363
2493 20.10245428216121 1.2544108059380097 0.005507426407312852 0.09239064742713816 1.0422203267675796 0.8772054845885037
2494 19.0658446302602 1.2434046095204285 0.0035724329589339725 0.03857057454535221 1.1564255061901332 1.0980651701567932
2495 19.34873954920721 1.2347063584560765 0.003889521164691312 0.04864625103322945 1.1602472394049501 0.8975059919371646
2496 19.402864543702748 1.2339889592366082 0.003963415385832392 0.05088741291941553 1.1352457094526014 0.883777391990572
2497 20.450969374053596 1.2315511575014066 0.0069172080934220915 0.12527820833363587 1.0083721351553596 0.8240893817329383
2498 17.151319474898337 1.7644451041097644 0.002865614506748971 0.01025843580820143 1.2188050504697054 1.204329977911564
2499 19.187781349928606 1.3949178019254886 0.003696066186139848 0.04259783702954459 1.1885953505164661 0.9799451676746642
1500 20.212245450710608 1.3104153264648586 0.005889873007252015 0.1016499626937646 1.0799057257520193 -99.0
2501 19.491146222856646 1.3453332586076934 0.004094710563912191 0.05478819902732008 1.1488486893372976 0.8901985455019673
2502 18.37469654406531 1.6391203557048035 0.003129806224668421 0.02254826807435393 1.2105520730144343 0.9728686325245338
2503 20.094316222874472 1.3312141693864916 0.0054810302795399906 0.09174043523180418 1.0447158556068585 0.989209907487475
1504 20.21441865658531 1.3779096043674046 0.005897962343870496 0.10184273788765613 1.080336236293028 -99.0
2505 19.180178687437515 1.2357928346503664 0.0036878187354535317 0.042333470330326924 1.1610012421866371 0.902444645237213
2506 20.26638141360123 1.3074760897572213 0.006097789593550588 0.10656747595363272 1.0239224727132539 0.9171764709910848
2507 20.276110744057554 1.1644257545626082 0.0061366067454113864 0.10747721564919109 1.0236049497958832 0.9077010788578799
2508 19.610221794264934 1.2773732946189302 0.0042952959349600705 0.060571350784007306 1.1293072966600817 0.8971523396634524
2509 16.846100178092673 1.7311783345562983 0.0028413135689358744 0.008800230676447862 1.223975721111023 0.9079856860357669
2510 20.44202703979713 1.3103312523245274 0.006873197647931165 0.12429752406887959 1.0081001354282413 0.828580933337312
2511 19.472009478711456 1.2514964740081125 0.004065059675465161 0.053915833726459104 1.1320465507160888 1.0604621717644462
1512 17.532177511666582 1.7760162083317474 0.00291148813966296 0.012748925024964105 1.2172100591591077 -99.0
2513 20.06582806690472 1.3331478318454804 0.0053906285473713424 0.08950184799964943 1.055518779778883 0.8535482635251392
2514 20.27653364988299 1.5044183183382818 0.0061383042950265854 0.1075169423117704 1.034998116676079 0.8681052410538472
2515 20.302967755073055 1.1761367654752575 0.006246136116980831 0.11003067599117491 1.0053500980112895 0.8760611048751857
2516 19.811713118160288 1.1850729990997306 0.004707200253907964 0.0719038016739159 1.0783961801060824 0.9738231013517413
2517 19.99074878954176 1.1932068305571377 0.005166642817455089 0.0838727133863959 1.041210283640878 0.9778610784616973
2518 19.214703046104823 1.2586259845969079 0.003725882460539471 0.043548822653833336 1.167359506038775 0.8630595005538572
2519 19.03344081580936 1.2900681586846352 0.0035425037736847194 0.03757339429852046 1.1562556402222504 1.117911500028223
1520 20.249019555237872 1.3062810388369759 0.006029634864359274 0.10496392981403173 1.0713576792448596 -99.0
2521 19.451831705297888 1.2335281589865366 0.004034523233003276 0.05301231459266338 1.1253564306135366 1.0775960325988139
2522 19.549718037368866 1.2310477220970404 0.004189803778568375 0.05755461017590943 1.1310113929069199 0.9920008446111968
1523 19.557494745774637 1.2561218511196752 0.004202938658833391 0.057933123313253884 1.1634865111626667 -99.0
1524 16.302213804978862 1.9563864504875956 0.0028149558593470016 0.0070219685048616715 1.2218645671143842 -99.0
2525 19.87874386430882 1.2695060394412785 0.004867790271320114 0.07615830799157995 1.0629899572453403 0.9620472985645969
1526 20.47551554692948 1.2414522636709762 0.007040465329712781 0.1280114988192592 1.044514827821579 -99.0
2527 19.663256409979027 1.2651318744872113 0.0043942664988078466 0.0633557568884862 1.0942125133464782 0.8516258901234491
2528 19.414556783285562 1.2691487336022014 0.0039800172391227275 0.05138622142614851 1.1543176764315526 0.9489632738659938
1529 19.66714274042153 1.3144561496760754 0.004401769216247501 0.06356512766736032 1.1509895103706422 -99.0
1530 20.260128517512086 1.3090833006109828 0.006073080115128727 0.10598703615872683 1.0688552423459508 -99.0
2531 19.140346628577934 1.3354594368216621 0.003645814903826912 0.040977888745678044 1.183138448737854 1.0805000907601237
2532 19.940568041356194 1.3024705479127425 0.005027782905551774 0.08031913367993403 1.0842090139729506 0.8938746190727513
2533 19.959222936130157 1.4100594018905968 0.005078432560501015 0.08162128392720318 1.0653521075234826 0.9365587910264541
2534 20.328419461411553 1.349341256038599 0.006353237029019585 0.11250878930629704 1.003539998277074 0.9707441516180633
2535 20.3078390299263 1.2471798206944595 0.006266382610726862 0.11050053953556503 1.0054341880652118 0.8726039192514911
1536 19.58049249484438 1.5185723149150623 0.004242505564625551 0.059068283572279376 1.1962612213870598 -99.0
1537 19.936946026765785 1.323515998908121 0.005018079346174215 0.08006886152730776 1.1112819083642205 -99.0
1538 16.391669207337568 1.9395309754051901 0.002818201987420537 0.007257482500166667 1.2217022372498625 -99.0
2539 19.404528761585265 1.3695467738585645 0.003965764246907739 0.050958087497509366 1.1847862661285529 0.8593203116993934
1540 19.870058975338974 1.2664434066815324 0.0048462490875460385 0.0755923296416517 1.1213918309115238 -99.0
2541 17.692039250462834 1.6981184626638735 0.002937917535643699 0.014080301864618453 1.2160959998811132 1.0219663641403507
2542 19.209836563408643 1.2600491281297355 0.0037204213068474127 0.04337518921639785 1.1580607633760382 1.011418088007418
2543 20.410802901944674 1.3212852891020552 0.006723169951077217 0.12093514226376066 0.9979069652095487 0.8322261159073958
2544 19.978816135694043 1.4219342150453118 0.005132862535314142 0.0830129349623393 1.0436087841815411 1.0095318321087896
2545 19.445244214973037 1.2284740856728065 0.004024712663368292 0.052720913612649696 1.12783231698431 1.0286426559367978
1546 19.625673097958458 1.1650190275667345 0.004323484286613107 0.06136874835287692 1.1543688439865294 -99.0
2547 19.189396984788427 1.3883570316842555 0.003697828541303106 0.042654253324238146 1.181414943581714 0.8489779289600276
2548 20.321890820245997 1.3062853412498514 0.006325452364630379 0.1118676441523288 1.0040161241997456 0.9458388648321141
2549 19.089025584954914 1.3275309107998596 0.003594567682782104 0.03930218902742172 1.1766671425353912 1.1049460024964621
2550 19.858168261697674 1.288063149795812 0.004817117556580538 0.074824650721162 1.0822871341802678 1.0031283513246154
2551 19.439598545798656 1.2263028647521692 0.004016366102347682 0.052472560542793124 1.126240015433635 1.080277835724807
2552 20.5259394928303 1.3451010360553832 0.007305324620032008 0.13382153328076202 0.9988534366965567 0.7134265243702571
2553 19.128114501233306 1.3567365489535035 0.0036333129126307783 0.04057136326979326 1.1832495625374826 1.0704983738893634
2554 20.356072796928224 1.2135963443191478 0.006473363632913838 0.11526711007313413 1.036396644406976 0.7948108226627868
1555 20.233669040201338 1.3689399435853233 0.005970545040705799 0.10356709618921138 1.0755048730264034 -99.0
1556 20.425807301362145 1.087888150592632 0.006794563908883669 0.12253897711061489 1.0475178904875586 -99.0
2557 19.729010944511767 1.1983703824882705 0.004526033923575674 0.06699984641683576 1.069276809729464 0.9117479806591761
1558 20.077752939867096 1.1336546763942792 0.005428094843703631 0.0904318443366901 1.0962816758159215 -99.0
2559 19.71861947029018 1.1854157651092592 0.004504513552712198 0.06640935351826685 1.0916308293909762 0.8615829780820151
2560 19.595711526964962 1.213891053241071 0.004269295155532294 0.059832654913964854 1.1304249851678587 0.9314911733591388
1561 19.517037883225353 1.3280121522210455 0.004135924978742199 0.055992930999593626 1.1826080271183441 -99.0
2562 19.847167334310647 1.2243662235772401 0.004790532955487145 0.07412177539263745 1.0735248426115698 0.8337637159479279
2563 19.87048752442477 1.268665629328402 0.004847306772871536 0.07562015263819091 1.0641900966312854 0.9274423269392714
1564 20.22899522445718 1.1194571557342792 0.005952768488051912 0.10314565771483793 1.073373240885908 -99.0
2565 20.053163535252324 1.2535831201461927 0.005351419976008753 0.08852515271650128 1.0386362098003512 0.9343664821195884
2566 19.261584676848415 1.264399176993887 0.003780155958651254 0.04526150421232377 1.15877441839758 0.9194694891293461
2567 20.070169335948016 1.1629662357337418 0.005404206304664462 0.08983924727202194 1.038806722433916 0.9114761060691885
1568 19.95334455398425 1.2948404358631882 0.005062349952476368 0.0812085734483244 1.1086495652786135 -99.0
2569 19.6452083398059 1.2722781771869118 0.004359878043721343 0.06239308456163944 1.1024935537032465 0.9634178252881954
2570 19.22155303215028 1.3349530539018357 0.0037336236358864088 0.04379453267939269 1.1607056179010846 0.8905403345515409
2571 19.859926882363197 1.2850835947479367 0.0048213999706776135 0.07493766677445868 1.041703726300289 1.0175638165359513
2572 19.35145381023164 1.2210597161379229 0.003893113829225487 0.04875603190897063 1.138975214654047 1.1196321059657937
2573 19.71724401119071 1.3228827346672714 0.004501685047467594 0.06633161093383569 1.0773732848900406 1.0676260194328264
2574 16.83333435486273 1.7511917480944383 0.0028404780779052196 0.008747623679238616 1.224078664188113 1.0263572507250216
1575 16.117791861587058 1.99625873001481 0.0028092671684051954 0.006592920406468944 1.2221678697958707 -99.0
2576 19.36432260902001 1.201056758326696 0.003910307169427993 0.04928022825966245 1.1387570567753131 1.0950605629948416
1577 20.246741994922633 1.3369079278309242 0.006020798901908813 0.10475544673620853 1.0722398236113828 -99.0
2578 19.768090637177483 1.213663594802867 0.004609407377364693 0.06927119219159925 1.0670633217939685 0.9371069911741691
2579 19.25853404659018 1.2480467651872895 0.0037765308744301656 0.045147822711758455 1.1588188323274675 0.9311185127947775
2580 20.47748237884563 1.2560979974276258 0.007050499379516062 0.12823316431367426 1.0134967385024956 0.7756753306271776
2581 19.3284995906695 1.5019641368568788 0.0038630961746382387 0.04783611868677232 1.1908910907839951 1.0505362167533796
2582 19.405108173085434 1.3718818739934042 0.003966583122170702 0.05098271857201029 1.1347955743850726 0.9329935035220926
1583 20.782893342560325 1.4147115687967118 0.008933974795176203 0.16794646717670578 1.0001872433784524 -99.0
1584 20.27101197034822 1.0311375714865931 0.006116207737151868 0.10699945134799911 1.0645445681036203 -99.0
1585 20.647595963921596 1.1746590529433971 0.008014231318929522 0.14898701615018442 1.0205052899760423 -99.0
2586 20.153615813323 1.4312526759337398 0.005679396405955622 0.09659047070653813 1.0541736708577494 0.8898660150535066
1587 20.644171089057586 1.3619093731483058 0.00799282873546678 0.1485367164470386 1.0230404579585466 -99.0
2588 16.85155091075955 1.7218225143621577 0.002841674216024219 0.00882287953759825 1.227406423921335 0.9216166638412657
2589 19.198271039276893 1.394879035907683 0.003707569520310714 0.04296560906673098 1.1828719114802484 1.0334692314884828
1590 20.297823254485227 1.31460468757839 0.006224881884604409 0.1095367138117501 1.0632830094255983 -99.0
2591 19.646743751019805 1.385016806372459 0.004362774742533569 0.062474368624138944 1.1160941324428193 0.8356611035960878
2592 19.65897883060493 1.2484387090781497 0.004386048735449802 0.0631261623056852 1.1213722898251512 0.8988510091613373
2593 17.129432067360494 1.7552190004050814 0.0028635610041027747 0.010139862283074555 1.2188329137734069 1.209460556147052
2594 19.023310556241903 1.3401805129856035 0.0035333829970488565 0.03726763403904198 1.1906319140236465 1.1047842080718013
1595 20.07103656683328 1.276967080530123 0.00540692712780815 0.08990680746442459 1.0980382591000457 -99.0
2596 20.341848324260283 1.3467081921302309 0.006411075396218585 0.11383960403050289 1.0168880962371791 0.8252779037180358
2597 20.04205676294389 1.3183408408698702 0.005317520265785948 0.08767780610118239 1.0557449065444395 0.8350795673019176
2598 20.072120064477435 1.30708910292976 0.005410330433300544 0.08999129049761137 1.050449227128067 0.9204927409639677
1599 20.001055972863142 1.137228814522617 0.005196212711660854 0.08462292292145689 1.103658102194892 -99.0
2600 16.83837237738096 1.7191398012739285 0.0028408062786277 0.008768312038739293 1.2268583864576847 0.8953446435917518
2601 19.836296021278635 1.2360022001356574 0.004764603469417518 0.07343405807530615 1.0999537314809937 0.9002051154841134
2602 19.487823535584663 1.2985895444074842 0.0040895134400136665 0.054635639741276616 1.1489210252147113 0.884843351144732
2603 19.06085527211692 1.2771193415202107 0.0035677486320124436 0.03841511308054854 1.164840479837372 1.1489922474970389
2604 19.69362447766723 1.2201144585261925 0.004453833721554549 0.06501167449713799 1.107591590657813 0.9123890426508076
1605 15.694745613652264 2.10871950925355 0.0028001188414439426 0.005842611699967536 1.2227171457490855 -99.0
2606 18.843226791491546 1.5149606391243964 0.0033884220673074984 0.03227716776280775 1.2037054647992174 1.1212066570372217
1607 19.585629132843234 1.250802459951548 0.004251492886503146 0.05932508734967199 1.1599190269827864 -99.0
2608 19.77169842119313 1.2553200824276964 0.004617302896455107 0.06948498010386821 1.1053141896283303 0.8349346427292529
1609 20.27934324609583 1.4300697016683068 0.006149603910819137 0.1077812568428865 1.0664447333880154 -99.0
1610 20.53306906937701 1.3469776964624938 0.00734408132406436 0.13466474835029735 1.0397076061981736 -99.0
1611 19.522879887934455 1.4236419069880224 0.004145402361066654 0.056268704222370305 1.182145452681862 -99.0
2612 16.492467197416616 1.8124542725578812 0.002822301677132186 0.007546870221153856 1.230003365902554 0.931424814917561
1613 20.359767630764114 1.4014184012134328 0.006489717505273964 0.11564093989065298 1.0564825861610747 -99.0
2614 19.594048292865008 1.3870579013719169 0.004266343590969463 0.05974860343711874 1.113397464362233 0.8646429792767099
1615 19.526886217558484 1.272964861346861 0.00415194019994196 0.056458672987734285 1.168984195483939 -99.0
2616 20.50515715000205 1.3851076479529212 0.00719422112084633 0.1313945842310102 1.0014684130902722 0.8012928056176453
1617 19.992367251854997 1.234710491875785 0.005171261836737155 0.08399004825909655 1.1042503416353433 -99.0
1618 19.754874089311215 1.2801319165104352 0.004580773084852955 0.06849398051398664 1.1421872226928698 -99.0
2619 19.38934525809488 1.2937810670516785 0.003944506915181873 0.050317235673462274 1.1342781932622235 0.9895620512387612
2620 19.536770820269755 1.2724965256358165 0.004168205491049799 0.05693034510635497 1.0970984351976745 1.005189369817288
2621 17.773937236322627 1.6946118528104355 0.002953549277174697 0.014841168616973838 1.2156090560774782 0.9108658231561675
1622 19.92399994262913 1.2118722696700424 0.004983738260402692 0.07918103127415826 1.1121401242058475 -99.0
2623 19.071928470179408 1.2566403181761048 0.003578182864315169 0.038761095880465626 1.1564479348372991 1.0954447139478578
2624 18.370047290385696 1.6179571526940009 0.0031278983699532014 0.022471009428577722 1.2105574328896007 0.9697018154238732
1625 16.878516929140968 1.7399746545812862 0.0028434934724929617 0.008936595883008842 1.2271338386451602 -99.0
1626 20.30257730473894 1.2927155374805717 0.006244518395227526 0.10999310479048235 1.062563863812596 -99.0
2627 19.219947972737604 1.356762501319482 0.003731804055022662 0.043736821518901584 1.1672288614562671 0.8930131806736297
1628 19.54021286127375 1.2138618989051537 0.004173914787986006 0.05709559017321599 1.1655627340162271 -99.0
2629 19.303410255520635 1.36589439757241 0.003831216774986119 0.04685237103129583 1.1820310905116127 0.8636247539796142
1630 20.73885927725316 1.5295100336659344 0.008618126535435238 0.16151796631156326 1.0071555990915837 -99.0
