# Binary systems ID's begin with a '2'
ID Gmag (G_BPmag-G_RPmag) e_Gmag e_(G_BPmag-G_RPmag) M_ini1 M_ini2
10 18.33118642227639 0.779198024702306 0.003006661814872663 0.018664495588236456 1.074793611083083 -99.0
21 17.675329945453154 0.8076079366412287 0.0028847806179356735 0.012080363639474017 1.0975941012997845 0.9947618912235571
22 17.928958889123503 0.788697191889635 0.0029218502216006546 0.014196672295879035 1.069057572754845 0.9828620546509705
23 15.416408027824822 1.3236523839887047 0.0027794120661676007 0.004663664132805829 1.1648562906669637 1.0997343068078538
24 17.63163311001283 0.8037535188871394 0.002879376669901807 0.0117602832357254 1.1107470525925172 0.8898489646146504
25 18.38745355003676 0.8007340233798157 0.003021815822003576 0.019422516864932623 1.0011431424857933 0.8637341285508701
16 17.88946481630632 0.998595042161292 0.0029153752271093556 0.013835925067865122 1.1417834078502487 -99.0
27 15.555598911808852 1.3376076062469022 0.002780991059024241 0.004820745180521369 1.164478830376468 0.8468878672270345
28 17.91903556532444 0.8161960557361088 0.0029201966906383867 0.014104870496100074 1.0692283913070206 1.0036644387858342
29 18.195101468420578 0.829005986901614 0.0029736729364952205 0.016976428047259344 1.0336045343320912 0.9451052185800002
210 17.258349780002423 1.0892606631888602 0.0028424376621518357 0.009466557636099075 1.1517252735261432 1.0532929196109293
211 17.469042807453263 0.86008500742639 0.0028614084153307574 0.010669926780001738 1.1314454134775775 0.8926722609180883
112 16.384585022467935 1.2414918979446155 0.0027975756687315823 0.006271178104475075 1.1611582521765835 -99.0
213 15.064158880136263 1.255043085112516 0.002776348278576691 0.004341067885794925 1.174154608984874 0.9030576794990122
214 18.081766096984985 0.8075093365727813 0.002949735266604693 0.01571425740753436 1.0509706823128715 1.0355692232939042
215 17.089052811467834 1.1736354703516492 0.002830085000472846 0.008646278463750438 1.1550334943293623 0.8745801975930904
216 17.414436430230083 0.800551726562142 0.0028560610781796477 0.010336738013251136 1.122770331505486 1.0416217093984057
217 18.133396132130887 0.845767406018199 0.0029602699486130928 0.016273953047053553 1.0805270937255134 0.7848933978738057
118 17.785112342863716 0.8856681685139643 0.0028995636324132663 0.012939864370395755 1.1337852079793829 -99.0
119 18.006665013782793 0.7734589430141322 0.0029354434098726803 0.01494338643146514 1.107256592563889 -99.0
220 18.1684832843634 0.8216446684728148 0.002967779213401599 0.016668803190100955 1.033374157442849 0.9498557397123877
121 18.192014377728132 0.7818125232712438 0.0029729805013006287 0.01694038731842512 1.0891938730822233 -99.0
222 17.578441180615442 0.8180060032947296 0.0028731403263219896 0.011386597346265076 1.1197153875975814 0.8422538967556368
223 17.43603784981013 0.8633611163421169 0.0028581379950502646 0.010466667886363778 1.1311289057144098 0.9376458987497976
124 17.787872412824104 0.9033664766248566 0.0028999588446589936 0.012962540340817825 1.1335028659502322 -99.0
225 18.31146331690131 0.862141580961673 0.0030015685840903594 0.018407384316677274 1.01265386084628 0.8951884385534669
226 18.13193095688842 0.7841028382932748 0.0029599626500920045 0.016257723517955572 1.0419633583703773 0.9754967437190196
227 17.866542389858367 0.8152913484930967 0.0029117444336302185 0.013632118321569511 1.088476706691228 0.8629283176486297
228 15.118224335543797 1.2636557357907352 0.0027767448081515186 0.0043844395731967075 1.170663050596308 1.099414842702147
229 15.148572631535497 1.2709677718358265 0.0027769779693852374 0.004409686937101743 1.1693987353358704 0.8638601550359015
230 17.81122621812331 0.8031896398416106 0.0029033514393339696 0.013156586658601551 1.0887877558737324 0.8828670620821586
231 18.270783225253645 0.822634652521651 0.002991406890728926 0.0178907026978136 1.0154929235693178 0.8892738382089254
232 17.708715338193514 0.7869427244945598 0.0028890884148726217 0.012333178699864717 1.0925407889900132 0.8599225666059055
233 17.960375105820738 0.7799384648840751 0.002927206043387745 0.014492547424153429 1.078892925863926 1.0010703593773302
234 17.6142803664792 1.0201824222737077 0.002877301864132348 0.011636485526307274 1.1430952257341203 1.0441562479501918
235 17.934348117904698 0.7958469825904723 0.0029227558424155978 0.014246859136606982 1.0780984889505192 0.9978357565791497
236 17.7631233648463 0.819766920449353 0.002896457639967373 0.012761125765658595 1.0890939324207267 0.9024934628748101
237 18.13167210413899 0.829673168637105 0.002959908411192656 0.01625485837725083 1.0836354295636335 0.7962691007096075
138 18.563852963331307 0.7879040528964623 0.0030759024106322454 0.022052245252794644 1.0469958840207203 -99.0
239 17.76469355788852 0.8042680426423823 0.002896676945277524 0.012773776992520053 1.09012527827021 0.920454110063833
240 17.50203866740528 0.801321600427791 0.0028647990871179586 0.01087900116215258 1.1145413934868675 1.0249202472234682
241 18.281449590958786 0.835323144687757 0.0029940273706760487 0.01802442723253833 1.0144447218643644 0.8929481939444033
242 15.638566511248863 1.2746123768008728 0.0027820542038346613 0.004923758618652718 1.1637950845328506 1.0424463611548853
243 17.437721605112774 0.8301665057856579 0.002858301971143854 0.010476897611162972 1.1236396338244576 1.0463295898024856
244 17.839098544691048 0.8306353392505385 0.0029075164604107613 0.013393356165821095 1.0886584410269313 0.8745777759278974
245 18.643477953212873 0.8810432738082743 0.003103982236911349 0.023376945567871493 0.975880247976707 0.8838461019334669
146 17.895501542261673 0.825429971037258 0.002916346776912324 0.013890272728515896 1.1196500345322407 -99.0
147 17.869173592850974 1.1092863366353791 0.002912156555611429 0.013655308388575671 1.1461486517750954 -99.0
148 17.097582339517 1.1984775145542812 0.0028306537442845483 0.00868480130766245 1.1561067833253902 -99.0
249 18.33076517199903 0.8357563643759304 0.0030065518710178517 0.0186589582804751 1.0348279103444236 0.9198784103764626
250 18.070689952890007 0.8252743805000587 0.00294755234296431 0.015597401586604819 1.0523507653219402 0.9999009027395297
251 17.806106254508272 0.8024273747582649 0.0029026001705843908 0.013113709566541558 1.0908131253081486 0.9221389137366678
252 18.61374782889041 0.907861933430073 0.003093208470133836 0.022871652242615 0.9809572949689482 0.8454223319600559
253 18.169024945249674 0.8259303171193713 0.0029678974304071493 0.016674992941703375 1.0442164307904407 0.8519505760282229
254 17.712190644545306 0.8103596103384176 0.0028895460219888693 0.012359916996903348 1.092330957357285 0.8659433828585711
255 17.97105717434855 0.805682115772179 0.002929069793019105 0.014594991994758036 1.0686348418029608 0.9313816297510258
256 17.520734799025856 0.7864147221471466 0.0028667757741025943 0.011000136863327558 1.107391057395275 1.0859207854278976
257 18.69966221352581 0.8747398420257227 0.003125332594029405 0.02436799584680299 0.9984542886973514 0.7693440956990212
258 17.301123945767493 1.0640984277490517 0.0028459409591060298 0.009693482639486545 1.1482055064674517 1.043855040454872
259 18.572155293759167 0.8704756272507216 0.0030787164554605985 0.02218615592891769 0.9784678811806001 0.9224413530555957
260 18.6496359609916 0.8823292723413302 0.0031062583027005254 0.02348323802104706 0.9980946612670285 0.7946378765361789
261 17.623257825340424 0.802585861059791 0.0028783703103337733 0.011700300864114548 1.1086806145127568 0.9498930147961373
262 18.84632916656229 0.9227471419775352 0.003187719447397874 0.027193412889466806 0.955719457266823 0.8225875763471725
263 18.8819330241961 0.91746979288254 0.0032044477531392025 0.02793496001839923 0.9736484482469597 0.7895945827079337
164 18.226451201612303 0.7892433753694272 0.0029808398122331955 0.017347916984988446 1.0861351482329964 -99.0
265 18.128802623314257 0.838601338782411 0.0029593081882300196 0.016223140052326463 1.0421135765589395 0.9738590527837481
266 18.26619468896571 0.8232199465554476 0.0029902890390825377 0.017833553753545412 1.0153688297303787 0.8917921982283056
267 17.32950649539843 1.0257087830986482 0.002848358426555402 0.00984874844079073 1.1470142262437035 1.099335849933152
268 18.115149495308973 0.8300565293503304 0.0029564781681635 0.016073294267264986 1.0839343993541097 0.8038941453541817
169 17.9858219975619 0.80340868476172 0.0029316822866878697 0.014738155700035265 1.1103721528348398 -99.0
270 18.618073708099594 0.9281819829366196 0.0030947542367114338 0.022944371236629013 0.977118847519935 0.8846723359527957
271 17.68363182347908 0.9704498040265613 0.002885837062177222 0.01214255171555858 1.1386653397034927 0.8278277471895741
172 18.276272119191635 0.7629915423785653 0.002992751536154529 0.017959363344062618 1.0804103083977328 -99.0
173 18.14133541738262 0.7501046988862875 0.002961943755156989 0.016362253172155276 1.0938930510285392 -99.0
274 18.300440144915942 0.8253530153599284 0.0029987698767912374 0.018265581190474344 1.0280937509608195 0.8690926236193867
275 18.94128421581409 0.8728046641362858 0.0032338356224621643 0.02922291191849782 0.9654354042503461 0.7182043667240697
176 18.706589028895905 0.8087282801577996 0.003128057589401753 0.024493541614304136 1.0297200766154875 -99.0
277 19.394969186091284 0.9692888769682518 0.0035349733986091226 0.0415855370999989 0.8869756529401391 0.7279545009865819
278 18.004352881009833 0.8168234411652713 0.0029350219104453006 0.01492043751497288 1.082865375789476 0.8259575182053113
279 17.160070656118517 1.0997869583832798 0.0028349876345047597 0.008975843000051423 1.1528002935186519 0.8915815629340813
280 17.431903411095902 1.0722186891211598 0.0028577366430434306 0.010441611918719068 1.1481425268636833 1.0614534147994417
281 18.561443152176604 0.846897553508948 0.0030750904258003415 0.02201355607543817 1.0067295006176276 0.8425063975831626
182 19.504004765931665 0.8112597330531663 0.003632708092540249 0.045350736059245444 0.922876622062293 -99.0
